,image_id,focal_length_x,focal_length_y,principle_point_x,principle_point_y,pose_x,pose_y,pose_yaw,pose_pitch,pose_roll,pose_z,horizontal_fov,vertical_fov
26,000026,1866.254649589019,1866.254649589019,1919.254029415608,1919.254029415608,2.023073685447837,-0.001729120249509546,-1.5676469090071028,0.013673190861190706,-1.5633595192911118,1.129930671152837,120.0310462140434,66.95362481129119
62,000062,1866.254649589019,1866.254649589019,1919.254029415608,1919.254029415608,2.023073685447837,-0.001729120249509546,-1.5676469090071028,0.013673190861190706,-1.5633595192911118,1.129930671152837,120.0310462140434,66.95362481129119
69,000069,1866.254649589019,1866.254649589019,1919.254029415608,1919.254029415608,2.023073685447837,-0.001729120249509546,-1.5676469090071028,0.013673190861190706,-1.5633595192911118,1.129930671152837,120.0310462140434,66.95362481129119
78,000078,1866.254649589019,1866.254649589019,1919.254029415608,1919.254029415608,2.023073685447837,-0.001729120249509546,-1.5676469090071028,0.013673190861190706,-1.5633595192911118,1.129930671152837,120.0310462140434,66.95362481129119
87,000087,1859.746969636308,1859.746969636308,1914.204755444865,1914.204755444865,2.009231466004983,-0.002970823641278691,-1.5629319833589455,0.02952976018188684,-1.5422887360998494,1.136123277061316,120.581700743319,67.21490441580156
105,000105,1859.746969636308,1859.746969636308,1914.204755444865,1914.204755444865,2.009231466004983,-0.002970823641278691,-1.5629319833589455,0.02952976018188684,-1.5422887360998494,1.136123277061316,120.581700743319,67.21490441580156
127,000127,1866.254649589019,1866.254649589019,1919.254029415608,1919.254029415608,2.023073685447837,-0.001729120249509546,-1.569392313614426,0.013692241791982286,-1.5651287137304093,1.129930671152837,120.0310462140434,66.95362481129119
128,000128,1866.254649589019,1866.254649589019,1919.254029415608,1919.254029415608,2.023073685447837,-0.001729120249509546,-1.5676468490155226,0.013682329143988894,-1.5651048237980518,1.129930671152837,120.0310462140434,66.95362481129119
138,000138,1866.254649589019,1866.254649589019,1919.254029415608,1919.254029415608,2.023073685447837,-0.001729120249509546,-1.5676469090071028,0.013673190861190706,-1.5633595192911118,1.129930671152837,120.0310462140434,66.95362481129119
140,000140,1866.254649589019,1866.254649589019,1919.254029415608,1919.254029415608,2.023073685447837,-0.001729120249509546,-1.5676469090071028,0.013673190861190706,-1.5633595192911118,1.129930671152837,120.0310462140434,66.95362481129119
145,000145,1866.254649589019,1866.254649589019,1919.254029415608,1919.254029415608,2.023073685447837,-0.001729120249509546,-1.5676469090071028,0.013673190861190706,-1.5633595192911118,1.129930671152837,120.0310462140434,66.95362481129119
182,000182,1859.746969636308,1859.746969636308,1914.204755444865,1914.204755444865,2.009231466004983,-0.002970823641278691,-1.5629319833589455,0.02952976018188684,-1.5422887360998494,1.136123277061316,120.581700743319,67.21490441580156
191,000191,1866.254649589019,1866.254649589019,1919.254029415608,1919.254029415608,2.023073685447837,-0.001729120249509546,-1.5676468490155226,0.013682329143988894,-1.5651048237980518,1.129930671152837,120.0310462140434,66.95362481129119
199,000199,1866.254649589019,1866.254649589019,1919.254029415608,1919.254029415608,2.023073685447837,-0.001729120249509546,-1.5676469090071028,0.013673190861190706,-1.5633595192911118,1.129930671152837,120.0310462140434,66.95362481129119
212,000212,1859.746969636308,1859.746969636308,1914.204755444865,1914.204755444865,2.009231466004983,-0.002970823641278691,-1.5646779031491849,0.02956119474784027,-1.5405950950370737,1.136123277061316,120.581700743319,67.21490441580156
261,000261,1866.254649589019,1866.254649589019,1919.254029415608,1919.254029415608,2.023073685447837,-0.001729120249509546,-1.5676469090071028,0.013673190861190706,-1.5633595192911118,1.129930671152837,120.0310462140434,66.95362481129119
267,000267,1866.254649589019,1866.254649589019,1919.254029415608,1919.254029415608,2.023073685447837,-0.001729120249509546,-1.5676469090071028,0.013673190861190706,-1.5633595192911118,1.129930671152837,120.0310462140434,66.95362481129119
270,000270,1866.254649589019,1866.254649589019,1919.254029415608,1919.254029415608,2.023073685447837,-0.001729120249509546,-1.5676469090071028,0.013673190861190706,-1.5633595192911118,1.129930671152837,120.0310462140434,66.95362481129119
280,000280,1866.254649589019,1866.254649589019,1919.254029415608,1919.254029415608,2.023073685447837,-0.001729120249509546,-1.5676469090071028,0.013673190861190706,-1.5633595192911118,1.129930671152837,120.0310462140434,66.95362481129119
294,000294,1866.254649589019,1866.254649589019,1919.254029415608,1919.254029415608,2.023073685447837,-0.001729120249509546,-1.5676469090071028,0.013673190861190706,-1.5633595192911118,1.129930671152837,120.0310462140434,66.95362481129119
298,000298,1859.746969636308,1859.746969636308,1914.204755444865,1914.204755444865,2.009231466004983,-0.002970823641278691,-1.5629319833589455,0.02952976018188684,-1.5422887360998494,1.136123277061316,120.581700743319,67.21490441580156
303,000303,1866.254649589019,1866.254649589019,1919.254029415608,1919.254029415608,2.023073685447837,-0.001729120249509546,-1.5676469090071028,0.013673190861190706,-1.5633595192911118,1.129930671152837,120.0310462140434,66.95362481129119
335,000335,1859.746969636308,1859.746969636308,1914.204755444865,1914.204755444865,2.009231466004983,-0.002970823641278691,-1.5629319833589455,0.02952976018188684,-1.5422887360998494,1.136123277061316,120.581700743319,67.21490441580156
343,000343,1866.254649589019,1866.254649589019,1919.254029415608,1919.254029415608,2.023073685447837,-0.001729120249509546,-1.569392313614426,0.013692241791982286,-1.5651287137304093,1.129930671152837,120.0310462140434,66.95362481129119
356,000356,1866.254649589019,1866.254649589019,1919.254029415608,1919.254029415608,2.023073685447837,-0.001729120249509546,-1.5676469090071028,0.013673190861190706,-1.5633595192911118,1.129930671152837,120.0310462140434,66.95362481129119
383,000383,1866.254649589019,1866.254649589019,1919.254029415608,1919.254029415608,2.023073685447837,-0.001729120249509546,-1.5676469090071028,0.013673190861190706,-1.5633595192911118,1.129930671152837,120.0310462140434,66.95362481129119
389,000389,1866.254649589019,1866.254649589019,1919.254029415608,1919.254029415608,2.023073685447837,-0.001729120249509546,-1.5676469090071028,0.013673190861190706,-1.5633595192911118,1.129930671152837,120.0310462140434,66.95362481129119
390,000390,1859.746969636308,1859.746969636308,1914.204755444865,1914.204755444865,2.009231466004983,-0.002970823641278691,-1.5629319833589455,0.02952976018188684,-1.5422887360998494,1.136123277061316,120.581700743319,67.21490441580156
394,000394,1866.254649589019,1866.254649589019,1919.254029415608,1919.254029415608,2.023073685447837,-0.001729120249509546,-1.5676469090071028,0.013673190861190706,-1.5633595192911118,1.129930671152837,120.0310462140434,66.95362481129119
403,000403,1859.746969636308,1859.746969636308,1914.204755444865,1914.204755444865,2.009231466004983,-0.002970823641278691,-1.5629319833589455,0.02952976018188684,-1.5422887360998494,1.136123277061316,120.581700743319,67.21490441580156
404,000404,1866.254649589019,1866.254649589019,1919.254029415608,1919.254029415608,2.023073685447837,-0.001729120249509546,-1.5676469090071028,0.013673190861190706,-1.5633595192911118,1.129930671152837,120.0310462140434,66.95362481129119
405,000405,1858.597086427252,1858.597086427252,1924.42584741907,1924.42584741907,2.029652670668384,0.006069991084438096,-1.5481785083094486,0.042104190812269744,-1.5829092444598964,1.133153905263153,121.4569399168275,67.46593912807965
407,000407,1859.746969636308,1859.746969636308,1914.204755444865,1914.204755444865,2.009231466004983,-0.002970823641278691,-1.5699128441987793,0.02975543926078322,-1.5477314577859038,1.136123277061316,120.581700743319,67.21490441580156
411,000411,1866.254649589019,1866.254649589019,1919.254029415608,1919.254029415608,2.023073685447837,-0.001729120249509546,-1.5676469090071028,0.013673190861190706,-1.5633595192911118,1.129930671152837,120.0310462140434,66.95362481129119
415,000415,1866.254649589019,1866.254649589019,1919.254029415608,1919.254029415608,2.023073685447837,-0.001729120249509546,-1.5676469090071028,0.013673190861190706,-1.5633595192911118,1.129930671152837,120.0310462140434,66.95362481129119
429,000429,1866.254649589019,1866.254649589019,1919.254029415608,1919.254029415608,2.023073685447837,-0.001729120249509546,-1.5676469090071028,0.013673190861190706,-1.5633595192911118,1.129930671152837,120.0310462140434,66.95362481129119
432,000432,1866.254649589019,1866.254649589019,1919.254029415608,1919.254029415608,2.023073685447837,-0.001729120249509546,-1.5676469090071028,0.013673190861190706,-1.5633595192911118,1.129930671152837,120.0310462140434,66.95362481129119
440,000440,1866.254649589019,1866.254649589019,1919.254029415608,1919.254029415608,2.023073685447837,-0.001729120249509546,-1.569392313614426,0.013692241791982286,-1.5651287137304093,1.129930671152837,120.0310462140434,66.95362481129119
446,000446,1866.254649589019,1866.254649589019,1919.254029415608,1919.254029415608,2.023073685447837,-0.001729120249509546,-1.569392313614426,0.013692241791982286,-1.5651287137304093,1.129930671152837,120.0310462140434,66.95362481129119
456,000456,1866.254649589019,1866.254649589019,1919.254029415608,1919.254029415608,2.023073685447837,-0.001729120249509546,-1.5676469090071028,0.013673190861190706,-1.5633595192911118,1.129930671152837,120.0310462140434,66.95362481129119
473,000473,1866.254649589019,1866.254649589019,1919.254029415608,1919.254029415608,2.023073685447837,-0.001729120249509546,-1.5676469090071028,0.013673190861190706,-1.5633595192911118,1.129930671152837,120.0310462140434,66.95362481129119
489,000489,1866.254649589019,1866.254649589019,1919.254029415608,1919.254029415608,2.023073685447837,-0.001729120249509546,-1.569392313614426,0.013692241791982286,-1.5651287137304093,1.129930671152837,120.0310462140434,66.95362481129119
493,000493,1866.254649589019,1866.254649589019,1919.254029415608,1919.254029415608,2.023073685447837,-0.001729120249509546,-1.569392313614426,0.013692241791982286,-1.5651287137304093,1.129930671152837,120.0310462140434,66.95362481129119
498,000498,1866.254649589019,1866.254649589019,1919.254029415608,1919.254029415608,2.023073685447837,-0.001729120249509546,-1.5676469090071028,0.013673190861190706,-1.5633595192911118,1.129930671152837,120.0310462140434,66.95362481129119
504,000504,1859.746969636308,1859.746969636308,1914.204755444865,1914.204755444865,2.009231466004983,-0.002970823641278691,-1.5629319833589455,0.02952976018188684,-1.5422887360998494,1.136123277061316,120.581700743319,67.21490441580156
511,000511,1866.254649589019,1866.254649589019,1919.254029415608,1919.254029415608,2.023073685447837,-0.001729120249509546,-1.5676469090071028,0.013673190861190706,-1.5633595192911118,1.129930671152837,120.0310462140434,66.95362481129119
532,000532,1866.254649589019,1866.254649589019,1919.254029415608,1919.254029415608,2.023073685447837,-0.001729120249509546,-1.5676469090071028,0.013673190861190706,-1.5633595192911118,1.129930671152837,120.0310462140434,66.95362481129119
544,000544,1859.746969636308,1859.746969636308,1914.204755444865,1914.204755444865,2.009231466004983,-0.002970823641278691,-1.5629319833589455,0.02952976018188684,-1.5422887360998494,1.136123277061316,120.581700743319,67.21490441580156
546,000546,1866.254649589019,1866.254649589019,1919.254029415608,1919.254029415608,2.023073685447837,-0.001729120249509546,-1.569392313614426,0.013692241791982286,-1.5651287137304093,1.129930671152837,120.0310462140434,66.95362481129119
552,000552,1866.254649589019,1866.254649589019,1919.254029415608,1919.254029415608,2.023073685447837,-0.001729120249509546,-1.5676469090071028,0.013673190861190706,-1.5633595192911118,1.129930671152837,120.0310462140434,66.95362481129119
554,000554,1866.254649589019,1866.254649589019,1919.254029415608,1919.254029415608,2.023073685447837,-0.001729120249509546,-1.5676469090071028,0.013673190861190706,-1.5633595192911118,1.129930671152837,120.0310462140434,66.95362481129119
574,000574,1866.254649589019,1866.254649589019,1919.254029415608,1919.254029415608,2.023073685447837,-0.001729120249509546,-1.569392313614426,0.013692241791982286,-1.5651287137304093,1.129930671152837,120.0310462140434,66.95362481129119
580,000580,1866.254649589019,1866.254649589019,1919.254029415608,1919.254029415608,2.023073685447837,-0.001729120249509546,-1.5676469090071028,0.013673190861190706,-1.5633595192911118,1.129930671152837,120.0310462140434,66.95362481129119
589,000589,1866.254649589019,1866.254649589019,1919.254029415608,1919.254029415608,2.023073685447837,-0.001729120249509546,-1.5676469090071028,0.013673190861190706,-1.5633595192911118,1.129930671152837,120.0310462140434,66.95362481129119
592,000592,1866.254649589019,1866.254649589019,1919.254029415608,1919.254029415608,2.023073685447837,-0.001729120249509546,-1.5676468490155226,0.013682329143988894,-1.5651048237980518,1.129930671152837,120.0310462140434,66.95362481129119
605,000605,1866.254649589019,1866.254649589019,1919.254029415608,1919.254029415608,2.023073685447837,-0.001729120249509546,-1.569392313614426,0.013692241791982286,-1.5651287137304093,1.129930671152837,120.0310462140434,66.95362481129119
612,000612,1866.254649589019,1866.254649589019,1919.254029415608,1919.254029415608,2.023073685447837,-0.001729120249509546,-1.5676468490155226,0.013682329143988894,-1.5651048237980518,1.129930671152837,120.0310462140434,66.95362481129119
613,000613,1859.746969636308,1859.746969636308,1914.204755444865,1914.204755444865,2.009231466004983,-0.002970823641278691,-1.5629319833589455,0.02952976018188684,-1.5422887360998494,1.136123277061316,120.581700743319,67.21490441580156
638,000638,1866.254649589019,1866.254649589019,1919.254029415608,1919.254029415608,2.023073685447837,-0.001729120249509546,-1.569392313614426,0.013692241791982286,-1.5651287137304093,1.129930671152837,120.0310462140434,66.95362481129119
642,000642,1866.254649589019,1866.254649589019,1919.254029415608,1919.254029415608,2.023073685447837,-0.001729120249509546,-1.5676469090071028,0.013673190861190706,-1.5633595192911118,1.129930671152837,120.0310462140434,66.95362481129119
672,000672,1866.254649589019,1866.254649589019,1919.254029415608,1919.254029415608,2.023073685447837,-0.001729120249509546,-1.569392313614426,0.013692241791982286,-1.5651287137304093,1.129930671152837,120.0310462140434,66.95362481129119
674,000674,1866.254649589019,1866.254649589019,1919.254029415608,1919.254029415608,2.023073685447837,-0.001729120249509546,-1.569392313614426,0.013692241791982286,-1.5651287137304093,1.129930671152837,120.0310462140434,66.95362481129119
679,000679,1866.254649589019,1866.254649589019,1919.254029415608,1919.254029415608,2.023073685447837,-0.001729120249509546,-1.569392313614426,0.013692241791982286,-1.5651287137304093,1.129930671152837,120.0310462140434,66.95362481129119
696,000696,1859.633325720178,1859.633325720178,1926.337015754446,1926.337015754446,1.997003502293789,0.007118608021303436,-1.5655439822728348,-0.002684599072072188,-1.570856670035724,1.144582618675452,120.6792689337453,67.26448936786939
706,000706,1866.254649589019,1866.254649589019,1919.254029415608,1919.254029415608,2.023073685447837,-0.001729120249509546,-1.5676468490155226,0.013682329143988894,-1.5651048237980518,1.129930671152837,120.0310462140434,66.95362481129119
720,000720,1866.254649589019,1866.254649589019,1919.254029415608,1919.254029415608,2.023073685447837,-0.001729120249509546,-1.5676469090071028,0.013673190861190706,-1.5633595192911118,1.129930671152837,120.0310462140434,66.95362481129119
723,000723,1866.254649589019,1866.254649589019,1919.254029415608,1919.254029415608,2.023073685447837,-0.001729120249509546,-1.5676469090071028,0.013673190861190706,-1.5633595192911118,1.129930671152837,120.0310462140434,66.95362481129119
725,000725,1866.254649589019,1866.254649589019,1919.254029415608,1919.254029415608,2.023073685447837,-0.001729120249509546,-1.5676469090071028,0.013673190861190706,-1.5633595192911118,1.129930671152837,120.0310462140434,66.95362481129119
730,000730,1859.746969636308,1859.746969636308,1914.204755444865,1914.204755444865,2.009231466004983,-0.002970823641278691,-1.5699128441987793,0.02975543926078322,-1.5477314577859038,1.136123277061316,120.581700743319,67.21490441580156
762,000762,1866.254649589019,1866.254649589019,1919.254029415608,1919.254029415608,2.023073685447837,-0.001729120249509546,-1.5676469090071028,0.013673190861190706,-1.5633595192911118,1.129930671152837,120.0310462140434,66.95362481129119
769,000769,1866.254649589019,1866.254649589019,1919.254029415608,1919.254029415608,2.023073685447837,-0.001729120249509546,-1.5676469090071028,0.013673190861190706,-1.5633595192911118,1.129930671152837,120.0310462140434,66.95362481129119
792,000792,1859.746969636308,1859.746969636308,1914.204755444865,1914.204755444865,2.009231466004983,-0.002970823641278691,-1.5646779031491849,0.02956119474784027,-1.5405950950370737,1.136123277061316,120.581700743319,67.21490441580156
795,000795,1866.254649589019,1866.254649589019,1919.254029415608,1919.254029415608,2.023073685447837,-0.001729120249509546,-1.569392313614426,0.013692241791982286,-1.5651287137304093,1.129930671152837,120.0310462140434,66.95362481129119
797,000797,1866.254649589019,1866.254649589019,1919.254029415608,1919.254029415608,2.023073685447837,-0.001729120249509546,-1.5676469090071028,0.013673190861190706,-1.5633595192911118,1.129930671152837,120.0310462140434,66.95362481129119
802,000802,1866.254649589019,1866.254649589019,1919.254029415608,1919.254029415608,2.023073685447837,-0.001729120249509546,-1.569392313614426,0.013692241791982286,-1.5651287137304093,1.129930671152837,120.0310462140434,66.95362481129119
804,000804,1866.254649589019,1866.254649589019,1919.254029415608,1919.254029415608,2.023073685447837,-0.001729120249509546,-1.5676469090071028,0.013673190861190706,-1.5633595192911118,1.129930671152837,120.0310462140434,66.95362481129119
807,000807,1859.746969636308,1859.746969636308,1914.204755444865,1914.204755444865,2.009231466004983,-0.002970823641278691,-1.5629319833589455,0.02952976018188684,-1.5422887360998494,1.136123277061316,120.581700743319,67.21490441580156
819,000819,1866.254649589019,1866.254649589019,1919.254029415608,1919.254029415608,2.023073685447837,-0.001729120249509546,-1.5676469090071028,0.013673190861190706,-1.5633595192911118,1.129930671152837,120.0310462140434,66.95362481129119
830,000830,1859.746969636308,1859.746969636308,1914.204755444865,1914.204755444865,2.009231466004983,-0.002970823641278691,-1.5699128441987793,0.02975543926078322,-1.5477314577859038,1.136123277061316,120.581700743319,67.21490441580156
858,000858,1866.254649589019,1866.254649589019,1919.254029415608,1919.254029415608,2.023073685447837,-0.001729120249509546,-1.5676469090071028,0.013673190861190706,-1.5633595192911118,1.129930671152837,120.0310462140434,66.95362481129119
868,000868,1859.746969636308,1859.746969636308,1914.204755444865,1914.204755444865,2.009231466004983,-0.002970823641278691,-1.5646779031491849,0.02956119474784027,-1.5405950950370737,1.136123277061316,120.581700743319,67.21490441580156
875,000875,1859.746969636308,1859.746969636308,1914.204755444865,1914.204755444865,2.009231466004983,-0.002970823641278691,-1.5629319833589455,0.02952976018188684,-1.5422887360998494,1.136123277061316,120.581700743319,67.21490441580156
895,000895,1866.254649589019,1866.254649589019,1919.254029415608,1919.254029415608,2.023073685447837,-0.001729120249509546,-1.5676468490155226,0.013682329143988894,-1.5651048237980518,1.129930671152837,120.0310462140434,66.95362481129119
903,000903,1859.746969636308,1859.746969636308,1914.204755444865,1914.204755444865,2.009231466004983,-0.002970823641278691,-1.5646779031491849,0.02956119474784027,-1.5405950950370737,1.136123277061316,120.581700743319,67.21490441580156
906,000906,1866.254649589019,1866.254649589019,1919.254029415608,1919.254029415608,2.023073685447837,-0.001729120249509546,-1.5676469090071028,0.013673190861190706,-1.5633595192911118,1.129930671152837,120.0310462140434,66.95362481129119
913,000913,1866.254649589019,1866.254649589019,1919.254029415608,1919.254029415608,2.023073685447837,-0.001729120249509546,-1.569392313614426,0.013692241791982286,-1.5651287137304093,1.129930671152837,120.0310462140434,66.95362481129119
925,000925,1866.254649589019,1866.254649589019,1919.254029415608,1919.254029415608,2.023073685447837,-0.001729120249509546,-1.5676468490155226,0.013682329143988894,-1.5651048237980518,1.129930671152837,120.0310462140434,66.95362481129119
929,000929,1866.254649589019,1866.254649589019,1919.254029415608,1919.254029415608,2.023073685447837,-0.001729120249509546,-1.5676469090071028,0.013673190861190706,-1.5633595192911118,1.129930671152837,120.0310462140434,66.95362481129119
930,000930,1859.746969636308,1859.746969636308,1914.204755444865,1914.204755444865,2.009231466004983,-0.002970823641278691,-1.5629319833589455,0.02952976018188684,-1.5422887360998494,1.136123277061316,120.581700743319,67.21490441580156
931,000931,1866.254649589019,1866.254649589019,1919.254029415608,1919.254029415608,2.023073685447837,-0.001729120249509546,-1.5676469090071028,0.013673190861190706,-1.5633595192911118,1.129930671152837,120.0310462140434,66.95362481129119
938,000938,1866.254649589019,1866.254649589019,1919.254029415608,1919.254029415608,2.023073685447837,-0.001729120249509546,-1.5676469090071028,0.013673190861190706,-1.5633595192911118,1.129930671152837,120.0310462140434,66.95362481129119
950,000950,1866.254649589019,1866.254649589019,1919.254029415608,1919.254029415608,2.023073685447837,-0.001729120249509546,-1.569392313614426,0.013692241791982286,-1.5651287137304093,1.129930671152837,120.0310462140434,66.95362481129119
959,000959,1859.746969636308,1859.746969636308,1914.204755444865,1914.204755444865,2.009231466004983,-0.002970823641278691,-1.5646779031491849,0.02956119474784027,-1.5405950950370737,1.136123277061316,120.581700743319,67.21490441580156
969,000969,1866.254649589019,1866.254649589019,1919.254029415608,1919.254029415608,2.023073685447837,-0.001729120249509546,-1.569392313614426,0.013692241791982286,-1.5651287137304093,1.129930671152837,120.0310462140434,66.95362481129119
971,000971,1866.254649589019,1866.254649589019,1919.254029415608,1919.254029415608,2.023073685447837,-0.001729120249509546,-1.5676469090071028,0.013673190861190706,-1.5633595192911118,1.129930671152837,120.0310462140434,66.95362481129119
995,000995,1866.254649589019,1866.254649589019,1919.254029415608,1919.254029415608,2.023073685447837,-0.001729120249509546,-1.5676469090071028,0.013673190861190706,-1.5633595192911118,1.129930671152837,120.0310462140434,66.95362481129119
1000,001000,1866.254649589019,1866.254649589019,1919.254029415608,1919.254029415608,2.023073685447837,-0.001729120249509546,-1.5676469090071028,0.013673190861190706,-1.5633595192911118,1.129930671152837,120.0310462140434,66.95362481129119
1004,001004,1866.254649589019,1866.254649589019,1919.254029415608,1919.254029415608,2.023073685447837,-0.001729120249509546,-1.569392313614426,0.013692241791982286,-1.5651287137304093,1.129930671152837,120.0310462140434,66.95362481129119
1011,001011,1859.746969636308,1859.746969636308,1914.204755444865,1914.204755444865,2.009231466004983,-0.002970823641278691,-1.5699128441987793,0.02975543926078322,-1.5477314577859038,1.136123277061316,120.581700743319,67.21490441580156
1012,001012,1866.254649589019,1866.254649589019,1919.254029415608,1919.254029415608,2.023073685447837,-0.001729120249509546,-1.5676469090071028,0.013673190861190706,-1.5633595192911118,1.129930671152837,120.0310462140434,66.95362481129119
1013,001013,1866.254649589019,1866.254649589019,1919.254029415608,1919.254029415608,2.023073685447837,-0.001729120249509546,-1.5676469090071028,0.013673190861190706,-1.5633595192911118,1.129930671152837,120.0310462140434,66.95362481129119
1023,001023,1866.254649589019,1866.254649589019,1919.254029415608,1919.254029415608,2.023073685447837,-0.001729120249509546,-1.5676469090071028,0.013673190861190706,-1.5633595192911118,1.129930671152837,120.0310462140434,66.95362481129119
1032,001032,1866.254649589019,1866.254649589019,1919.254029415608,1919.254029415608,2.023073685447837,-0.001729120249509546,-1.5676468490155226,0.013682329143988894,-1.5651048237980518,1.129930671152837,120.0310462140434,66.95362481129119
1033,001033,1859.746969636308,1859.746969636308,1914.204755444865,1914.204755444865,2.009231466004983,-0.002970823641278691,-1.5646779031491849,0.02956119474784027,-1.5405950950370737,1.136123277061316,120.581700743319,67.21490441580156
1035,001035,1859.633325720178,1859.633325720178,1926.337015754446,1926.337015754446,1.997003502293789,0.007118608021303436,-1.5655439822728348,-0.002684599072072188,-1.570856670035724,1.144582618675452,120.6792689337453,67.26448936786939
1054,001054,1859.746969636308,1859.746969636308,1914.204755444865,1914.204755444865,2.009231466004983,-0.002970823641278691,-1.5629319833589455,0.02952976018188684,-1.5422887360998494,1.136123277061316,120.581700743319,67.21490441580156
1060,001060,1866.254649589019,1866.254649589019,1919.254029415608,1919.254029415608,2.023073685447837,-0.001729120249509546,-1.569392313614426,0.013692241791982286,-1.5651287137304093,1.129930671152837,120.0310462140434,66.95362481129119
1063,001063,1866.254649589019,1866.254649589019,1919.254029415608,1919.254029415608,2.023073685447837,-0.001729120249509546,-1.5676468490155226,0.013682329143988894,-1.5651048237980518,1.129930671152837,120.0310462140434,66.95362481129119
1070,001070,1866.254649589019,1866.254649589019,1919.254029415608,1919.254029415608,2.023073685447837,-0.001729120249509546,-1.569392313614426,0.013692241791982286,-1.5651287137304093,1.129930671152837,120.0310462140434,66.95362481129119
1072,001072,1859.746969636308,1859.746969636308,1914.204755444865,1914.204755444865,2.009231466004983,-0.002970823641278691,-1.5629319833589455,0.02952976018188684,-1.5422887360998494,1.136123277061316,120.581700743319,67.21490441580156
1090,001090,1866.254649589019,1866.254649589019,1919.254029415608,1919.254029415608,2.023073685447837,-0.001729120249509546,-1.5676469090071028,0.013673190861190706,-1.5633595192911118,1.129930671152837,120.0310462140434,66.95362481129119
1100,001100,1859.746969636308,1859.746969636308,1914.204755444865,1914.204755444865,2.009231466004983,-0.002970823641278691,-1.5646779031491849,0.02956119474784027,-1.5405950950370737,1.136123277061316,120.581700743319,67.21490441580156
1105,001105,1859.746969636308,1859.746969636308,1914.204755444865,1914.204755444865,2.009231466004983,-0.002970823641278691,-1.5699128441987793,0.02975543926078322,-1.5477314577859038,1.136123277061316,120.581700743319,67.21490441580156
1108,001108,1866.254649589019,1866.254649589019,1919.254029415608,1919.254029415608,2.023073685447837,-0.001729120249509546,-1.569392313614426,0.013692241791982286,-1.5651287137304093,1.129930671152837,120.0310462140434,66.95362481129119
1109,001109,1866.254649589019,1866.254649589019,1919.254029415608,1919.254029415608,2.023073685447837,-0.001729120249509546,-1.569392313614426,0.013692241791982286,-1.5651287137304093,1.129930671152837,120.0310462140434,66.95362481129119
1115,001115,1866.254649589019,1866.254649589019,1919.254029415608,1919.254029415608,2.023073685447837,-0.001729120249509546,-1.5676468490155226,0.013682329143988894,-1.5651048237980518,1.129930671152837,120.0310462140434,66.95362481129119
1187,001187,1866.254649589019,1866.254649589019,1919.254029415608,1919.254029415608,2.023073685447837,-0.001729120249509546,-1.5676469090071028,0.013673190861190706,-1.5633595192911118,1.129930671152837,120.0310462140434,66.95362481129119
1188,001188,1859.746969636308,1859.746969636308,1914.204755444865,1914.204755444865,2.009231466004983,-0.002970823641278691,-1.5699128441987793,0.02975543926078322,-1.5477314577859038,1.136123277061316,120.581700743319,67.21490441580156
1197,001197,1859.746969636308,1859.746969636308,1914.204755444865,1914.204755444865,2.009231466004983,-0.002970823641278691,-1.5629319833589455,0.02952976018188684,-1.5422887360998494,1.136123277061316,120.581700743319,67.21490441580156
1211,001211,1866.254649589019,1866.254649589019,1919.254029415608,1919.254029415608,2.023073685447837,-0.001729120249509546,-1.569392313614426,0.013692241791982286,-1.5651287137304093,1.129930671152837,120.0310462140434,66.95362481129119
1213,001213,1866.254649589019,1866.254649589019,1919.254029415608,1919.254029415608,2.023073685447837,-0.001729120249509546,-1.569392313614426,0.013692241791982286,-1.5651287137304093,1.129930671152837,120.0310462140434,66.95362481129119
1238,001238,1866.254649589019,1866.254649589019,1919.254029415608,1919.254029415608,2.023073685447837,-0.001729120249509546,-1.569392313614426,0.013692241791982286,-1.5651287137304093,1.129930671152837,120.0310462140434,66.95362481129119
1249,001249,1866.254649589019,1866.254649589019,1919.254029415608,1919.254029415608,2.023073685447837,-0.001729120249509546,-1.5676469090071028,0.013673190861190706,-1.5633595192911118,1.129930671152837,120.0310462140434,66.95362481129119
1252,001252,1866.254649589019,1866.254649589019,1919.254029415608,1919.254029415608,2.023073685447837,-0.001729120249509546,-1.5676469090071028,0.013673190861190706,-1.5633595192911118,1.129930671152837,120.0310462140434,66.95362481129119
1256,001256,1866.254649589019,1866.254649589019,1919.254029415608,1919.254029415608,2.023073685447837,-0.001729120249509546,-1.5676469090071028,0.013673190861190706,-1.5633595192911118,1.129930671152837,120.0310462140434,66.95362481129119
1277,001277,1866.254649589019,1866.254649589019,1919.254029415608,1919.254029415608,2.023073685447837,-0.001729120249509546,-1.5676469090071028,0.013673190861190706,-1.5633595192911118,1.129930671152837,120.0310462140434,66.95362481129119
1285,001285,1866.254649589019,1866.254649589019,1919.254029415608,1919.254029415608,2.023073685447837,-0.001729120249509546,-1.5676469090071028,0.013673190861190706,-1.5633595192911118,1.129930671152837,120.0310462140434,66.95362481129119
1288,001288,1866.254649589019,1866.254649589019,1919.254029415608,1919.254029415608,2.023073685447837,-0.001729120249509546,-1.569392313614426,0.013692241791982286,-1.5651287137304093,1.129930671152837,120.0310462140434,66.95362481129119
1294,001294,1866.254649589019,1866.254649589019,1919.254029415608,1919.254029415608,2.023073685447837,-0.001729120249509546,-1.5676469090071028,0.013673190861190706,-1.5633595192911118,1.129930671152837,120.0310462140434,66.95362481129119
1302,001302,1866.254649589019,1866.254649589019,1919.254029415608,1919.254029415608,2.023073685447837,-0.001729120249509546,-1.569392313614426,0.013692241791982286,-1.5651287137304093,1.129930671152837,120.0310462140434,66.95362481129119
1320,001320,1859.746969636308,1859.746969636308,1914.204755444865,1914.204755444865,2.009231466004983,-0.002970823641278691,-1.5646779031491849,0.02956119474784027,-1.5405950950370737,1.136123277061316,120.581700743319,67.21490441580156
1331,001331,1859.746969636308,1859.746969636308,1914.204755444865,1914.204755444865,2.009231466004983,-0.002970823641278691,-1.5629319833589455,0.02952976018188684,-1.5422887360998494,1.136123277061316,120.581700743319,67.21490441580156
1353,001353,1859.746969636308,1859.746969636308,1914.204755444865,1914.204755444865,2.009231466004983,-0.002970823641278691,-1.5629319833589455,0.02952976018188684,-1.5422887360998494,1.136123277061316,120.581700743319,67.21490441580156
1376,001376,1859.746969636308,1859.746969636308,1914.204755444865,1914.204755444865,2.009231466004983,-0.002970823641278691,-1.5629319833589455,0.02952976018188684,-1.5422887360998494,1.136123277061316,120.581700743319,67.21490441580156
1390,001390,1866.254649589019,1866.254649589019,1919.254029415608,1919.254029415608,2.023073685447837,-0.001729120249509546,-1.5676469090071028,0.013673190861190706,-1.5633595192911118,1.129930671152837,120.0310462140434,66.95362481129119
1399,001399,1866.254649589019,1866.254649589019,1919.254029415608,1919.254029415608,2.023073685447837,-0.001729120249509546,-1.5676469090071028,0.013673190861190706,-1.5633595192911118,1.129930671152837,120.0310462140434,66.95362481129119
1407,001407,1859.633325720178,1859.633325720178,1926.337015754446,1926.337015754446,1.997003502293789,0.007118608021303436,-1.5655439822728348,-0.002684599072072188,-1.570856670035724,1.144582618675452,120.6792689337453,67.26448936786939
1409,001409,1859.746969636308,1859.746969636308,1914.204755444865,1914.204755444865,2.009231466004983,-0.002970823641278691,-1.5699128441987793,0.02975543926078322,-1.5477314577859038,1.136123277061316,120.581700743319,67.21490441580156
1414,001414,1866.254649589019,1866.254649589019,1919.254029415608,1919.254029415608,2.023073685447837,-0.001729120249509546,-1.569392313614426,0.013692241791982286,-1.5651287137304093,1.129930671152837,120.0310462140434,66.95362481129119
1429,001429,1866.254649589019,1866.254649589019,1919.254029415608,1919.254029415608,2.023073685447837,-0.001729120249509546,-1.569392313614426,0.013692241791982286,-1.5651287137304093,1.129930671152837,120.0310462140434,66.95362481129119
1430,001430,1866.254649589019,1866.254649589019,1919.254029415608,1919.254029415608,2.023073685447837,-0.001729120249509546,-1.5676468490155226,0.013682329143988894,-1.5651048237980518,1.129930671152837,120.0310462140434,66.95362481129119
1432,001432,1859.746969636308,1859.746969636308,1914.204755444865,1914.204755444865,2.009231466004983,-0.002970823641278691,-1.5629319833589455,0.02952976018188684,-1.5422887360998494,1.136123277061316,120.581700743319,67.21490441580156
1446,001446,1866.254649589019,1866.254649589019,1919.254029415608,1919.254029415608,2.023073685447837,-0.001729120249509546,-1.569392313614426,0.013692241791982286,-1.5651287137304093,1.129930671152837,120.0310462140434,66.95362481129119
1462,001462,1866.254649589019,1866.254649589019,1919.254029415608,1919.254029415608,2.023073685447837,-0.001729120249509546,-1.569392313614426,0.013692241791982286,-1.5651287137304093,1.129930671152837,120.0310462140434,66.95362481129119
1478,001478,1866.254649589019,1866.254649589019,1919.254029415608,1919.254029415608,2.023073685447837,-0.001729120249509546,-1.569392313614426,0.013692241791982286,-1.5651287137304093,1.129930671152837,120.0310462140434,66.95362481129119
1486,001486,1875.341941705681,1875.341941705681,1915.635705796355,1915.635705796355,1.982010734183471,-0.001951416398337044,-1.5952666133753044,0.07678052066715899,-1.6225170415384549,1.132630915685097,119.7869740687292,66.78209093962884
1492,001492,1866.254649589019,1866.254649589019,1919.254029415608,1919.254029415608,2.023073685447837,-0.001729120249509546,-1.5676469090071028,0.013673190861190706,-1.5633595192911118,1.129930671152837,120.0310462140434,66.95362481129119
1523,001523,1859.746969636308,1859.746969636308,1914.204755444865,1914.204755444865,2.009231466004983,-0.002970823641278691,-1.5699128441987793,0.02975543926078322,-1.5477314577859038,1.136123277061316,120.581700743319,67.21490441580156
1528,001528,1866.254649589019,1866.254649589019,1919.254029415608,1919.254029415608,2.023073685447837,-0.001729120249509546,-1.5676469090071028,0.013673190861190706,-1.5633595192911118,1.129930671152837,120.0310462140434,66.95362481129119
1557,001557,1866.254649589019,1866.254649589019,1919.254029415608,1919.254029415608,2.023073685447837,-0.001729120249509546,-1.569392313614426,0.013692241791982286,-1.5651287137304093,1.129930671152837,120.0310462140434,66.95362481129119
1558,001558,1859.633325720178,1859.633325720178,1926.337015754446,1926.337015754446,1.997003502293789,0.007118608021303436,-1.5655439822728348,-0.002684599072072188,-1.570856670035724,1.144582618675452,120.6792689337453,67.26448936786939
1567,001567,1859.633325720178,1859.633325720178,1926.337015754446,1926.337015754446,1.997003502293789,0.007118608021303436,-1.5655439822728348,-0.002684599072072188,-1.570856670035724,1.144582618675452,120.6792689337453,67.26448936786939
1568,001568,1866.254649589019,1866.254649589019,1919.254029415608,1919.254029415608,2.023073685447837,-0.001729120249509546,-1.569392313614426,0.013692241791982286,-1.5651287137304093,1.129930671152837,120.0310462140434,66.95362481129119
1572,001572,1866.254649589019,1866.254649589019,1919.254029415608,1919.254029415608,2.023073685447837,-0.001729120249509546,-1.569392313614426,0.013692241791982286,-1.5651287137304093,1.129930671152837,120.0310462140434,66.95362481129119
1585,001585,1866.254649589019,1866.254649589019,1919.254029415608,1919.254029415608,2.023073685447837,-0.001729120249509546,-1.5676469090071028,0.013673190861190706,-1.5633595192911118,1.129930671152837,120.0310462140434,66.95362481129119
1591,001591,1866.254649589019,1866.254649589019,1919.254029415608,1919.254029415608,2.023073685447837,-0.001729120249509546,-1.569392313614426,0.013692241791982286,-1.5651287137304093,1.129930671152837,120.0310462140434,66.95362481129119
1636,001636,1875.341941705681,1875.341941705681,1915.635705796355,1915.635705796355,1.982010734183471,-0.001951416398337044,-1.5952666133753044,0.07678052066715899,-1.6225170415384549,1.132630915685097,119.7869740687292,66.78209093962884
1640,001640,1866.254649589019,1866.254649589019,1919.254029415608,1919.254029415608,2.023073685447837,-0.001729120249509546,-1.5676469090071028,0.013673190861190706,-1.5633595192911118,1.129930671152837,120.0310462140434,66.95362481129119
1657,001657,1866.254649589019,1866.254649589019,1919.254029415608,1919.254029415608,2.023073685447837,-0.001729120249509546,-1.5676469090071028,0.013673190861190706,-1.5633595192911118,1.129930671152837,120.0310462140434,66.95362481129119
1659,001659,1866.254649589019,1866.254649589019,1919.254029415608,1919.254029415608,2.023073685447837,-0.001729120249509546,-1.5676469090071028,0.013673190861190706,-1.5633595192911118,1.129930671152837,120.0310462140434,66.95362481129119
1669,001669,1866.254649589019,1866.254649589019,1919.254029415608,1919.254029415608,2.023073685447837,-0.001729120249509546,-1.5676469090071028,0.013673190861190706,-1.5633595192911118,1.129930671152837,120.0310462140434,66.95362481129119
1675,001675,1866.254649589019,1866.254649589019,1919.254029415608,1919.254029415608,2.023073685447837,-0.001729120249509546,-1.5676469090071028,0.013673190861190706,-1.5633595192911118,1.129930671152837,120.0310462140434,66.95362481129119
1680,001680,1866.254649589019,1866.254649589019,1919.254029415608,1919.254029415608,2.023073685447837,-0.001729120249509546,-1.5676469090071028,0.013673190861190706,-1.5633595192911118,1.129930671152837,120.0310462140434,66.95362481129119
1682,001682,1866.254649589019,1866.254649589019,1919.254029415608,1919.254029415608,2.023073685447837,-0.001729120249509546,-1.569392313614426,0.013692241791982286,-1.5651287137304093,1.129930671152837,120.0310462140434,66.95362481129119
1714,001714,1860.44342061537,1860.44342061537,1931.800446368316,1931.800446368316,2.014037351924079,-0.002481086856738699,-1.5657787946070796,0.024763195053972537,-1.5905180797729668,1.128847994220851,121.0847164834004,67.28639589561944
1715,001715,1866.254649589019,1866.254649589019,1919.254029415608,1919.254029415608,2.023073685447837,-0.001729120249509546,-1.5676469090071028,0.013673190861190706,-1.5633595192911118,1.129930671152837,120.0310462140434,66.95362481129119
1722,001722,1866.254649589019,1866.254649589019,1919.254029415608,1919.254029415608,2.023073685447837,-0.001729120249509546,-1.569392313614426,0.013692241791982286,-1.5651287137304093,1.129930671152837,120.0310462140434,66.95362481129119
1738,001738,1866.254649589019,1866.254649589019,1919.254029415608,1919.254029415608,2.023073685447837,-0.001729120249509546,-1.5676469090071028,0.013673190861190706,-1.5633595192911118,1.129930671152837,120.0310462140434,66.95362481129119
1747,001747,1866.254649589019,1866.254649589019,1919.254029415608,1919.254029415608,2.023073685447837,-0.001729120249509546,-1.569392313614426,0.013692241791982286,-1.5651287137304093,1.129930671152837,120.0310462140434,66.95362481129119
1748,001748,1859.633325720178,1859.633325720178,1926.337015754446,1926.337015754446,1.997003502293789,0.007118608021303436,-1.5655439822728348,-0.002684599072072188,-1.570856670035724,1.144582618675452,120.6792689337453,67.26448936786939
1750,001750,1866.254649589019,1866.254649589019,1919.254029415608,1919.254029415608,2.023073685447837,-0.001729120249509546,-1.5676469090071028,0.013673190861190706,-1.5633595192911118,1.129930671152837,120.0310462140434,66.95362481129119
1752,001752,1859.633325720178,1859.633325720178,1926.337015754446,1926.337015754446,1.997003502293789,0.007118608021303436,-1.5655439822728348,-0.002684599072072188,-1.570856670035724,1.144582618675452,120.6792689337453,67.26448936786939
1754,001754,1866.254649589019,1866.254649589019,1919.254029415608,1919.254029415608,2.023073685447837,-0.001729120249509546,-1.5676469090071028,0.013673190861190706,-1.5633595192911118,1.129930671152837,120.0310462140434,66.95362481129119
1793,001793,1866.254649589019,1866.254649589019,1919.254029415608,1919.254029415608,2.023073685447837,-0.001729120249509546,-1.5676469090071028,0.013673190861190706,-1.5633595192911118,1.129930671152837,120.0310462140434,66.95362481129119
1802,001802,1866.254649589019,1866.254649589019,1919.254029415608,1919.254029415608,2.023073685447837,-0.001729120249509546,-1.569392313614426,0.013692241791982286,-1.5651287137304093,1.129930671152837,120.0310462140434,66.95362481129119
1824,001824,1859.633325720178,1859.633325720178,1926.337015754446,1926.337015754446,1.997003502293789,0.007118608021303436,-1.5655439822728348,-0.002684599072072188,-1.570856670035724,1.144582618675452,120.6792689337453,67.26448936786939
1851,001851,1863.334264630649,1863.334264630649,1907.62696303471,1907.62696303471,2.015970272322051,0.008957195838649488,-1.5225925316185862,0.015377765957622191,-1.5681989866297787,1.131092790341723,121.100845132532,67.24295811544353
1860,001860,1866.254649589019,1866.254649589019,1919.254029415608,1919.254029415608,2.023073685447837,-0.001729120249509546,-1.569392313614426,0.013692241791982286,-1.5651287137304093,1.129930671152837,120.0310462140434,66.95362481129119
1885,001885,1866.254649589019,1866.254649589019,1919.254029415608,1919.254029415608,2.023073685447837,-0.001729120249509546,-1.5676469090071028,0.013673190861190706,-1.5633595192911118,1.129930671152837,120.0310462140434,66.95362481129119
1894,001894,1859.746969636308,1859.746969636308,1914.204755444865,1914.204755444865,2.009231466004983,-0.002970823641278691,-1.5646779031491849,0.02956119474784027,-1.5405950950370737,1.136123277061316,120.581700743319,67.21490441580156
1934,001934,1866.254649589019,1866.254649589019,1919.254029415608,1919.254029415608,2.023073685447837,-0.001729120249509546,-1.5676468490155226,0.013682329143988894,-1.5651048237980518,1.129930671152837,120.0310462140434,66.95362481129119
1938,001938,1859.746969636308,1859.746969636308,1914.204755444865,1914.204755444865,2.009231466004983,-0.002970823641278691,-1.5629319833589455,0.02952976018188684,-1.5422887360998494,1.136123277061316,120.581700743319,67.21490441580156
1943,001943,1859.746969636308,1859.746969636308,1914.204755444865,1914.204755444865,2.009231466004983,-0.002970823641278691,-1.5629319833589455,0.02952976018188684,-1.5422887360998494,1.136123277061316,120.581700743319,67.21490441580156
1951,001951,1847.919204237398,1847.919204237398,1921.263788490785,1921.263788490785,2.044438354629837,-0.006856317126254376,-1.5601557581409167,0.017964654651584994,-1.5449573354257424,1.124371377834915,121.2376221304691,67.59771650670672
1970,001970,1859.746969636308,1859.746969636308,1914.204755444865,1914.204755444865,2.009231466004983,-0.002970823641278691,-1.5629319833589455,0.02952976018188684,-1.5422887360998494,1.136123277061316,120.581700743319,67.21490441580156
1971,001971,1866.254649589019,1866.254649589019,1919.254029415608,1919.254029415608,2.023073685447837,-0.001729120249509546,-1.569392313614426,0.013692241791982286,-1.5651287137304093,1.129930671152837,120.0310462140434,66.95362481129119
1973,001973,1866.254649589019,1866.254649589019,1919.254029415608,1919.254029415608,2.023073685447837,-0.001729120249509546,-1.5676469090071028,0.013673190861190706,-1.5633595192911118,1.129930671152837,120.0310462140434,66.95362481129119
1974,001974,1866.254649589019,1866.254649589019,1919.254029415608,1919.254029415608,2.023073685447837,-0.001729120249509546,-1.5676468490155226,0.013682329143988894,-1.5651048237980518,1.129930671152837,120.0310462140434,66.95362481129119
1978,001978,1859.746969636308,1859.746969636308,1914.204755444865,1914.204755444865,2.009231466004983,-0.002970823641278691,-1.5629319833589455,0.02952976018188684,-1.5422887360998494,1.136123277061316,120.581700743319,67.21490441580156
1980,001980,1866.254649589019,1866.254649589019,1919.254029415608,1919.254029415608,2.023073685447837,-0.001729120249509546,-1.5676469090071028,0.013673190861190706,-1.5633595192911118,1.129930671152837,120.0310462140434,66.95362481129119
1986,001986,1866.254649589019,1866.254649589019,1919.254029415608,1919.254029415608,2.023073685447837,-0.001729120249509546,-1.569392313614426,0.013692241791982286,-1.5651287137304093,1.129930671152837,120.0310462140434,66.95362481129119
1992,001992,1866.254649589019,1866.254649589019,1919.254029415608,1919.254029415608,2.023073685447837,-0.001729120249509546,-1.5676468490155226,0.013682329143988894,-1.5651048237980518,1.129930671152837,120.0310462140434,66.95362481129119
2005,002005,1866.254649589019,1866.254649589019,1919.254029415608,1919.254029415608,2.023073685447837,-0.001729120249509546,-1.569392313614426,0.013692241791982286,-1.5651287137304093,1.129930671152837,120.0310462140434,66.95362481129119
2013,002013,1847.919204237398,1847.919204237398,1921.263788490785,1921.263788490785,2.044438354629837,-0.006856317126254376,-1.56190185876231,0.01797318165006547,-1.538007519872931,1.124371377834915,121.2376221304691,67.59771650670672
2016,002016,1866.254649589019,1866.254649589019,1919.254029415608,1919.254029415608,2.023073685447837,-0.001729120249509546,-1.5676468490155226,0.013682329143988894,-1.5651048237980518,1.129930671152837,120.0310462140434,66.95362481129119
2020,002020,1866.254649589019,1866.254649589019,1919.254029415608,1919.254029415608,2.023073685447837,-0.001729120249509546,-1.5676469090071028,0.013673190861190706,-1.5633595192911118,1.129930671152837,120.0310462140434,66.95362481129119
2025,002025,1860.44342061537,1860.44342061537,1931.800446368316,1931.800446368316,2.014037351924079,-0.002481086856738699,-1.5657787946070796,0.024763195053972537,-1.5905180797729668,1.128847994220851,121.0847164834004,67.28639589561944
2027,002027,1859.746969636308,1859.746969636308,1914.204755444865,1914.204755444865,2.009231466004983,-0.002970823641278691,-1.5699128441987793,0.02975543926078322,-1.5477314577859038,1.136123277061316,120.581700743319,67.21490441580156
2038,002038,1866.254649589019,1866.254649589019,1919.254029415608,1919.254029415608,2.023073685447837,-0.001729120249509546,-1.5676469090071028,0.013673190861190706,-1.5633595192911118,1.129930671152837,120.0310462140434,66.95362481129119
2040,002040,1860.44342061537,1860.44342061537,1931.800446368316,1931.800446368316,2.014037351924079,-0.002481086856738699,-1.5657787946070796,0.024763195053972537,-1.5905180797729668,1.128847994220851,121.0847164834004,67.28639589561944
2043,002043,1866.254649589019,1866.254649589019,1919.254029415608,1919.254029415608,2.023073685447837,-0.001729120249509546,-1.569392313614426,0.013692241791982286,-1.5651287137304093,1.129930671152837,120.0310462140434,66.95362481129119
2045,002045,1866.254649589019,1866.254649589019,1919.254029415608,1919.254029415608,2.023073685447837,-0.001729120249509546,-1.569392313614426,0.013692241791982286,-1.5651287137304093,1.129930671152837,120.0310462140434,66.95362481129119
2066,002066,1866.254649589019,1866.254649589019,1919.254029415608,1919.254029415608,2.023073685447837,-0.001729120249509546,-1.569392313614426,0.013692241791982286,-1.5651287137304093,1.129930671152837,120.0310462140434,66.95362481129119
2084,002084,1859.746969636308,1859.746969636308,1914.204755444865,1914.204755444865,2.009231466004983,-0.002970823641278691,-1.5629319833589455,0.02952976018188684,-1.5422887360998494,1.136123277061316,120.581700743319,67.21490441580156
2110,002110,1859.633325720178,1859.633325720178,1926.337015754446,1926.337015754446,1.997003502293789,0.007118608021303436,-1.5655439822728348,-0.002684599072072188,-1.570856670035724,1.144582618675452,120.6792689337453,67.26448936786939
2123,002123,1859.746969636308,1859.746969636308,1914.204755444865,1914.204755444865,2.009231466004983,-0.002970823641278691,-1.5699128441987793,0.02975543926078322,-1.5477314577859038,1.136123277061316,120.581700743319,67.21490441580156
2146,002146,1859.746969636308,1859.746969636308,1914.204755444865,1914.204755444865,2.009231466004983,-0.002970823641278691,-1.5646779031491849,0.02956119474784027,-1.5405950950370737,1.136123277061316,120.581700743319,67.21490441580156
2149,002149,1859.746969636308,1859.746969636308,1914.204755444865,1914.204755444865,2.009231466004983,-0.002970823641278691,-1.5629319833589455,0.02952976018188684,-1.5422887360998494,1.136123277061316,120.581700743319,67.21490441580156
2153,002153,1866.254649589019,1866.254649589019,1919.254029415608,1919.254029415608,2.023073685447837,-0.001729120249509546,-1.569392313614426,0.013692241791982286,-1.5651287137304093,1.129930671152837,120.0310462140434,66.95362481129119
2155,002155,1859.633325720178,1859.633325720178,1926.337015754446,1926.337015754446,1.997003502293789,0.007118608021303436,-1.5655439822728348,-0.002684599072072188,-1.570856670035724,1.144582618675452,120.6792689337453,67.26448936786939
2156,002156,1859.746969636308,1859.746969636308,1914.204755444865,1914.204755444865,2.009231466004983,-0.002970823641278691,-1.5629319833589455,0.02952976018188684,-1.5422887360998494,1.136123277061316,120.581700743319,67.21490441580156
2164,002164,1866.254649589019,1866.254649589019,1919.254029415608,1919.254029415608,2.023073685447837,-0.001729120249509546,-1.5676469090071028,0.013673190861190706,-1.5633595192911118,1.129930671152837,120.0310462140434,66.95362481129119
2165,002165,1866.254649589019,1866.254649589019,1919.254029415608,1919.254029415608,2.023073685447837,-0.001729120249509546,-1.5676468490155226,0.013682329143988894,-1.5651048237980518,1.129930671152837,120.0310462140434,66.95362481129119
2166,002166,1859.746969636308,1859.746969636308,1914.204755444865,1914.204755444865,2.009231466004983,-0.002970823641278691,-1.5646779031491849,0.02956119474784027,-1.5405950950370737,1.136123277061316,120.581700743319,67.21490441580156
2171,002171,1859.746969636308,1859.746969636308,1914.204755444865,1914.204755444865,2.009231466004983,-0.002970823641278691,-1.5629319833589455,0.02952976018188684,-1.5422887360998494,1.136123277061316,120.581700743319,67.21490441580156
2181,002181,1859.746969636308,1859.746969636308,1914.204755444865,1914.204755444865,2.009231466004983,-0.002970823641278691,-1.5699128441987793,0.02975543926078322,-1.5477314577859038,1.136123277061316,120.581700743319,67.21490441580156
2214,002214,1866.254649589019,1866.254649589019,1919.254029415608,1919.254029415608,2.023073685447837,-0.001729120249509546,-1.5676468490155226,0.013682329143988894,-1.5651048237980518,1.129930671152837,120.0310462140434,66.95362481129119
2219,002219,1866.254649589019,1866.254649589019,1919.254029415608,1919.254029415608,2.023073685447837,-0.001729120249509546,-1.5676468490155226,0.013682329143988894,-1.5651048237980518,1.129930671152837,120.0310462140434,66.95362481129119
2231,002231,1859.746969636308,1859.746969636308,1914.204755444865,1914.204755444865,2.009231466004983,-0.002970823641278691,-1.5646779031491849,0.02956119474784027,-1.5405950950370737,1.136123277061316,120.581700743319,67.21490441580156
2247,002247,1866.254649589019,1866.254649589019,1919.254029415608,1919.254029415608,2.023073685447837,-0.001729120249509546,-1.5676469090071028,0.013673190861190706,-1.5633595192911118,1.129930671152837,120.0310462140434,66.95362481129119
2248,002248,1866.254649589019,1866.254649589019,1919.254029415608,1919.254029415608,2.023073685447837,-0.001729120249509546,-1.5676469090071028,0.013673190861190706,-1.5633595192911118,1.129930671152837,120.0310462140434,66.95362481129119
2250,002250,1860.44342061537,1860.44342061537,1931.800446368316,1931.800446368316,2.014037351924079,-0.002481086856738699,-1.5657787946070796,0.024763195053972537,-1.5905180797729668,1.128847994220851,121.0847164834004,67.28639589561944
2271,002271,1866.254649589019,1866.254649589019,1919.254029415608,1919.254029415608,2.023073685447837,-0.001729120249509546,-1.5676469090071028,0.013673190861190706,-1.5633595192911118,1.129930671152837,120.0310462140434,66.95362481129119
2276,002276,1866.254649589019,1866.254649589019,1919.254029415608,1919.254029415608,2.023073685447837,-0.001729120249509546,-1.5676468490155226,0.013682329143988894,-1.5651048237980518,1.129930671152837,120.0310462140434,66.95362481129119
2284,002284,1859.746969636308,1859.746969636308,1914.204755444865,1914.204755444865,2.009231466004983,-0.002970823641278691,-1.5699128441987793,0.02975543926078322,-1.5477314577859038,1.136123277061316,120.581700743319,67.21490441580156
2286,002286,1866.254649589019,1866.254649589019,1919.254029415608,1919.254029415608,2.023073685447837,-0.001729120249509546,-1.5676469090071028,0.013673190861190706,-1.5633595192911118,1.129930671152837,120.0310462140434,66.95362481129119
2297,002297,1866.254649589019,1866.254649589019,1919.254029415608,1919.254029415608,2.023073685447837,-0.001729120249509546,-1.569392313614426,0.013692241791982286,-1.5651287137304093,1.129930671152837,120.0310462140434,66.95362481129119
2308,002308,1866.254649589019,1866.254649589019,1919.254029415608,1919.254029415608,2.023073685447837,-0.001729120249509546,-1.569392313614426,0.013692241791982286,-1.5651287137304093,1.129930671152837,120.0310462140434,66.95362481129119
2312,002312,1866.254649589019,1866.254649589019,1919.254029415608,1919.254029415608,2.023073685447837,-0.001729120249509546,-1.569392313614426,0.013692241791982286,-1.5651287137304093,1.129930671152837,120.0310462140434,66.95362481129119
2319,002319,1859.746969636308,1859.746969636308,1914.204755444865,1914.204755444865,2.009231466004983,-0.002970823641278691,-1.5629319833589455,0.02952976018188684,-1.5422887360998494,1.136123277061316,120.581700743319,67.21490441580156
2321,002321,1859.633325720178,1859.633325720178,1926.337015754446,1926.337015754446,1.997003502293789,0.007118608021303436,-1.5655439822728348,-0.002684599072072188,-1.570856670035724,1.144582618675452,120.6792689337453,67.26448936786939
2326,002326,1859.746969636308,1859.746969636308,1914.204755444865,1914.204755444865,2.009231466004983,-0.002970823641278691,-1.5646779031491849,0.02956119474784027,-1.5405950950370737,1.136123277061316,120.581700743319,67.21490441580156
2339,002339,1866.254649589019,1866.254649589019,1919.254029415608,1919.254029415608,2.022382969590999,-0.003597953696000636,-1.5700586556197347,0.014603913747234055,-1.5640112962393267,1.130147879676854,120.0310462140434,66.95362481129119
2349,002349,1866.254649589019,1866.254649589019,1919.254029415608,1919.254029415608,2.023073685447837,-0.001729120249509546,-1.5676468490155226,0.013682329143988894,-1.5651048237980518,1.129930671152837,120.0310462140434,66.95362481129119
2357,002357,1866.254649589019,1866.254649589019,1919.254029415608,1919.254029415608,2.023073685447837,-0.001729120249509546,-1.5676469090071028,0.013673190861190706,-1.5633595192911118,1.129930671152837,120.0310462140434,66.95362481129119
2358,002358,1847.919204237398,1847.919204237398,1921.263788490785,1921.263788490785,2.044438354629837,-0.006856317126254376,-1.56190185876231,0.01797318165006547,-1.538007519872931,1.124371377834915,121.2376221304691,67.59771650670672
2363,002363,1859.746969636308,1859.746969636308,1914.204755444865,1914.204755444865,2.009231466004983,-0.002970823641278691,-1.5646779031491849,0.02956119474784027,-1.5405950950370737,1.136123277061316,120.581700743319,67.21490441580156
2370,002370,1866.254649589019,1866.254649589019,1919.254029415608,1919.254029415608,2.023073685447837,-0.001729120249509546,-1.569392313614426,0.013692241791982286,-1.5651287137304093,1.129930671152837,120.0310462140434,66.95362481129119
2397,002397,1866.254649589019,1866.254649589019,1919.254029415608,1919.254029415608,2.023073685447837,-0.001729120249509546,-1.5676469090071028,0.013673190861190706,-1.5633595192911118,1.129930671152837,120.0310462140434,66.95362481129119
2419,002419,1866.254649589019,1866.254649589019,1919.254029415608,1919.254029415608,2.023073685447837,-0.001729120249509546,-1.569392313614426,0.013692241791982286,-1.5651287137304093,1.129930671152837,120.0310462140434,66.95362481129119
2430,002430,1860.44342061537,1860.44342061537,1931.800446368316,1931.800446368316,2.014037351924079,-0.002481086856738699,-1.5657787946070796,0.024763195053972537,-1.5905180797729668,1.128847994220851,121.0847164834004,67.28639589561944
2443,002443,1866.254649589019,1866.254649589019,1919.254029415608,1919.254029415608,2.023073685447837,-0.001729120249509546,-1.569392313614426,0.013692241791982286,-1.5651287137304093,1.129930671152837,120.0310462140434,66.95362481129119
2449,002449,1866.254649589019,1866.254649589019,1919.254029415608,1919.254029415608,2.023073685447837,-0.001729120249509546,-1.5676469090071028,0.013673190861190706,-1.5633595192911118,1.129930671152837,120.0310462140434,66.95362481129119
2492,002492,1866.254649589019,1866.254649589019,1919.254029415608,1919.254029415608,2.023073685447837,-0.001729120249509546,-1.5676469090071028,0.013673190861190706,-1.5633595192911118,1.129930671152837,120.0310462140434,66.95362481129119
2496,002496,1866.254649589019,1866.254649589019,1919.254029415608,1919.254029415608,2.023073685447837,-0.001729120249509546,-1.5676469090071028,0.013673190861190706,-1.5633595192911118,1.129930671152837,120.0310462140434,66.95362481129119
2538,002538,1859.746969636308,1859.746969636308,1914.204755444865,1914.204755444865,2.009231466004983,-0.002970823641278691,-1.5629319833589455,0.02952976018188684,-1.5422887360998494,1.136123277061316,120.581700743319,67.21490441580156
2540,002540,1859.746969636308,1859.746969636308,1914.204755444865,1914.204755444865,2.009231466004983,-0.002970823641278691,-1.5699128441987793,0.02975543926078322,-1.5477314577859038,1.136123277061316,120.581700743319,67.21490441580156
2544,002544,1859.746969636308,1859.746969636308,1914.204755444865,1914.204755444865,2.009231466004983,-0.002970823641278691,-1.5629319833589455,0.02952976018188684,-1.5422887360998494,1.136123277061316,120.581700743319,67.21490441580156
2581,002581,1866.254649589019,1866.254649589019,1919.254029415608,1919.254029415608,2.023073685447837,-0.001729120249509546,-1.569392313614426,0.013692241791982286,-1.5651287137304093,1.129930671152837,120.0310462140434,66.95362481129119
2596,002596,1859.633325720178,1859.633325720178,1926.337015754446,1926.337015754446,1.997003502293789,0.007118608021303436,-1.5655439822728348,-0.002684599072072188,-1.570856670035724,1.144582618675452,120.6792689337453,67.26448936786939
2610,002610,1866.254649589019,1866.254649589019,1919.254029415608,1919.254029415608,2.023073685447837,-0.001729120249509546,-1.569392313614426,0.013692241791982286,-1.5651287137304093,1.129930671152837,120.0310462140434,66.95362481129119
2620,002620,1866.254649589019,1866.254649589019,1919.254029415608,1919.254029415608,2.023073685447837,-0.001729120249509546,-1.569392313614426,0.013692241791982286,-1.5651287137304093,1.129930671152837,120.0310462140434,66.95362481129119
2622,002622,1866.254649589019,1866.254649589019,1919.254029415608,1919.254029415608,2.023073685447837,-0.001729120249509546,-1.5676469090071028,0.013673190861190706,-1.5633595192911118,1.129930671152837,120.0310462140434,66.95362481129119
2629,002629,1866.254649589019,1866.254649589019,1919.254029415608,1919.254029415608,2.023073685447837,-0.001729120249509546,-1.569392313614426,0.013692241791982286,-1.5651287137304093,1.129930671152837,120.0310462140434,66.95362481129119
2632,002632,1859.746969636308,1859.746969636308,1914.204755444865,1914.204755444865,2.009231466004983,-0.002970823641278691,-1.5646779031491849,0.02956119474784027,-1.5405950950370737,1.136123277061316,120.581700743319,67.21490441580156
2643,002643,1857.34965296426,1857.34965296426,1917.924623722001,1917.924623722001,2.015306616523902,0.0004902130710700773,-1.5922332470746603,-0.014668153580254308,-1.5759355608146708,1.125060013269004,121.1604837134374,67.28731745081727
2644,002644,1863.741408936456,1863.741408936456,1907.013643152467,1907.013643152467,2.005329759075146,-0.003650044106571175,-1.5887481757638633,-0.014656299128578557,-1.575956084520097,1.11944171485232,120.9702880538638,67.1682674453265
2675,002675,1847.919204237398,1847.919204237398,1921.263788490785,1921.263788490785,2.044438354629837,-0.006856317126254376,-1.5601564303701785,0.017940294738900124,-1.5414667740539971,1.124371377834915,121.2376221304691,67.59771650670672
2683,002683,1859.746969636308,1859.746969636308,1914.204755444865,1914.204755444865,2.009231466004983,-0.002970823641278691,-1.5699128441987793,0.02975543926078322,-1.5477314577859038,1.136123277061316,120.581700743319,67.21490441580156
2695,002695,1866.254649589019,1866.254649589019,1919.254029415608,1919.254029415608,2.023073685447837,-0.001729120249509546,-1.569392313614426,0.013692241791982286,-1.5651287137304093,1.129930671152837,120.0310462140434,66.95362481129119
2713,002713,1866.254649589019,1866.254649589019,1919.254029415608,1919.254029415608,2.023073685447837,-0.001729120249509546,-1.569392313614426,0.013692241791982286,-1.5651287137304093,1.129930671152837,120.0310462140434,66.95362481129119
2721,002721,1859.746969636308,1859.746969636308,1914.204755444865,1914.204755444865,2.009231466004983,-0.002970823641278691,-1.5646779031491849,0.02956119474784027,-1.5405950950370737,1.136123277061316,120.581700743319,67.21490441580156
2723,002723,1866.254649589019,1866.254649589019,1919.254029415608,1919.254029415608,2.023073685447837,-0.001729120249509546,-1.5676469090071028,0.013673190861190706,-1.5633595192911118,1.129930671152837,120.0310462140434,66.95362481129119
2738,002738,1866.254649589019,1866.254649589019,1919.254029415608,1919.254029415608,2.023073685447837,-0.001729120249509546,-1.5676468490155226,0.013682329143988894,-1.5651048237980518,1.129930671152837,120.0310462140434,66.95362481129119
2742,002742,1859.633325720178,1859.633325720178,1926.337015754446,1926.337015754446,1.997003502293789,0.007118608021303436,-1.5655439822728348,-0.002684599072072188,-1.570856670035724,1.144582618675452,120.6792689337453,67.26448936786939
2747,002747,1866.254649589019,1866.254649589019,1919.254029415608,1919.254029415608,2.023073685447837,-0.001729120249509546,-1.569392313614426,0.013692241791982286,-1.5651287137304093,1.129930671152837,120.0310462140434,66.95362481129119
2756,002756,1863.741408936456,1863.741408936456,1907.013643152467,1907.013643152467,2.005329759075146,-0.003650044106571175,-1.5887481757638633,-0.014656299128578557,-1.575956084520097,1.11944171485232,120.9702880538638,67.1682674453265
2767,002767,1859.633325720178,1859.633325720178,1926.337015754446,1926.337015754446,1.997003502293789,0.007118608021303436,-1.5655439822728348,-0.002684599072072188,-1.570856670035724,1.144582618675452,120.6792689337453,67.26448936786939
2774,002774,1847.919204237398,1847.919204237398,1921.263788490785,1921.263788490785,2.044438354629837,-0.006856317126254376,-1.56190185876231,0.01797318165006547,-1.538007519872931,1.124371377834915,121.2376221304691,67.59771650670672
2793,002793,1880.974214387733,1880.974214387733,1915.779220181504,1915.779220181504,1.977851236897697,-0.006727592148754134,-1.569591747497633,-0.01629538688615913,-1.5688506905097992,1.100166968750412,119.4299449008713,66.58945770112874
2801,002801,1880.974214387733,1880.974214387733,1915.779220181504,1915.779220181504,1.977851236897697,-0.006727592148754134,-1.569591747497633,-0.01629538688615913,-1.5688506905097992,1.100166968750412,119.4299449008713,66.58945770112874
2803,002803,1846.470459745119,1846.470459745119,1934.237294246353,1934.237294246353,2.053116246097614,0.007127191254660563,-1.5532465545489462,0.04239655825563713,-1.585496144359086,1.126073558516028,121.8482000805993,67.76262613512169
2809,002809,1859.633325720178,1859.633325720178,1926.337015754446,1926.337015754446,1.997003502293789,0.007118608021303436,-1.5620533111985258,-0.002684372079317857,-1.5708660406901325,1.144582618675452,120.6792689337453,67.26448936786939
2812,002812,1866.254649589019,1866.254649589019,1919.254029415608,1919.254029415608,2.023073685447837,-0.001729120249509546,-1.5676469090071028,0.013673190861190706,-1.5633595192911118,1.129930671152837,120.0310462140434,66.95362481129119
2825,002825,1866.254649589019,1866.254649589019,1919.254029415608,1919.254029415608,2.023073685447837,-0.001729120249509546,-1.569392313614426,0.013692241791982286,-1.5651287137304093,1.129930671152837,120.0310462140434,66.95362481129119
2827,002827,1866.254649589019,1866.254649589019,1919.254029415608,1919.254029415608,2.023073685447837,-0.001729120249509546,-1.5676469090071028,0.013673190861190706,-1.5633595192911118,1.129930671152837,120.0310462140434,66.95362481129119
2846,002846,1847.919204237398,1847.919204237398,1921.263788490785,1921.263788490785,2.044438354629837,-0.006856317126254376,-1.56190185876231,0.01797318165006547,-1.538007519872931,1.124371377834915,121.2376221304691,67.59771650670672
2867,002867,1857.34965296426,1857.34965296426,1917.924623722001,1917.924623722001,2.015306616523902,0.0004902130710700773,-1.5922332210785368,-0.014674245860053241,-1.5741902425771948,1.125060013269004,121.1604837134374,67.28731745081727
2882,002882,1866.254649589019,1866.254649589019,1919.254029415608,1919.254029415608,2.023073685447837,-0.001729120249509546,-1.5676469090071028,0.013673190861190706,-1.5633595192911118,1.129930671152837,120.0310462140434,66.95362481129119
2889,002889,1847.919204237398,1847.919204237398,1921.263788490785,1921.263788490785,2.044438354629837,-0.006856317126254376,-1.5601557581409167,0.017964654651584994,-1.5449573354257424,1.124371377834915,121.2376221304691,67.59771650670672
2890,002890,1866.254649589019,1866.254649589019,1919.254029415608,1919.254029415608,2.023073685447837,-0.001729120249509546,-1.5676469090071028,0.013673190861190706,-1.5633595192911118,1.129930671152837,120.0310462140434,66.95362481129119
2923,002923,1866.254649589019,1866.254649589019,1919.254029415608,1919.254029415608,2.023073685447837,-0.001729120249509546,-1.5676469090071028,0.013673190861190706,-1.5633595192911118,1.129930671152837,120.0310462140434,66.95362481129119
2929,002929,1847.919204237398,1847.919204237398,1921.263788490785,1921.263788490785,2.044438354629837,-0.006856317126254376,-1.5601564303701785,0.017940294738900124,-1.5414667740539971,1.124371377834915,121.2376221304691,67.59771650670672
2936,002936,1859.746969636308,1859.746969636308,1914.204755444865,1914.204755444865,2.009231466004983,-0.002970823641278691,-1.5629319833589455,0.02952976018188684,-1.5422887360998494,1.136123277061316,120.581700743319,67.21490441580156
2946,002946,1863.741408936456,1863.741408936456,1907.013643152467,1907.013643152467,2.005329759075146,-0.003650044106571175,-1.5887481757638633,-0.014656299128578557,-1.575956084520097,1.11944171485232,120.9702880538638,67.1682674453265
2952,002952,1859.746969636308,1859.746969636308,1914.204755444865,1914.204755444865,2.009231466004983,-0.002970823641278691,-1.5629319833589455,0.02952976018188684,-1.5422887360998494,1.136123277061316,120.581700743319,67.21490441580156
2965,002965,1866.254649589019,1866.254649589019,1919.254029415608,1919.254029415608,2.023073685447837,-0.001729120249509546,-1.5676468490155226,0.013682329143988894,-1.5651048237980518,1.129930671152837,120.0310462140434,66.95362481129119
2994,002994,1866.254649589019,1866.254649589019,1919.254029415608,1919.254029415608,2.023073685447837,-0.001729120249509546,-1.5676469090071028,0.013673190861190706,-1.5633595192911118,1.129930671152837,120.0310462140434,66.95362481129119
3004,003004,1847.919204237398,1847.919204237398,1921.263788490785,1921.263788490785,2.044438354629837,-0.006856317126254376,-1.5601564303701785,0.017940294738900124,-1.5414667740539971,1.124371377834915,121.2376221304691,67.59771650670672
3005,003005,1866.254649589019,1866.254649589019,1919.254029415608,1919.254029415608,2.023073685447837,-0.001729120249509546,-1.5676469090071028,0.013673190861190706,-1.5633595192911118,1.129930671152837,120.0310462140434,66.95362481129119
3007,003007,1866.254649589019,1866.254649589019,1919.254029415608,1919.254029415608,2.023073685447837,-0.001729120249509546,-1.5676469090071028,0.013673190861190706,-1.5633595192911118,1.129930671152837,120.0310462140434,66.95362481129119
3016,003016,1859.633325720178,1859.633325720178,1926.337015754446,1926.337015754446,1.997003502293789,0.007118608021303436,-1.5655439822728348,-0.002684599072072188,-1.570856670035724,1.144582618675452,120.6792689337453,67.26448936786939
3023,003023,1859.746969636308,1859.746969636308,1914.204755444865,1914.204755444865,2.009231466004983,-0.002970823641278691,-1.5629319833589455,0.02952976018188684,-1.5422887360998494,1.136123277061316,120.581700743319,67.21490441580156
3026,003026,1860.44342061537,1860.44342061537,1931.800446368316,1931.800446368316,2.014037351924079,-0.002481086856738699,-1.5657787946070796,0.024763195053972537,-1.5905180797729668,1.128847994220851,121.0847164834004,67.28639589561944
3027,003027,1859.633325720178,1859.633325720178,1926.337015754446,1926.337015754446,1.997003502293789,0.007118608021303436,-1.5655439822728348,-0.002684599072072188,-1.570856670035724,1.144582618675452,120.6792689337453,67.26448936786939
3042,003042,1866.254649589019,1866.254649589019,1919.254029415608,1919.254029415608,2.023073685447837,-0.001729120249509546,-1.569392313614426,0.013692241791982286,-1.5651287137304093,1.129930671152837,120.0310462140434,66.95362481129119
3056,003056,1866.254649589019,1866.254649589019,1919.254029415608,1919.254029415608,2.023073685447837,-0.001729120249509546,-1.5676469090071028,0.013673190861190706,-1.5633595192911118,1.129930671152837,120.0310462140434,66.95362481129119
3070,003070,1859.746969636308,1859.746969636308,1914.204755444865,1914.204755444865,2.009231466004983,-0.002970823641278691,-1.5629319833589455,0.02952976018188684,-1.5422887360998494,1.136123277061316,120.581700743319,67.21490441580156
3072,003072,1859.633325720178,1859.633325720178,1926.337015754446,1926.337015754446,1.997003502293789,0.007118608021303436,-1.5655439822728348,-0.002684599072072188,-1.570856670035724,1.144582618675452,120.6792689337453,67.26448936786939
3075,003075,1859.746969636308,1859.746969636308,1914.204755444865,1914.204755444865,2.009231466004983,-0.002970823641278691,-1.5646779031491849,0.02956119474784027,-1.5405950950370737,1.136123277061316,120.581700743319,67.21490441580156
3098,003098,1859.633325720178,1859.633325720178,1926.337015754446,1926.337015754446,1.997003502293789,0.007118608021303436,-1.5655439822728348,-0.002684599072072188,-1.570856670035724,1.144582618675452,120.6792689337453,67.26448936786939
3107,003107,1859.633325720178,1859.633325720178,1926.337015754446,1926.337015754446,1.997003502293789,0.007118608021303436,-1.5655439822728348,-0.002684599072072188,-1.570856670035724,1.144582618675452,120.6792689337453,67.26448936786939
3131,003131,1859.746969636308,1859.746969636308,1914.204755444865,1914.204755444865,2.009231466004983,-0.002970823641278691,-1.5629319833589455,0.02952976018188684,-1.5422887360998494,1.136123277061316,120.581700743319,67.21490441580156
3133,003133,1860.44342061537,1860.44342061537,1931.800446368316,1931.800446368316,2.014037351924079,-0.002481086856738699,-1.5657787946070796,0.024763195053972537,-1.5905180797729668,1.128847994220851,121.0847164834004,67.28639589561944
3146,003146,1859.746969636308,1859.746969636308,1914.204755444865,1914.204755444865,2.009231466004983,-0.002970823641278691,-1.5629319833589455,0.02952976018188684,-1.5422887360998494,1.136123277061316,120.581700743319,67.21490441580156
3156,003156,1866.254649589019,1866.254649589019,1919.254029415608,1919.254029415608,2.023073685447837,-0.001729120249509546,-1.5676469090071028,0.013673190861190706,-1.5633595192911118,1.129930671152837,120.0310462140434,66.95362481129119
3177,003177,1866.254649589019,1866.254649589019,1919.254029415608,1919.254029415608,2.023073685447837,-0.001729120249509546,-1.5676469090071028,0.013673190861190706,-1.5633595192911118,1.129930671152837,120.0310462140434,66.95362481129119
3199,003199,1859.746969636308,1859.746969636308,1914.204755444865,1914.204755444865,2.009231466004983,-0.002970823641278691,-1.5629319833589455,0.02952976018188684,-1.5422887360998494,1.136123277061316,120.581700743319,67.21490441580156
3207,003207,1859.746969636308,1859.746969636308,1914.204755444865,1914.204755444865,2.009231466004983,-0.002970823641278691,-1.5646779031491849,0.02956119474784027,-1.5405950950370737,1.136123277061316,120.581700743319,67.21490441580156
3210,003210,1859.746969636308,1859.746969636308,1914.204755444865,1914.204755444865,2.009231466004983,-0.002970823641278691,-1.5629319833589455,0.02952976018188684,-1.5422887360998494,1.136123277061316,120.581700743319,67.21490441580156
3211,003211,1859.746969636308,1859.746969636308,1914.204755444865,1914.204755444865,2.009231466004983,-0.002970823641278691,-1.5629319833589455,0.02952976018188684,-1.5422887360998494,1.136123277061316,120.581700743319,67.21490441580156
3219,003219,1859.746969636308,1859.746969636308,1914.204755444865,1914.204755444865,2.009231466004983,-0.002970823641278691,-1.5646779031491849,0.02956119474784027,-1.5405950950370737,1.136123277061316,120.581700743319,67.21490441580156
3240,003240,1866.254649589019,1866.254649589019,1919.254029415608,1919.254029415608,2.023073685447837,-0.001729120249509546,-1.5676469090071028,0.013673190861190706,-1.5633595192911118,1.129930671152837,120.0310462140434,66.95362481129119
3278,003278,1880.974214387733,1880.974214387733,1915.779220181504,1915.779220181504,1.977851236897697,-0.006727592148754134,-1.569591747497633,-0.01629538688615913,-1.5688506905097992,1.100166968750412,119.4299449008713,66.58945770112874
3282,003282,1859.746969636308,1859.746969636308,1914.204755444865,1914.204755444865,2.009231466004983,-0.002970823641278691,-1.5629319833589455,0.02952976018188684,-1.5422887360998494,1.136123277061316,120.581700743319,67.21490441580156
3286,003286,1859.746969636308,1859.746969636308,1914.204755444865,1914.204755444865,2.009231466004983,-0.002970823641278691,-1.5629319833589455,0.02952976018188684,-1.5422887360998494,1.136123277061316,120.581700743319,67.21490441580156
3317,003317,1859.746969636308,1859.746969636308,1914.204755444865,1914.204755444865,2.009231466004983,-0.002970823641278691,-1.5646779031491849,0.02956119474784027,-1.5405950950370737,1.136123277061316,120.581700743319,67.21490441580156
3324,003324,1847.919204237398,1847.919204237398,1921.263788490785,1921.263788490785,2.044438354629837,-0.006856317126254376,-1.5601564303701785,0.017940294738900124,-1.5414667740539971,1.124371377834915,121.2376221304691,67.59771650670672
3334,003334,1859.746969636308,1859.746969636308,1914.204755444865,1914.204755444865,2.009231466004983,-0.002970823641278691,-1.5629319833589455,0.02952976018188684,-1.5422887360998494,1.136123277061316,120.581700743319,67.21490441580156
3335,003335,1859.633325720178,1859.633325720178,1926.337015754446,1926.337015754446,1.997003502293789,0.007118608021303436,-1.5655439822728348,-0.002684599072072188,-1.570856670035724,1.144582618675452,120.6792689337453,67.26448936786939
3345,003345,1863.741408936456,1863.741408936456,1907.013643152467,1907.013643152467,2.00447886760607,-0.01270781496313672,-1.520610887543998,0.0164292314171461,-1.5728052951803733,1.102109518675779,120.9702880538638,67.1682674453265
3355,003355,1847.919204237398,1847.919204237398,1921.263788490785,1921.263788490785,2.044438354629837,-0.006856317126254376,-1.5601564303701785,0.017940294738900124,-1.5414667740539971,1.124371377834915,121.2376221304691,67.59771650670672
3366,003366,1859.746969636308,1859.746969636308,1914.204755444865,1914.204755444865,2.009231466004983,-0.002970823641278691,-1.5629319833589455,0.02952976018188684,-1.5422887360998494,1.136123277061316,120.581700743319,67.21490441580156
3385,003385,1847.919204237398,1847.919204237398,1921.263788490785,1921.263788490785,2.044438354629837,-0.006856317126254376,-1.5601564303701785,0.017940294738900124,-1.5414667740539971,1.124371377834915,121.2376221304691,67.59771650670672
3388,003388,1866.254649589019,1866.254649589019,1919.254029415608,1919.254029415608,2.023073685447837,-0.001729120249509546,-1.569392313614426,0.013692241791982286,-1.5651287137304093,1.129930671152837,120.0310462140434,66.95362481129119
3389,003389,1860.44342061537,1860.44342061537,1931.800446368316,1931.800446368316,2.014037351924079,-0.002481086856738699,-1.5657787946070796,0.024763195053972537,-1.5905180797729668,1.128847994220851,121.0847164834004,67.28639589561944
3423,003423,1857.479804288565,1857.479804288565,1922.888630990956,1922.888630990956,2.004635553476707,0.005137445956362164,-1.558016415459667,-0.0031506953783180715,-1.5647864995029954,1.146133774946981,120.7571865009013,67.36403230763489
3429,003429,1847.919204237398,1847.919204237398,1921.263788490785,1921.263788490785,2.044438354629837,-0.006856317126254376,-1.5601557581409167,0.017964654651584994,-1.5449573354257424,1.124371377834915,121.2376221304691,67.59771650670672
3438,003438,1866.254649589019,1866.254649589019,1919.254029415608,1919.254029415608,2.023073685447837,-0.001729120249509546,-1.5676469090071028,0.013673190861190706,-1.5633595192911118,1.129930671152837,120.0310462140434,66.95362481129119
3442,003442,1859.746969636308,1859.746969636308,1914.204755444865,1914.204755444865,2.009231466004983,-0.002970823641278691,-1.5629319833589455,0.02952976018188684,-1.5422887360998494,1.136123277061316,120.581700743319,67.21490441580156
3444,003444,1859.746969636308,1859.746969636308,1914.204755444865,1914.204755444865,2.009231466004983,-0.002970823641278691,-1.5699128441987793,0.02975543926078322,-1.5477314577859038,1.136123277061316,120.581700743319,67.21490441580156
3449,003449,1863.334264630649,1863.334264630649,1907.62696303471,1907.62696303471,2.015970272322051,0.008957195838649488,-1.5225925316185862,0.015377765957622191,-1.5681989866297787,1.131092790341723,121.100845132532,67.24295811544353
3450,003450,1866.254649589019,1866.254649589019,1919.254029415608,1919.254029415608,2.023073685447837,-0.001729120249509546,-1.5676469090071028,0.013673190861190706,-1.5633595192911118,1.129930671152837,120.0310462140434,66.95362481129119
3452,003452,1857.34965296426,1857.34965296426,1917.924623722001,1917.924623722001,2.015306616523902,0.0004902130710700773,-1.5922332210785368,-0.014674245860053241,-1.5741902425771948,1.125060013269004,121.1604837134374,67.28731745081727
3460,003460,1866.254649589019,1866.254649589019,1919.254029415608,1919.254029415608,2.023073685447837,-0.001729120249509546,-1.569392313614426,0.013692241791982286,-1.5651287137304093,1.129930671152837,120.0310462140434,66.95362481129119
3466,003466,1863.741408936456,1863.741408936456,1907.013643152467,1907.013643152467,2.005329759075146,-0.003650044106571175,-1.5887481757638633,-0.014656299128578557,-1.575956084520097,1.11944171485232,120.9702880538638,67.1682674453265
3492,003492,1860.44342061537,1860.44342061537,1931.800446368316,1931.800446368316,2.014037351924079,-0.002481086856738699,-1.5657787946070796,0.024763195053972537,-1.5905180797729668,1.128847994220851,121.0847164834004,67.28639589561944
3493,003493,1860.44342061537,1860.44342061537,1931.800446368316,1931.800446368316,2.014037351924079,-0.002481086856738699,-1.5657787946070796,0.024763195053972537,-1.5905180797729668,1.128847994220851,121.0847164834004,67.28639589561944
3495,003495,1866.254649589019,1866.254649589019,1919.254029415608,1919.254029415608,2.023073685447837,-0.001729120249509546,-1.569392313614426,0.013692241791982286,-1.5651287137304093,1.129930671152837,120.0310462140434,66.95362481129119
3506,003506,1847.919204237398,1847.919204237398,1921.263788490785,1921.263788490785,2.044438354629837,-0.006856317126254376,-1.5601564303701785,0.017940294738900124,-1.5414667740539971,1.124371377834915,121.2376221304691,67.59771650670672
3507,003507,1859.633325720178,1859.633325720178,1926.337015754446,1926.337015754446,1.997003502293789,0.007118608021303436,-1.5655439822728348,-0.002684599072072188,-1.570856670035724,1.144582618675452,120.6792689337453,67.26448936786939
3513,003513,1857.34965296426,1857.34965296426,1917.924623722001,1917.924623722001,2.015306616523902,0.0004902130710700773,-1.5922332470746603,-0.014668153580254308,-1.5759355608146708,1.125060013269004,121.1604837134374,67.28731745081727
3517,003517,1859.746969636308,1859.746969636308,1914.204755444865,1914.204755444865,2.009231466004983,-0.002970823641278691,-1.5629319833589455,0.02952976018188684,-1.5422887360998494,1.136123277061316,120.581700743319,67.21490441580156
3536,003536,1863.334264630649,1863.334264630649,1907.62696303471,1907.62696303471,2.015970272322051,0.008957195838649488,-1.5225925316185862,0.015377765957622191,-1.5681989866297787,1.131092790341723,121.100845132532,67.24295811544353
3560,003560,1859.633325720178,1859.633325720178,1926.337015754446,1926.337015754446,1.997003502293789,0.007118608021303436,-1.5655439822728348,-0.002684599072072188,-1.570856670035724,1.144582618675452,120.6792689337453,67.26448936786939
3582,003582,1857.34965296426,1857.34965296426,1917.924623722001,1917.924623722001,2.015306616523902,0.0004902130710700773,-1.5922332470746603,-0.014668153580254308,-1.5759355608146708,1.125060013269004,121.1604837134374,67.28731745081727
3594,003594,1857.34965296426,1857.34965296426,1917.924623722001,1917.924623722001,2.015306616523902,0.0004902130710700773,-1.5922332210785368,-0.014674245860053241,-1.5741902425771948,1.125060013269004,121.1604837134374,67.28731745081727
3598,003598,1866.254649589019,1866.254649589019,1919.254029415608,1919.254029415608,2.023073685447837,-0.001729120249509546,-1.5676469090071028,0.013673190861190706,-1.5633595192911118,1.129930671152837,120.0310462140434,66.95362481129119
3599,003599,1859.746969636308,1859.746969636308,1914.204755444865,1914.204755444865,2.009231466004983,-0.002970823641278691,-1.5629319833589455,0.02952976018188684,-1.5422887360998494,1.136123277061316,120.581700743319,67.21490441580156
3609,003609,1859.746969636308,1859.746969636308,1914.204755444865,1914.204755444865,2.009231466004983,-0.002970823641278691,-1.5646779031491849,0.02956119474784027,-1.5405950950370737,1.136123277061316,120.581700743319,67.21490441580156
3632,003632,1866.254649589019,1866.254649589019,1919.254029415608,1919.254029415608,2.023073685447837,-0.001729120249509546,-1.569392313614426,0.013692241791982286,-1.5651287137304093,1.129930671152837,120.0310462140434,66.95362481129119
3636,003636,1866.254649589019,1866.254649589019,1919.254029415608,1919.254029415608,2.023073685447837,-0.001729120249509546,-1.569392313614426,0.013692241791982286,-1.5651287137304093,1.129930671152837,120.0310462140434,66.95362481129119
3640,003640,1859.746969636308,1859.746969636308,1914.204755444865,1914.204755444865,2.009231466004983,-0.002970823641278691,-1.5629319833589455,0.02952976018188684,-1.5422887360998494,1.136123277061316,120.581700743319,67.21490441580156
3646,003646,1859.746969636308,1859.746969636308,1914.204755444865,1914.204755444865,2.009231466004983,-0.002970823641278691,-1.5699128441987793,0.02975543926078322,-1.5477314577859038,1.136123277061316,120.581700743319,67.21490441580156
3673,003673,1857.34965296426,1857.34965296426,1917.924623722001,1917.924623722001,2.015306616523902,0.0004902130710700773,-1.5922332210785368,-0.014674245860053241,-1.5741902425771948,1.125060013269004,121.1604837134374,67.28731745081727
3676,003676,1866.254649589019,1866.254649589019,1919.254029415608,1919.254029415608,2.023073685447837,-0.001729120249509546,-1.5676469090071028,0.013673190861190706,-1.5633595192911118,1.129930671152837,120.0310462140434,66.95362481129119
3682,003682,1866.254649589019,1866.254649589019,1919.254029415608,1919.254029415608,2.023073685447837,-0.001729120249509546,-1.5676469090071028,0.013673190861190706,-1.5633595192911118,1.129930671152837,120.0310462140434,66.95362481129119
3684,003684,1866.254649589019,1866.254649589019,1919.254029415608,1919.254029415608,2.023073685447837,-0.001729120249509546,-1.5676468490155226,0.013682329143988894,-1.5651048237980518,1.129930671152837,120.0310462140434,66.95362481129119
3685,003685,1863.741408936456,1863.741408936456,1907.013643152467,1907.013643152467,2.005329759075146,-0.003650044106571175,-1.5887481757638633,-0.014656299128578557,-1.575956084520097,1.11944171485232,120.9702880538638,67.1682674453265
3695,003695,1863.741408936456,1863.741408936456,1907.013643152467,1907.013643152467,2.005329759075146,-0.003650044106571175,-1.5887481757638633,-0.014656299128578557,-1.575956084520097,1.11944171485232,120.9702880538638,67.1682674453265
3727,003727,1866.254649589019,1866.254649589019,1919.254029415608,1919.254029415608,2.023073685447837,-0.001729120249509546,-1.569392313614426,0.013692241791982286,-1.5651287137304093,1.129930671152837,120.0310462140434,66.95362481129119
3729,003729,1866.254649589019,1866.254649589019,1919.254029415608,1919.254029415608,2.023073685447837,-0.001729120249509546,-1.569392313614426,0.013692241791982286,-1.5651287137304093,1.129930671152837,120.0310462140434,66.95362481129119
3741,003741,1866.254649589019,1866.254649589019,1919.254029415608,1919.254029415608,2.023073685447837,-0.001729120249509546,-1.5676469090071028,0.013673190861190706,-1.5633595192911118,1.129930671152837,120.0310462140434,66.95362481129119
3747,003747,1859.746969636308,1859.746969636308,1914.204755444865,1914.204755444865,2.009231466004983,-0.002970823641278691,-1.5629319833589455,0.02952976018188684,-1.5422887360998494,1.136123277061316,120.581700743319,67.21490441580156
3773,003773,1859.633325720178,1859.633325720178,1926.337015754446,1926.337015754446,1.997003502293789,0.007118608021303436,-1.5655439822728348,-0.002684599072072188,-1.570856670035724,1.144582618675452,120.6792689337453,67.26448936786939
3778,003778,1859.746969636308,1859.746969636308,1914.204755444865,1914.204755444865,2.009231466004983,-0.002970823641278691,-1.5629319833589455,0.02952976018188684,-1.5422887360998494,1.136123277061316,120.581700743319,67.21490441580156
3785,003785,1863.741408936456,1863.741408936456,1907.013643152467,1907.013643152467,2.005329759075146,-0.003650044106571175,-1.5887481757638633,-0.014656299128578557,-1.575956084520097,1.11944171485232,120.9702880538638,67.1682674453265
3792,003792,1859.746969636308,1859.746969636308,1914.204755444865,1914.204755444865,2.009231466004983,-0.002970823641278691,-1.5629319833589455,0.02952976018188684,-1.5422887360998494,1.136123277061316,120.581700743319,67.21490441580156
3794,003794,1866.254649589019,1866.254649589019,1919.254029415608,1919.254029415608,2.023073685447837,-0.001729120249509546,-1.5676468490155226,0.013682329143988894,-1.5651048237980518,1.129930671152837,120.0310462140434,66.95362481129119
3808,003808,1847.919204237398,1847.919204237398,1921.263788490785,1921.263788490785,2.044438354629837,-0.006856317126254376,-1.5601564303701785,0.017940294738900124,-1.5414667740539971,1.124371377834915,121.2376221304691,67.59771650670672
3820,003820,1859.746969636308,1859.746969636308,1914.204755444865,1914.204755444865,2.009231466004983,-0.002970823641278691,-1.5699128441987793,0.02975543926078322,-1.5477314577859038,1.136123277061316,120.581700743319,67.21490441580156
3826,003826,1847.919204237398,1847.919204237398,1921.263788490785,1921.263788490785,2.044438354629837,-0.006856317126254376,-1.5601564303701785,0.017940294738900124,-1.5414667740539971,1.124371377834915,121.2376221304691,67.59771650670672
3827,003827,1863.741408936456,1863.741408936456,1907.013643152467,1907.013643152467,2.005329759075146,-0.003650044106571175,-1.5887481757638633,-0.014656299128578557,-1.575956084520097,1.11944171485232,120.9702880538638,67.1682674453265
3846,003846,1846.470459745119,1846.470459745119,1934.237294246353,1934.237294246353,2.053116246097614,0.007127191254660563,-1.5532465545489462,0.04239655825563713,-1.585496144359086,1.126073558516028,121.8482000805993,67.76262613512169
3859,003859,1863.334264630649,1863.334264630649,1907.62696303471,1907.62696303471,2.015970272322051,0.008957195838649488,-1.5225925316185862,0.015377765957622191,-1.5681989866297787,1.131092790341723,121.100845132532,67.24295811544353
3869,003869,1857.34965296426,1857.34965296426,1917.924623722001,1917.924623722001,2.015306616523902,0.0004902130710700773,-1.5922332210785368,-0.014674245860053241,-1.5741902425771948,1.125060013269004,121.1604837134374,67.28731745081727
3872,003872,1860.44342061537,1860.44342061537,1931.800446368316,1931.800446368316,2.014037351924079,-0.002481086856738699,-1.5657787946070796,0.024763195053972537,-1.5905180797729668,1.128847994220851,121.0847164834004,67.28639589561944
3873,003873,1847.919204237398,1847.919204237398,1921.263788490785,1921.263788490785,2.044438354629837,-0.006856317126254376,-1.5601564303701785,0.017940294738900124,-1.5414667740539971,1.124371377834915,121.2376221304691,67.59771650670672
3889,003889,1859.633325720178,1859.633325720178,1926.337015754446,1926.337015754446,1.997003502293789,0.007118608021303436,-1.5655439822728348,-0.002684599072072188,-1.570856670035724,1.144582618675452,120.6792689337453,67.26448936786939
3895,003895,1857.34965296426,1857.34965296426,1917.924623722001,1917.924623722001,2.015306616523902,0.0004902130710700773,-1.5922332210785368,-0.014674245860053241,-1.5741902425771948,1.125060013269004,121.1604837134374,67.28731745081727
3924,003924,1842.404839758716,1842.404839758716,1934.754952608012,1934.754952608012,2.047493806442693,0.01132193851634119,-1.5412444667550063,0.030238908236011552,-1.5662469692397305,1.128173733560131,121.8558717032652,67.74032599935602
3955,003955,1866.254649589019,1866.254649589019,1919.254029415608,1919.254029415608,2.023073685447837,-0.001729120249509546,-1.569392313614426,0.013692241791982286,-1.5651287137304093,1.129930671152837,120.0310462140434,66.95362481129119
3957,003957,1866.254649589019,1866.254649589019,1919.254029415608,1919.254029415608,2.023073685447837,-0.001729120249509546,-1.569392313614426,0.013692241791982286,-1.5651287137304093,1.129930671152837,120.0310462140434,66.95362481129119
3975,003975,1860.44342061537,1860.44342061537,1931.800446368316,1931.800446368316,2.014037351924079,-0.002481086856738699,-1.5657787946070796,0.024763195053972537,-1.5905180797729668,1.128847994220851,121.0847164834004,67.28639589561944
3977,003977,1866.254649589019,1866.254649589019,1919.254029415608,1919.254029415608,2.023073685447837,-0.001729120249509546,-1.5676469090071028,0.013673190861190706,-1.5633595192911118,1.129930671152837,120.0310462140434,66.95362481129119
3979,003979,1863.741408936456,1863.741408936456,1907.013643152467,1907.013643152467,2.00447886760607,-0.01270781496313672,-1.520610887543998,0.0164292314171461,-1.5728052951803733,1.102109518675779,120.9702880538638,67.1682674453265
3996,003996,1863.334264630649,1863.334264630649,1907.62696303471,1907.62696303471,2.015970272322051,0.008957195838649488,-1.5225925316185862,0.015377765957622191,-1.5681989866297787,1.131092790341723,121.100845132532,67.24295811544353
4011,004011,1866.254649589019,1866.254649589019,1919.254029415608,1919.254029415608,2.023073685447837,-0.001729120249509546,-1.5676469090071028,0.013673190861190706,-1.5633595192911118,1.129930671152837,120.0310462140434,66.95362481129119
4017,004017,1866.254649589019,1866.254649589019,1919.254029415608,1919.254029415608,2.023073685447837,-0.001729120249509546,-1.569392313614426,0.013692241791982286,-1.5651287137304093,1.129930671152837,120.0310462140434,66.95362481129119
4019,004019,1866.254649589019,1866.254649589019,1919.254029415608,1919.254029415608,2.023073685447837,-0.001729120249509546,-1.5676469090071028,0.013673190861190706,-1.5633595192911118,1.129930671152837,120.0310462140434,66.95362481129119
4030,004030,1859.633325720178,1859.633325720178,1926.337015754446,1926.337015754446,1.997003502293789,0.007118608021303436,-1.5655439822728348,-0.002684599072072188,-1.570856670035724,1.144582618675452,120.6792689337453,67.26448936786939
4034,004034,1866.254649589019,1866.254649589019,1919.254029415608,1919.254029415608,2.023073685447837,-0.001729120249509546,-1.569392313614426,0.013692241791982286,-1.5651287137304093,1.129930671152837,120.0310462140434,66.95362481129119
4037,004037,1863.741408936456,1863.741408936456,1907.013643152467,1907.013643152467,2.005329759075146,-0.003650044106571175,-1.5887481757638633,-0.014656299128578557,-1.575956084520097,1.11944171485232,120.9702880538638,67.1682674453265
4038,004038,1859.633325720178,1859.633325720178,1926.337015754446,1926.337015754446,1.997003502293789,0.007118608021303436,-1.5655439822728348,-0.002684599072072188,-1.570856670035724,1.144582618675452,120.6792689337453,67.26448936786939
4041,004041,1866.254649589019,1866.254649589019,1919.254029415608,1919.254029415608,2.023073685447837,-0.001729120249509546,-1.5676469090071028,0.013673190861190706,-1.5633595192911118,1.129930671152837,120.0310462140434,66.95362481129119
4052,004052,1859.633325720178,1859.633325720178,1926.337015754446,1926.337015754446,1.997003502293789,0.007118608021303436,-1.5655439822728348,-0.002684599072072188,-1.570856670035724,1.144582618675452,120.6792689337453,67.26448936786939
4065,004065,1860.44342061537,1860.44342061537,1931.800446368316,1931.800446368316,2.014037351924079,-0.002481086856738699,-1.5657787946070796,0.024763195053972537,-1.5905180797729668,1.128847994220851,121.0847164834004,67.28639589561944
4071,004071,1863.741408936456,1863.741408936456,1907.013643152467,1907.013643152467,2.005329759075146,-0.003650044106571175,-1.5887481757638633,-0.014656299128578557,-1.575956084520097,1.11944171485232,120.9702880538638,67.1682674453265
4078,004078,1847.919204237398,1847.919204237398,1921.263788490785,1921.263788490785,2.044438354629837,-0.006856317126254376,-1.5601557581409167,0.017964654651584994,-1.5449573354257424,1.124371377834915,121.2376221304691,67.59771650670672
4081,004081,1859.746969636308,1859.746969636308,1914.204755444865,1914.204755444865,2.009231466004983,-0.002970823641278691,-1.5629319833589455,0.02952976018188684,-1.5422887360998494,1.136123277061316,120.581700743319,67.21490441580156
4085,004085,1863.741408936456,1863.741408936456,1907.013643152467,1907.013643152467,2.005329759075146,-0.003650044106571175,-1.5887481757638633,-0.014656299128578557,-1.575956084520097,1.11944171485232,120.9702880538638,67.1682674453265
4095,004095,1880.974214387733,1880.974214387733,1915.779220181504,1915.779220181504,1.977851236897697,-0.006727592148754134,-1.5695917278837737,-0.016277110187861606,-1.570595924383754,1.100166968750412,119.4299449008713,66.58945770112874
4114,004114,1866.254649589019,1866.254649589019,1919.254029415608,1919.254029415608,2.023073685447837,-0.001729120249509546,-1.569392313614426,0.013692241791982286,-1.5651287137304093,1.129930671152837,120.0310462140434,66.95362481129119
4122,004122,1863.741408936456,1863.741408936456,1907.013643152467,1907.013643152467,2.005329759075146,-0.003650044106571175,-1.5887481757638633,-0.014656299128578557,-1.575956084520097,1.11944171485232,120.9702880538638,67.1682674453265
4123,004123,1847.919204237398,1847.919204237398,1921.263788490785,1921.263788490785,2.044438354629837,-0.006856317126254376,-1.56190185876231,0.01797318165006547,-1.538007519872931,1.124371377834915,121.2376221304691,67.59771650670672
4129,004129,1859.746969636308,1859.746969636308,1914.204755444865,1914.204755444865,2.009231466004983,-0.002970823641278691,-1.5629319833589455,0.02952976018188684,-1.5422887360998494,1.136123277061316,120.581700743319,67.21490441580156
4132,004132,1866.254649589019,1866.254649589019,1919.254029415608,1919.254029415608,2.023073685447837,-0.001729120249509546,-1.5676469090071028,0.013673190861190706,-1.5633595192911118,1.129930671152837,120.0310462140434,66.95362481129119
4136,004136,1863.741408936456,1863.741408936456,1907.013643152467,1907.013643152467,2.005329759075146,-0.003650044106571175,-1.5887481757638633,-0.014656299128578557,-1.575956084520097,1.11944171485232,120.9702880538638,67.1682674453265
4137,004137,1866.254649589019,1866.254649589019,1919.254029415608,1919.254029415608,2.023073685447837,-0.001729120249509546,-1.5676469090071028,0.013673190861190706,-1.5633595192911118,1.129930671152837,120.0310462140434,66.95362481129119
4141,004141,1866.254649589019,1866.254649589019,1919.254029415608,1919.254029415608,2.023073685447837,-0.001729120249509546,-1.5676468490155226,0.013682329143988894,-1.5651048237980518,1.129930671152837,120.0310462140434,66.95362481129119
4155,004155,1863.741408936456,1863.741408936456,1907.013643152467,1907.013643152467,2.005329759075146,-0.003650044106571175,-1.5887481757638633,-0.014656299128578557,-1.575956084520097,1.11944171485232,120.9702880538638,67.1682674453265
4156,004156,1847.919204237398,1847.919204237398,1921.263788490785,1921.263788490785,2.044438354629837,-0.006856317126254376,-1.5601564303701785,0.017940294738900124,-1.5414667740539971,1.124371377834915,121.2376221304691,67.59771650670672
4169,004169,1880.974214387733,1880.974214387733,1915.779220181504,1915.779220181504,1.977851236897697,-0.006727592148754134,-1.569591747497633,-0.01629538688615913,-1.5688506905097992,1.100166968750412,119.4299449008713,66.58945770112874
4174,004174,1859.746969636308,1859.746969636308,1914.204755444865,1914.204755444865,2.009231466004983,-0.002970823641278691,-1.5629319833589455,0.02952976018188684,-1.5422887360998494,1.136123277061316,120.581700743319,67.21490441580156
4189,004189,1847.919204237398,1847.919204237398,1921.263788490785,1921.263788490785,2.044438354629837,-0.006856317126254376,-1.5601557581409167,0.017964654651584994,-1.5449573354257424,1.124371377834915,121.2376221304691,67.59771650670672
4192,004192,1859.746969636308,1859.746969636308,1914.204755444865,1914.204755444865,2.009231466004983,-0.002970823641278691,-1.5646779031491849,0.02956119474784027,-1.5405950950370737,1.136123277061316,120.581700743319,67.21490441580156
4200,004200,1866.254649589019,1866.254649589019,1919.254029415608,1919.254029415608,2.023073685447837,-0.001729120249509546,-1.5676469090071028,0.013673190861190706,-1.5633595192911118,1.129930671152837,120.0310462140434,66.95362481129119
4205,004205,1859.746969636308,1859.746969636308,1914.204755444865,1914.204755444865,2.009231466004983,-0.002970823641278691,-1.5646779031491849,0.02956119474784027,-1.5405950950370737,1.136123277061316,120.581700743319,67.21490441580156
4206,004206,1863.741408936456,1863.741408936456,1907.013643152467,1907.013643152467,2.005329759075146,-0.003650044106571175,-1.5887481757638633,-0.014656299128578557,-1.575956084520097,1.11944171485232,120.9702880538638,67.1682674453265
4210,004210,1866.254649589019,1866.254649589019,1919.254029415608,1919.254029415608,2.023073685447837,-0.001729120249509546,-1.569392313614426,0.013692241791982286,-1.5651287137304093,1.129930671152837,120.0310462140434,66.95362481129119
4214,004214,1866.254649589019,1866.254649589019,1919.254029415608,1919.254029415608,2.023073685447837,-0.001729120249509546,-1.5676469090071028,0.013673190861190706,-1.5633595192911118,1.129930671152837,120.0310462140434,66.95362481129119
4232,004232,1855.611679448001,1855.611679448001,1918.782750108382,1918.782750108382,2.05513307421246,-0.002349478392438995,-1.561876401009322,0.01737311010595689,-1.5623148837201322,1.128509700670556,120.6309216201748,67.34206591228028
4240,004240,1847.919204237398,1847.919204237398,1921.263788490785,1921.263788490785,2.044438354629837,-0.006856317126254376,-1.5601557581409167,0.017964654651584994,-1.5449573354257424,1.124371377834915,121.2376221304691,67.59771650670672
4248,004248,1866.254649589019,1866.254649589019,1919.254029415608,1919.254029415608,2.023073685447837,-0.001729120249509546,-1.5676469090071028,0.013673190861190706,-1.5633595192911118,1.129930671152837,120.0310462140434,66.95362481129119
4249,004249,1866.254649589019,1866.254649589019,1919.254029415608,1919.254029415608,2.023073685447837,-0.001729120249509546,-1.5676469090071028,0.013673190861190706,-1.5633595192911118,1.129930671152837,120.0310462140434,66.95362481129119
4257,004257,1847.919204237398,1847.919204237398,1921.263788490785,1921.263788490785,2.044438354629837,-0.006856317126254376,-1.5601557581409167,0.017964654651584994,-1.5449573354257424,1.124371377834915,121.2376221304691,67.59771650670672
4261,004261,1857.479804288565,1857.479804288565,1922.888630990956,1922.888630990956,2.004635553476707,0.005137445956362164,-1.5510357394219714,-0.003256540141911394,-1.5595730426885313,1.146133774946981,120.7571865009013,67.36403230763489
4287,004287,1866.254649589019,1866.254649589019,1919.254029415608,1919.254029415608,2.023073685447837,-0.001729120249509546,-1.569392313614426,0.013692241791982286,-1.5651287137304093,1.129930671152837,120.0310462140434,66.95362481129119
4298,004298,1860.44342061537,1860.44342061537,1931.800446368316,1931.800446368316,2.014037351924079,-0.002481086856738699,-1.5657787946070796,0.024763195053972537,-1.5905180797729668,1.128847994220851,121.0847164834004,67.28639589561944
4319,004319,1863.741408936456,1863.741408936456,1907.013643152467,1907.013643152467,2.005329759075146,-0.003650044106571175,-1.5887481757638633,-0.014656299128578557,-1.575956084520097,1.11944171485232,120.9702880538638,67.1682674453265
4329,004329,1866.254649589019,1866.254649589019,1919.254029415608,1919.254029415608,2.023073685447837,-0.001729120249509546,-1.569392313614426,0.013692241791982286,-1.5651287137304093,1.129930671152837,120.0310462140434,66.95362481129119
4332,004332,1863.741408936456,1863.741408936456,1907.013643152467,1907.013643152467,2.005329759075146,-0.003650044106571175,-1.5887481757638633,-0.014656299128578557,-1.575956084520097,1.11944171485232,120.9702880538638,67.1682674453265
4333,004333,1866.254649589019,1866.254649589019,1919.254029415608,1919.254029415608,2.023073685447837,-0.001729120249509546,-1.569392313614426,0.013692241791982286,-1.5651287137304093,1.129930671152837,120.0310462140434,66.95362481129119
4346,004346,1859.746969636308,1859.746969636308,1914.204755444865,1914.204755444865,2.009231466004983,-0.002970823641278691,-1.5629319833589455,0.02952976018188684,-1.5422887360998494,1.136123277061316,120.581700743319,67.21490441580156
4367,004367,1857.34965296426,1857.34965296426,1917.924623722001,1917.924623722001,2.015306616523902,0.0004902130710700773,-1.5922332210785368,-0.014674245860053241,-1.5741902425771948,1.125060013269004,121.1604837134374,67.28731745081727
4370,004370,1846.470459745119,1846.470459745119,1934.237294246353,1934.237294246353,2.053116246097614,0.007127191254660563,-1.5532465545489462,0.04239655825563713,-1.585496144359086,1.126073558516028,121.8482000805993,67.76262613512169
4378,004378,1863.741408936456,1863.741408936456,1907.013643152467,1907.013643152467,2.005329759075146,-0.003650044106571175,-1.5887481757638633,-0.014656299128578557,-1.575956084520097,1.11944171485232,120.9702880538638,67.1682674453265
4384,004384,1859.633325720178,1859.633325720178,1926.337015754446,1926.337015754446,1.997003502293789,0.007118608021303436,-1.5655439822728348,-0.002684599072072188,-1.570856670035724,1.144582618675452,120.6792689337453,67.26448936786939
4390,004390,1866.254649589019,1866.254649589019,1919.254029415608,1919.254029415608,2.022382969590999,-0.003597953696000636,-1.5700586556197347,0.014603913747234055,-1.5640112962393267,1.130147879676854,120.0310462140434,66.95362481129119
4391,004391,1857.34965296426,1857.34965296426,1917.924623722001,1917.924623722001,2.015306616523902,0.0004902130710700773,-1.5922332470746603,-0.014668153580254308,-1.5759355608146708,1.125060013269004,121.1604837134374,67.28731745081727
4392,004392,1866.254649589019,1866.254649589019,1919.254029415608,1919.254029415608,2.023073685447837,-0.001729120249509546,-1.569392313614426,0.013692241791982286,-1.5651287137304093,1.129930671152837,120.0310462140434,66.95362481129119
4402,004402,1859.633325720178,1859.633325720178,1926.337015754446,1926.337015754446,1.997003502293789,0.007118608021303436,-1.5620533111985258,-0.002684372079317857,-1.5708660406901325,1.144582618675452,120.6792689337453,67.26448936786939
4406,004406,1866.254649589019,1866.254649589019,1919.254029415608,1919.254029415608,2.023073685447837,-0.001729120249509546,-1.569392313614426,0.013692241791982286,-1.5651287137304093,1.129930671152837,120.0310462140434,66.95362481129119
4407,004407,1863.741408936456,1863.741408936456,1907.013643152467,1907.013643152467,2.005329759075146,-0.003650044106571175,-1.5887481757638633,-0.014656299128578557,-1.575956084520097,1.11944171485232,120.9702880538638,67.1682674453265
4415,004415,1859.746969636308,1859.746969636308,1914.204755444865,1914.204755444865,2.009231466004983,-0.002970823641278691,-1.5699128441987793,0.02975543926078322,-1.5477314577859038,1.136123277061316,120.581700743319,67.21490441580156
4417,004417,1859.746969636308,1859.746969636308,1914.204755444865,1914.204755444865,2.009231466004983,-0.002970823641278691,-1.5629319833589455,0.02952976018188684,-1.5422887360998494,1.136123277061316,120.581700743319,67.21490441580156
4436,004436,1866.254649589019,1866.254649589019,1919.254029415608,1919.254029415608,2.023073685447837,-0.001729120249509546,-1.5676469090071028,0.013673190861190706,-1.5633595192911118,1.129930671152837,120.0310462140434,66.95362481129119
4476,004476,1866.254649589019,1866.254649589019,1919.254029415608,1919.254029415608,2.023073685447837,-0.001729120249509546,-1.5676469090071028,0.013673190861190706,-1.5633595192911118,1.129930671152837,120.0310462140434,66.95362481129119
4487,004487,1859.746969636308,1859.746969636308,1914.204755444865,1914.204755444865,2.009231466004983,-0.002970823641278691,-1.5646779031491849,0.02956119474784027,-1.5405950950370737,1.136123277061316,120.581700743319,67.21490441580156
4497,004497,1857.34965296426,1857.34965296426,1917.924623722001,1917.924623722001,2.015306616523902,0.0004902130710700773,-1.5922332470746603,-0.014668153580254308,-1.5759355608146708,1.125060013269004,121.1604837134374,67.28731745081727
4509,004509,1866.254649589019,1866.254649589019,1919.254029415608,1919.254029415608,2.023073685447837,-0.001729120249509546,-1.569392313614426,0.013692241791982286,-1.5651287137304093,1.129930671152837,120.0310462140434,66.95362481129119
4513,004513,1860.44342061537,1860.44342061537,1931.800446368316,1931.800446368316,2.014037351924079,-0.002481086856738699,-1.5657787946070796,0.024763195053972537,-1.5905180797729668,1.128847994220851,121.0847164834004,67.28639589561944
4518,004518,1866.254649589019,1866.254649589019,1919.254029415608,1919.254029415608,2.023073685447837,-0.001729120249509546,-1.569392313614426,0.013692241791982286,-1.5651287137304093,1.129930671152837,120.0310462140434,66.95362481129119
4558,004558,1860.44342061537,1860.44342061537,1931.800446368316,1931.800446368316,2.014037351924079,-0.002481086856738699,-1.5657787946070796,0.024763195053972537,-1.5905180797729668,1.128847994220851,121.0847164834004,67.28639589561944
4562,004562,1847.919204237398,1847.919204237398,1921.263788490785,1921.263788490785,2.044438354629837,-0.006856317126254376,-1.5601564303701785,0.017940294738900124,-1.5414667740539971,1.124371377834915,121.2376221304691,67.59771650670672
4565,004565,1847.919204237398,1847.919204237398,1921.263788490785,1921.263788490785,2.044438354629837,-0.006856317126254376,-1.56190185876231,0.01797318165006547,-1.538007519872931,1.124371377834915,121.2376221304691,67.59771650670672
4573,004573,1842.404839758716,1842.404839758716,1934.754952608012,1934.754952608012,2.047493806442693,0.01132193851634119,-1.5412444667550063,0.030238908236011552,-1.5662469692397305,1.128173733560131,121.8558717032652,67.74032599935602
4581,004581,1866.254649589019,1866.254649589019,1919.254029415608,1919.254029415608,2.023073685447837,-0.001729120249509546,-1.569392313614426,0.013692241791982286,-1.5651287137304093,1.129930671152837,120.0310462140434,66.95362481129119
4584,004584,1866.254649589019,1866.254649589019,1919.254029415608,1919.254029415608,2.023073685447837,-0.001729120249509546,-1.569392313614426,0.013692241791982286,-1.5651287137304093,1.129930671152837,120.0310462140434,66.95362481129119
4591,004591,1860.44342061537,1860.44342061537,1931.800446368316,1931.800446368316,2.014037351924079,-0.002481086856738699,-1.5657787946070796,0.024763195053972537,-1.5905180797729668,1.128847994220851,121.0847164834004,67.28639589561944
4599,004599,1859.746969636308,1859.746969636308,1914.204755444865,1914.204755444865,2.009231466004983,-0.002970823641278691,-1.5646779031491849,0.02956119474784027,-1.5405950950370737,1.136123277061316,120.581700743319,67.21490441580156
4611,004611,1857.34965296426,1857.34965296426,1917.924623722001,1917.924623722001,2.015306616523902,0.0004902130710700773,-1.5922332470746603,-0.014668153580254308,-1.5759355608146708,1.125060013269004,121.1604837134374,67.28731745081727
4616,004616,1857.479804288565,1857.479804288565,1922.888630990956,1922.888630990956,2.004635553476707,0.005137445956362164,-1.558016415459667,-0.0031506953783180715,-1.5647864995029954,1.146133774946981,120.7571865009013,67.36403230763489
4628,004628,1860.44342061537,1860.44342061537,1931.800446368316,1931.800446368316,2.014037351924079,-0.002481086856738699,-1.5657787946070796,0.024763195053972537,-1.5905180797729668,1.128847994220851,121.0847164834004,67.28639589561944
4637,004637,1866.254649589019,1866.254649589019,1919.254029415608,1919.254029415608,2.023073685447837,-0.001729120249509546,-1.5676469090071028,0.013673190861190706,-1.5633595192911118,1.129930671152837,120.0310462140434,66.95362481129119
4639,004639,1859.633325720178,1859.633325720178,1926.337015754446,1926.337015754446,1.997003502293789,0.007118608021303436,-1.5655439822728348,-0.002684599072072188,-1.570856670035724,1.144582618675452,120.6792689337453,67.26448936786939
4652,004652,1860.44342061537,1860.44342061537,1931.800446368316,1931.800446368316,2.014037351924079,-0.002481086856738699,-1.5657787946070796,0.024763195053972537,-1.5905180797729668,1.128847994220851,121.0847164834004,67.28639589561944
4660,004660,1847.919204237398,1847.919204237398,1921.263788490785,1921.263788490785,2.044438354629837,-0.006856317126254376,-1.56190185876231,0.01797318165006547,-1.538007519872931,1.124371377834915,121.2376221304691,67.59771650670672
4662,004662,1846.470459745119,1846.470459745119,1934.237294246353,1934.237294246353,2.053116246097614,0.007127191254660563,-1.5532465545489462,0.04239655825563713,-1.585496144359086,1.126073558516028,121.8482000805993,67.76262613512169
4679,004679,1866.254649589019,1866.254649589019,1919.254029415608,1919.254029415608,2.023073685447837,-0.001729120249509546,-1.5676468490155226,0.013682329143988894,-1.5651048237980518,1.129930671152837,120.0310462140434,66.95362481129119
4707,004707,1859.746969636308,1859.746969636308,1914.204755444865,1914.204755444865,2.009231466004983,-0.002970823641278691,-1.5699128441987793,0.02975543926078322,-1.5477314577859038,1.136123277061316,120.581700743319,67.21490441580156
4712,004712,1859.746969636308,1859.746969636308,1914.204755444865,1914.204755444865,2.009231466004983,-0.002970823641278691,-1.5629319833589455,0.02952976018188684,-1.5422887360998494,1.136123277061316,120.581700743319,67.21490441580156
4723,004723,1857.34965296426,1857.34965296426,1917.924623722001,1917.924623722001,2.015306616523902,0.0004902130710700773,-1.5922332470746603,-0.014668153580254308,-1.5759355608146708,1.125060013269004,121.1604837134374,67.28731745081727
4744,004744,1863.334264630649,1863.334264630649,1907.62696303471,1907.62696303471,2.015970272322051,0.008957195838649488,-1.5225925316185862,0.015377765957622191,-1.5681989866297787,1.131092790341723,121.100845132532,67.24295811544353
4767,004767,1857.479804288565,1857.479804288565,1922.888630990956,1922.888630990956,2.004635553476707,0.005137445956362164,-1.558016415459667,-0.0031506953783180715,-1.5647864995029954,1.146133774946981,120.7571865009013,67.36403230763489
4770,004770,1880.974214387733,1880.974214387733,1915.779220181504,1915.779220181504,1.977851236897697,-0.006727592148754134,-1.5713373051013404,-0.016291966292714507,-1.5688222502099622,1.100166968750412,119.4299449008713,66.58945770112874
4780,004780,1860.44342061537,1860.44342061537,1931.800446368316,1931.800446368316,2.014037351924079,-0.002481086856738699,-1.5657787946070796,0.024763195053972537,-1.5905180797729668,1.128847994220851,121.0847164834004,67.28639589561944
4786,004786,1859.746969636308,1859.746969636308,1914.204755444865,1914.204755444865,2.009231466004983,-0.002970823641278691,-1.5646779031491849,0.02956119474784027,-1.5405950950370737,1.136123277061316,120.581700743319,67.21490441580156
4789,004789,1859.746969636308,1859.746969636308,1914.204755444865,1914.204755444865,2.009231466004983,-0.002970823641278691,-1.5699128441987793,0.02975543926078322,-1.5477314577859038,1.136123277061316,120.581700743319,67.21490441580156
4796,004796,1866.254649589019,1866.254649589019,1919.254029415608,1919.254029415608,2.023073685447837,-0.001729120249509546,-1.5676469090071028,0.013673190861190706,-1.5633595192911118,1.129930671152837,120.0310462140434,66.95362481129119
4806,004806,1847.919204237398,1847.919204237398,1921.263788490785,1921.263788490785,2.044438354629837,-0.006856317126254376,-1.5601564303701785,0.017940294738900124,-1.5414667740539971,1.124371377834915,121.2376221304691,67.59771650670672
4815,004815,1859.746969636308,1859.746969636308,1914.204755444865,1914.204755444865,2.009231466004983,-0.002970823641278691,-1.5629319833589455,0.02952976018188684,-1.5422887360998494,1.136123277061316,120.581700743319,67.21490441580156
4820,004820,1875.341941705681,1875.341941705681,1915.635705796355,1915.635705796355,1.982010734183471,-0.001951416398337044,-1.5952666133753044,0.07678052066715899,-1.6225170415384549,1.132630915685097,119.7869740687292,66.78209093962884
4826,004826,1857.34965296426,1857.34965296426,1917.924623722001,1917.924623722001,2.015306616523902,0.0004902130710700773,-1.5922332210785368,-0.014674245860053241,-1.5741902425771948,1.125060013269004,121.1604837134374,67.28731745081727
4828,004828,1857.34965296426,1857.34965296426,1917.924623722001,1917.924623722001,2.015306616523902,0.0004902130710700773,-1.5922332470746603,-0.014668153580254308,-1.5759355608146708,1.125060013269004,121.1604837134374,67.28731745081727
4832,004832,1847.919204237398,1847.919204237398,1921.263788490785,1921.263788490785,2.044438354629837,-0.006856317126254376,-1.5601557581409167,0.017964654651584994,-1.5449573354257424,1.124371377834915,121.2376221304691,67.59771650670672
4836,004836,1859.746969636308,1859.746969636308,1914.204755444865,1914.204755444865,2.009231466004983,-0.002970823641278691,-1.5629319833589455,0.02952976018188684,-1.5422887360998494,1.136123277061316,120.581700743319,67.21490441580156
4866,004866,1863.741408936456,1863.741408936456,1907.013643152467,1907.013643152467,2.005329759075146,-0.003650044106571175,-1.5887481757638633,-0.014656299128578557,-1.575956084520097,1.11944171485232,120.9702880538638,67.1682674453265
4874,004874,1863.741408936456,1863.741408936456,1907.013643152467,1907.013643152467,2.005329759075146,-0.003650044106571175,-1.5887481757638633,-0.014656299128578557,-1.575956084520097,1.11944171485232,120.9702880538638,67.1682674453265
4877,004877,1866.254649589019,1866.254649589019,1919.254029415608,1919.254029415608,2.023073685447837,-0.001729120249509546,-1.569392313614426,0.013692241791982286,-1.5651287137304093,1.129930671152837,120.0310462140434,66.95362481129119
4893,004893,1846.470459745119,1846.470459745119,1934.237294246353,1934.237294246353,2.053116246097614,0.007127191254660563,-1.5532465545489462,0.04239655825563713,-1.585496144359086,1.126073558516028,121.8482000805993,67.76262613512169
4909,004909,1846.470459745119,1846.470459745119,1934.237294246353,1934.237294246353,2.053116246097614,0.007127191254660563,-1.5532465545489462,0.04239655825563713,-1.585496144359086,1.126073558516028,121.8482000805993,67.76262613512169
4922,004922,1847.919204237398,1847.919204237398,1921.263788490785,1921.263788490785,2.044438354629837,-0.006856317126254376,-1.56190185876231,0.01797318165006547,-1.538007519872931,1.124371377834915,121.2376221304691,67.59771650670672
4955,004955,1860.44342061537,1860.44342061537,1931.800446368316,1931.800446368316,2.014037351924079,-0.002481086856738699,-1.5657787946070796,0.024763195053972537,-1.5905180797729668,1.128847994220851,121.0847164834004,67.28639589561944
4959,004959,1863.334264630649,1863.334264630649,1907.62696303471,1907.62696303471,2.015970272322051,0.008957195838649488,-1.5225925316185862,0.015377765957622191,-1.5681989866297787,1.131092790341723,121.100845132532,67.24295811544353
4966,004966,1859.746969636308,1859.746969636308,1914.204755444865,1914.204755444865,2.009231466004983,-0.002970823641278691,-1.5629319833589455,0.02952976018188684,-1.5422887360998494,1.136123277061316,120.581700743319,67.21490441580156
4975,004975,1866.254649589019,1866.254649589019,1919.254029415608,1919.254029415608,2.023073685447837,-0.001729120249509546,-1.5676468490155226,0.013682329143988894,-1.5651048237980518,1.129930671152837,120.0310462140434,66.95362481129119
4983,004983,1866.254649589019,1866.254649589019,1919.254029415608,1919.254029415608,2.023073685447837,-0.001729120249509546,-1.569392313614426,0.013692241791982286,-1.5651287137304093,1.129930671152837,120.0310462140434,66.95362481129119
4994,004994,1860.44342061537,1860.44342061537,1931.800446368316,1931.800446368316,2.014037351924079,-0.002481086856738699,-1.5657787946070796,0.024763195053972537,-1.5905180797729668,1.128847994220851,121.0847164834004,67.28639589561944
5003,005003,1859.633325720178,1859.633325720178,1926.337015754446,1926.337015754446,1.997003502293789,0.007118608021303436,-1.5655439822728348,-0.002684599072072188,-1.570856670035724,1.144582618675452,120.6792689337453,67.26448936786939
5010,005010,1866.254649589019,1866.254649589019,1919.254029415608,1919.254029415608,2.023073685447837,-0.001729120249509546,-1.569392313614426,0.013692241791982286,-1.5651287137304093,1.129930671152837,120.0310462140434,66.95362481129119
5014,005014,1866.254649589019,1866.254649589019,1919.254029415608,1919.254029415608,2.023073685447837,-0.001729120249509546,-1.5676469090071028,0.013673190861190706,-1.5633595192911118,1.129930671152837,120.0310462140434,66.95362481129119
5015,005015,1859.746969636308,1859.746969636308,1914.204755444865,1914.204755444865,2.009231466004983,-0.002970823641278691,-1.5646779031491849,0.02956119474784027,-1.5405950950370737,1.136123277061316,120.581700743319,67.21490441580156
5024,005024,1842.404839758716,1842.404839758716,1934.754952608012,1934.754952608012,2.047493806442693,0.01132193851634119,-1.5412444667550063,0.030238908236011552,-1.5662469692397305,1.128173733560131,121.8558717032652,67.74032599935602
5033,005033,1859.746969636308,1859.746969636308,1914.204755444865,1914.204755444865,2.009231466004983,-0.002970823641278691,-1.5629319833589455,0.02952976018188684,-1.5422887360998494,1.136123277061316,120.581700743319,67.21490441580156
5041,005041,1857.34965296426,1857.34965296426,1917.924623722001,1917.924623722001,2.015306616523902,0.0004902130710700773,-1.5922332210785368,-0.014674245860053241,-1.5741902425771948,1.125060013269004,121.1604837134374,67.28731745081727
5051,005051,1866.254649589019,1866.254649589019,1919.254029415608,1919.254029415608,2.022382969590999,-0.003597953696000636,-1.5700586556197347,0.014603913747234055,-1.5640112962393267,1.130147879676854,120.0310462140434,66.95362481129119
5055,005055,1859.746969636308,1859.746969636308,1914.204755444865,1914.204755444865,2.009231466004983,-0.002970823641278691,-1.5699128441987793,0.02975543926078322,-1.5477314577859038,1.136123277061316,120.581700743319,67.21490441580156
5070,005070,1857.34965296426,1857.34965296426,1917.924623722001,1917.924623722001,2.015306616523902,0.0004902130710700773,-1.5922332210785368,-0.014674245860053241,-1.5741902425771948,1.125060013269004,121.1604837134374,67.28731745081727
5074,005074,1857.479804288565,1857.479804288565,1922.888630990956,1922.888630990956,2.004635553476707,0.005137445956362164,-1.558016415459667,-0.0031506953783180715,-1.5647864995029954,1.146133774946981,120.7571865009013,67.36403230763489
5097,005097,1866.254649589019,1866.254649589019,1919.254029415608,1919.254029415608,2.023073685447837,-0.001729120249509546,-1.569392313614426,0.013692241791982286,-1.5651287137304093,1.129930671152837,120.0310462140434,66.95362481129119
5115,005115,1866.254649589019,1866.254649589019,1919.254029415608,1919.254029415608,2.023073685447837,-0.001729120249509546,-1.569392313614426,0.013692241791982286,-1.5651287137304093,1.129930671152837,120.0310462140434,66.95362481129119
5134,005134,1860.44342061537,1860.44342061537,1931.800446368316,1931.800446368316,2.014037351924079,-0.002481086856738699,-1.5657787946070796,0.024763195053972537,-1.5905180797729668,1.128847994220851,121.0847164834004,67.28639589561944
5136,005136,1866.254649589019,1866.254649589019,1919.254029415608,1919.254029415608,2.023073685447837,-0.001729120249509546,-1.5676468490155226,0.013682329143988894,-1.5651048237980518,1.129930671152837,120.0310462140434,66.95362481129119
5141,005141,1863.334264630649,1863.334264630649,1907.62696303471,1907.62696303471,2.015970272322051,0.008957195838649488,-1.5225925316185862,0.015377765957622191,-1.5681989866297787,1.131092790341723,121.100845132532,67.24295811544353
5169,005169,1859.633325720178,1859.633325720178,1926.337015754446,1926.337015754446,1.997003502293789,0.007118608021303436,-1.5655439822728348,-0.002684599072072188,-1.570856670035724,1.144582618675452,120.6792689337453,67.26448936786939
5170,005170,1860.44342061537,1860.44342061537,1931.800446368316,1931.800446368316,2.014037351924079,-0.002481086856738699,-1.5657787946070796,0.024763195053972537,-1.5905180797729668,1.128847994220851,121.0847164834004,67.28639589561944
5179,005179,1880.974214387733,1880.974214387733,1915.779220181504,1915.779220181504,1.977851236897697,-0.006727592148754134,-1.569591747497633,-0.01629538688615913,-1.5688506905097992,1.100166968750412,119.4299449008713,66.58945770112874
5182,005182,1847.919204237398,1847.919204237398,1921.263788490785,1921.263788490785,2.044438354629837,-0.006856317126254376,-1.5601557581409167,0.017964654651584994,-1.5449573354257424,1.124371377834915,121.2376221304691,67.59771650670672
5191,005191,1866.254649589019,1866.254649589019,1919.254029415608,1919.254029415608,2.023073685447837,-0.001729120249509546,-1.569392313614426,0.013692241791982286,-1.5651287137304093,1.129930671152837,120.0310462140434,66.95362481129119
5204,005204,1859.746969636308,1859.746969636308,1914.204755444865,1914.204755444865,2.009231466004983,-0.002970823641278691,-1.5629319833589455,0.02952976018188684,-1.5422887360998494,1.136123277061316,120.581700743319,67.21490441580156
5222,005222,1860.44342061537,1860.44342061537,1931.800446368316,1931.800446368316,2.014037351924079,-0.002481086856738699,-1.5657787946070796,0.024763195053972537,-1.5905180797729668,1.128847994220851,121.0847164834004,67.28639589561944
5226,005226,1847.919204237398,1847.919204237398,1921.263788490785,1921.263788490785,2.044438354629837,-0.006856317126254376,-1.5601557581409167,0.017964654651584994,-1.5449573354257424,1.124371377834915,121.2376221304691,67.59771650670672
5231,005231,1857.34965296426,1857.34965296426,1917.924623722001,1917.924623722001,2.015306616523902,0.0004902130710700773,-1.5922332470746603,-0.014668153580254308,-1.5759355608146708,1.125060013269004,121.1604837134374,67.28731745081727
5240,005240,1863.334264630649,1863.334264630649,1907.62696303471,1907.62696303471,2.015970272322051,0.008957195838649488,-1.5225925316185862,0.015377765957622191,-1.5681989866297787,1.131092790341723,121.100845132532,67.24295811544353
5243,005243,1859.633325720178,1859.633325720178,1926.337015754446,1926.337015754446,1.997003502293789,0.007118608021303436,-1.5655439822728348,-0.002684599072072188,-1.570856670035724,1.144582618675452,120.6792689337453,67.26448936786939
5252,005252,1866.254649589019,1866.254649589019,1919.254029415608,1919.254029415608,2.023073685447837,-0.001729120249509546,-1.5676469090071028,0.013673190861190706,-1.5633595192911118,1.129930671152837,120.0310462140434,66.95362481129119
5258,005258,1880.974214387733,1880.974214387733,1915.779220181504,1915.779220181504,1.977851236897697,-0.006727592148754134,-1.569591747497633,-0.01629538688615913,-1.5688506905097992,1.100166968750412,119.4299449008713,66.58945770112874
5261,005261,1847.919204237398,1847.919204237398,1921.263788490785,1921.263788490785,2.044438354629837,-0.006856317126254376,-1.5601557581409167,0.017964654651584994,-1.5449573354257424,1.124371377834915,121.2376221304691,67.59771650670672
5268,005268,1863.741408936456,1863.741408936456,1907.013643152467,1907.013643152467,2.005329759075146,-0.003650044106571175,-1.5887481757638633,-0.014656299128578557,-1.575956084520097,1.11944171485232,120.9702880538638,67.1682674453265
5275,005275,1863.334264630649,1863.334264630649,1907.62696303471,1907.62696303471,2.015970272322051,0.008957195838649488,-1.5225925316185862,0.015377765957622191,-1.5681989866297787,1.131092790341723,121.100845132532,67.24295811544353
5283,005283,1847.919204237398,1847.919204237398,1921.263788490785,1921.263788490785,2.044438354629837,-0.006856317126254376,-1.5601564303701785,0.017940294738900124,-1.5414667740539971,1.124371377834915,121.2376221304691,67.59771650670672
5308,005308,1880.974214387733,1880.974214387733,1915.779220181504,1915.779220181504,1.977851236897697,-0.006727592148754134,-1.569591747497633,-0.01629538688615913,-1.5688506905097992,1.100166968750412,119.4299449008713,66.58945770112874
5327,005327,1857.34965296426,1857.34965296426,1917.924623722001,1917.924623722001,2.015306616523902,0.0004902130710700773,-1.5922332470746603,-0.014668153580254308,-1.5759355608146708,1.125060013269004,121.1604837134374,67.28731745081727
5343,005343,1866.254649589019,1866.254649589019,1919.254029415608,1919.254029415608,2.023073685447837,-0.001729120249509546,-1.569392313614426,0.013692241791982286,-1.5651287137304093,1.129930671152837,120.0310462140434,66.95362481129119
5349,005349,1859.746969636308,1859.746969636308,1914.204755444865,1914.204755444865,2.009231466004983,-0.002970823641278691,-1.5699128441987793,0.02975543926078322,-1.5477314577859038,1.136123277061316,120.581700743319,67.21490441580156
5354,005354,1842.404839758716,1842.404839758716,1934.754952608012,1934.754952608012,2.049676593409205,0.00840991717115261,-1.5282289359939825,0.030133228316926594,-1.5689091484340498,1.12962535674074,121.8558717032652,67.74032599935602
5366,005366,1866.254649589019,1866.254649589019,1919.254029415608,1919.254029415608,2.023073685447837,-0.001729120249509546,-1.5676469090071028,0.013673190861190706,-1.5633595192911118,1.129930671152837,120.0310462140434,66.95362481129119
5369,005369,1863.334264630649,1863.334264630649,1907.62696303471,1907.62696303471,2.015970272322051,0.008957195838649488,-1.5225925316185862,0.015377765957622191,-1.5681989866297787,1.131092790341723,121.100845132532,67.24295811544353
5394,005394,1866.254649589019,1866.254649589019,1919.254029415608,1919.254029415608,2.023073685447837,-0.001729120249509546,-1.569392313614426,0.013692241791982286,-1.5651287137304093,1.129930671152837,120.0310462140434,66.95362481129119
5400,005400,1863.334264630649,1863.334264630649,1907.62696303471,1907.62696303471,2.015970272322051,0.008957195838649488,-1.5225925316185862,0.015377765957622191,-1.5681989866297787,1.131092790341723,121.100845132532,67.24295811544353
5405,005405,1863.334264630649,1863.334264630649,1907.62696303471,1907.62696303471,2.015970272322051,0.008957195838649488,-1.5225925316185862,0.015377765957622191,-1.5681989866297787,1.131092790341723,121.100845132532,67.24295811544353
5411,005411,1857.34965296426,1857.34965296426,1917.924623722001,1917.924623722001,2.015306616523902,0.0004902130710700773,-1.5922332210785368,-0.014674245860053241,-1.5741902425771948,1.125060013269004,121.1604837134374,67.28731745081727
5417,005417,1857.34965296426,1857.34965296426,1917.924623722001,1917.924623722001,2.015306616523902,0.0004902130710700773,-1.5922332210785368,-0.014674245860053241,-1.5741902425771948,1.125060013269004,121.1604837134374,67.28731745081727
5429,005429,1866.254649589019,1866.254649589019,1919.254029415608,1919.254029415608,2.023073685447837,-0.001729120249509546,-1.5676469090071028,0.013673190861190706,-1.5633595192911118,1.129930671152837,120.0310462140434,66.95362481129119
5432,005432,1866.254649589019,1866.254649589019,1919.254029415608,1919.254029415608,2.023073685447837,-0.001729120249509546,-1.569392313614426,0.013692241791982286,-1.5651287137304093,1.129930671152837,120.0310462140434,66.95362481129119
5439,005439,1863.741408936456,1863.741408936456,1907.013643152467,1907.013643152467,2.005329759075146,-0.003650044106571175,-1.5887481757638633,-0.014656299128578557,-1.575956084520097,1.11944171485232,120.9702880538638,67.1682674453265
5440,005440,1863.334264630649,1863.334264630649,1907.62696303471,1907.62696303471,2.015970272322051,0.008957195838649488,-1.5225925316185862,0.015377765957622191,-1.5681989866297787,1.131092790341723,121.100845132532,67.24295811544353
5442,005442,1866.254649589019,1866.254649589019,1919.254029415608,1919.254029415608,2.023073685447837,-0.001729120249509546,-1.569392313614426,0.013692241791982286,-1.5651287137304093,1.129930671152837,120.0310462140434,66.95362481129119
5443,005443,1859.746969636308,1859.746969636308,1914.204755444865,1914.204755444865,2.009231466004983,-0.002970823641278691,-1.5629319833589455,0.02952976018188684,-1.5422887360998494,1.136123277061316,120.581700743319,67.21490441580156
5447,005447,1880.974214387733,1880.974214387733,1915.779220181504,1915.779220181504,1.977851236897697,-0.006727592148754134,-1.569591747497633,-0.01629538688615913,-1.5688506905097992,1.100166968750412,119.4299449008713,66.58945770112874
5454,005454,1863.741408936456,1863.741408936456,1907.013643152467,1907.013643152467,2.005329759075146,-0.003650044106571175,-1.5887481757638633,-0.014656299128578557,-1.575956084520097,1.11944171485232,120.9702880538638,67.1682674453265
5455,005455,1842.404839758716,1842.404839758716,1934.754952608012,1934.754952608012,2.047493806442693,0.01132193851634119,-1.5412444667550063,0.030238908236011552,-1.5662469692397305,1.128173733560131,121.8558717032652,67.74032599935602
5459,005459,1880.974214387733,1880.974214387733,1915.779220181504,1915.779220181504,1.977851236897697,-0.006727592148754134,-1.569591747497633,-0.01629538688615913,-1.5688506905097992,1.100166968750412,119.4299449008713,66.58945770112874
5462,005462,1859.633325720178,1859.633325720178,1926.337015754446,1926.337015754446,1.997003502293789,0.007118608021303436,-1.5655439822728348,-0.002684599072072188,-1.570856670035724,1.144582618675452,120.6792689337453,67.26448936786939
5475,005475,1859.746969636308,1859.746969636308,1914.204755444865,1914.204755444865,2.009231466004983,-0.002970823641278691,-1.5646779031491849,0.02956119474784027,-1.5405950950370737,1.136123277061316,120.581700743319,67.21490441580156
5476,005476,1857.34965296426,1857.34965296426,1917.924623722001,1917.924623722001,2.015306616523902,0.0004902130710700773,-1.5922332470746603,-0.014668153580254308,-1.5759355608146708,1.125060013269004,121.1604837134374,67.28731745081727
5498,005498,1880.974214387733,1880.974214387733,1915.779220181504,1915.779220181504,1.977851236897697,-0.006727592148754134,-1.5713373051013404,-0.016291966292714507,-1.5688222502099622,1.100166968750412,119.4299449008713,66.58945770112874
5500,005500,1857.34965296426,1857.34965296426,1917.924623722001,1917.924623722001,2.015306616523902,0.0004902130710700773,-1.5922332470746603,-0.014668153580254308,-1.5759355608146708,1.125060013269004,121.1604837134374,67.28731745081727
5511,005511,1857.34965296426,1857.34965296426,1917.924623722001,1917.924623722001,2.015306616523902,0.0004902130710700773,-1.5922332210785368,-0.014674245860053241,-1.5741902425771948,1.125060013269004,121.1604837134374,67.28731745081727
5518,005518,1857.34965296426,1857.34965296426,1917.924623722001,1917.924623722001,2.015306616523902,0.0004902130710700773,-1.5922332210785368,-0.014674245860053241,-1.5741902425771948,1.125060013269004,121.1604837134374,67.28731745081727
5536,005536,1857.34965296426,1857.34965296426,1917.924623722001,1917.924623722001,2.015306616523902,0.0004902130710700773,-1.5922332210785368,-0.014674245860053241,-1.5741902425771948,1.125060013269004,121.1604837134374,67.28731745081727
5538,005538,1860.44342061537,1860.44342061537,1931.800446368316,1931.800446368316,2.014037351924079,-0.002481086856738699,-1.5657787946070796,0.024763195053972537,-1.5905180797729668,1.128847994220851,121.0847164834004,67.28639589561944
5545,005545,1847.919204237398,1847.919204237398,1921.263788490785,1921.263788490785,2.044438354629837,-0.006856317126254376,-1.5601564303701785,0.017940294738900124,-1.5414667740539971,1.124371377834915,121.2376221304691,67.59771650670672
5549,005549,1863.741408936456,1863.741408936456,1907.013643152467,1907.013643152467,2.00447886760607,-0.01270781496313672,-1.5188653261385996,0.01643271269900077,-1.5727766151929443,1.102109518675779,120.9702880538638,67.1682674453265
5550,005550,1866.254649589019,1866.254649589019,1919.254029415608,1919.254029415608,2.023073685447837,-0.001729120249509546,-1.569392313614426,0.013692241791982286,-1.5651287137304093,1.129930671152837,120.0310462140434,66.95362481129119
5571,005571,1847.919204237398,1847.919204237398,1921.263788490785,1921.263788490785,2.044438354629837,-0.006856317126254376,-1.5601564303701785,0.017940294738900124,-1.5414667740539971,1.124371377834915,121.2376221304691,67.59771650670672
5574,005574,1860.44342061537,1860.44342061537,1931.800446368316,1931.800446368316,2.014037351924079,-0.002481086856738699,-1.5657787946070796,0.024763195053972537,-1.5905180797729668,1.128847994220851,121.0847164834004,67.28639589561944
5577,005577,1866.254649589019,1866.254649589019,1919.254029415608,1919.254029415608,2.023073685447837,-0.001729120249509546,-1.5676469090071028,0.013673190861190706,-1.5633595192911118,1.129930671152837,120.0310462140434,66.95362481129119
5595,005595,1880.974214387733,1880.974214387733,1915.779220181504,1915.779220181504,1.977851236897697,-0.006727592148754134,-1.569591747497633,-0.01629538688615913,-1.5688506905097992,1.100166968750412,119.4299449008713,66.58945770112874
5597,005597,1859.746969636308,1859.746969636308,1914.204755444865,1914.204755444865,2.009231466004983,-0.002970823641278691,-1.5646779031491849,0.02956119474784027,-1.5405950950370737,1.136123277061316,120.581700743319,67.21490441580156
5603,005603,1859.746969636308,1859.746969636308,1914.204755444865,1914.204755444865,2.009231466004983,-0.002970823641278691,-1.5646779031491849,0.02956119474784027,-1.5405950950370737,1.136123277061316,120.581700743319,67.21490441580156
5612,005612,1847.919204237398,1847.919204237398,1921.263788490785,1921.263788490785,2.044438354629837,-0.006856317126254376,-1.56190185876231,0.01797318165006547,-1.538007519872931,1.124371377834915,121.2376221304691,67.59771650670672
5614,005614,1859.746969636308,1859.746969636308,1914.204755444865,1914.204755444865,2.009231466004983,-0.002970823641278691,-1.5646779031491849,0.02956119474784027,-1.5405950950370737,1.136123277061316,120.581700743319,67.21490441580156
5621,005621,1863.334264630649,1863.334264630649,1907.62696303471,1907.62696303471,2.015970272322051,0.008957195838649488,-1.5225925316185862,0.015377765957622191,-1.5681989866297787,1.131092790341723,121.100845132532,67.24295811544353
5623,005623,1859.746969636308,1859.746969636308,1914.204755444865,1914.204755444865,2.009231466004983,-0.002970823641278691,-1.5629319833589455,0.02952976018188684,-1.5422887360998494,1.136123277061316,120.581700743319,67.21490441580156
5636,005636,1847.919204237398,1847.919204237398,1921.263788490785,1921.263788490785,2.044438354629837,-0.006856317126254376,-1.5601557581409167,0.017964654651584994,-1.5449573354257424,1.124371377834915,121.2376221304691,67.59771650670672
5638,005638,1863.334264630649,1863.334264630649,1907.62696303471,1907.62696303471,2.015970272322051,0.008957195838649488,-1.5225925316185862,0.015377765957622191,-1.5681989866297787,1.131092790341723,121.100845132532,67.24295811544353
5642,005642,1847.919204237398,1847.919204237398,1921.263788490785,1921.263788490785,2.044438354629837,-0.006856317126254376,-1.56190185876231,0.01797318165006547,-1.538007519872931,1.124371377834915,121.2376221304691,67.59771650670672
5652,005652,1857.34965296426,1857.34965296426,1917.924623722001,1917.924623722001,2.015306616523902,0.0004902130710700773,-1.5922332470746603,-0.014668153580254308,-1.5759355608146708,1.125060013269004,121.1604837134374,67.28731745081727
5661,005661,1857.34965296426,1857.34965296426,1917.924623722001,1917.924623722001,2.015306616523902,0.0004902130710700773,-1.5922332210785368,-0.014674245860053241,-1.5741902425771948,1.125060013269004,121.1604837134374,67.28731745081727
5666,005666,1863.334264630649,1863.334264630649,1907.62696303471,1907.62696303471,2.015970272322051,0.008957195838649488,-1.5225925316185862,0.015377765957622191,-1.5681989866297787,1.131092790341723,121.100845132532,67.24295811544353
5670,005670,1880.974214387733,1880.974214387733,1915.779220181504,1915.779220181504,1.977851236897697,-0.006727592148754134,-1.5713373051013404,-0.016291966292714507,-1.5688222502099622,1.100166968750412,119.4299449008713,66.58945770112874
5673,005673,1863.741408936456,1863.741408936456,1907.013643152467,1907.013643152467,2.00447886760607,-0.01270781496313672,-1.5188653261385996,0.01643271269900077,-1.5727766151929443,1.102109518675779,120.9702880538638,67.1682674453265
5686,005686,1857.34965296426,1857.34965296426,1917.924623722001,1917.924623722001,2.015306616523902,0.0004902130710700773,-1.5922332210785368,-0.014674245860053241,-1.5741902425771948,1.125060013269004,121.1604837134374,67.28731745081727
5701,005701,1866.254649589019,1866.254649589019,1919.254029415608,1919.254029415608,2.023073685447837,-0.001729120249509546,-1.569392313614426,0.013692241791982286,-1.5651287137304093,1.129930671152837,120.0310462140434,66.95362481129119
5703,005703,1866.254649589019,1866.254649589019,1919.254029415608,1919.254029415608,2.023073685447837,-0.001729120249509546,-1.5676469090071028,0.013673190861190706,-1.5633595192911118,1.129930671152837,120.0310462140434,66.95362481129119
5712,005712,1857.34965296426,1857.34965296426,1917.924623722001,1917.924623722001,2.015306616523902,0.0004902130710700773,-1.5922332210785368,-0.014674245860053241,-1.5741902425771948,1.125060013269004,121.1604837134374,67.28731745081727
5722,005722,1866.254649589019,1866.254649589019,1919.254029415608,1919.254029415608,2.023073685447837,-0.001729120249509546,-1.569392313614426,0.013692241791982286,-1.5651287137304093,1.129930671152837,120.0310462140434,66.95362481129119
5733,005733,1866.254649589019,1866.254649589019,1919.254029415608,1919.254029415608,2.023073685447837,-0.001729120249509546,-1.569392313614426,0.013692241791982286,-1.5651287137304093,1.129930671152837,120.0310462140434,66.95362481129119
5739,005739,1880.974214387733,1880.974214387733,1915.779220181504,1915.779220181504,1.977851236897697,-0.006727592148754134,-1.5695917278837737,-0.016277110187861606,-1.570595924383754,1.100166968750412,119.4299449008713,66.58945770112874
5753,005753,1860.44342061537,1860.44342061537,1931.800446368316,1931.800446368316,2.014037351924079,-0.002481086856738699,-1.5657787946070796,0.024763195053972537,-1.5905180797729668,1.128847994220851,121.0847164834004,67.28639589561944
5755,005755,1860.44342061537,1860.44342061537,1931.800446368316,1931.800446368316,2.014037351924079,-0.002481086856738699,-1.5657787946070796,0.024763195053972537,-1.5905180797729668,1.128847994220851,121.0847164834004,67.28639589561944
5759,005759,1842.404839758716,1842.404839758716,1934.754952608012,1934.754952608012,2.049676593409205,0.00840991717115261,-1.5282289359939825,0.030133228316926594,-1.5689091484340498,1.12962535674074,121.8558717032652,67.74032599935602
5760,005760,1880.974214387733,1880.974214387733,1915.779220181504,1915.779220181504,1.977851236897697,-0.006727592148754134,-1.569591747497633,-0.01629538688615913,-1.5688506905097992,1.100166968750412,119.4299449008713,66.58945770112874
5761,005761,1857.34965296426,1857.34965296426,1917.924623722001,1917.924623722001,2.015306616523902,0.0004902130710700773,-1.5922332470746603,-0.014668153580254308,-1.5759355608146708,1.125060013269004,121.1604837134374,67.28731745081727
5767,005767,1846.470459745119,1846.470459745119,1934.237294246353,1934.237294246353,2.053116246097614,0.007127191254660563,-1.5532465545489462,0.04239655825563713,-1.585496144359086,1.126073558516028,121.8482000805993,67.76262613512169
5790,005790,1880.974214387733,1880.974214387733,1915.779220181504,1915.779220181504,1.977851236897697,-0.006727592148754134,-1.569591747497633,-0.01629538688615913,-1.5688506905097992,1.100166968750412,119.4299449008713,66.58945770112874
5791,005791,1847.919204237398,1847.919204237398,1921.263788490785,1921.263788490785,2.044438354629837,-0.006856317126254376,-1.5601557581409167,0.017964654651584994,-1.5449573354257424,1.124371377834915,121.2376221304691,67.59771650670672
5801,005801,1857.34965296426,1857.34965296426,1917.924623722001,1917.924623722001,2.015306616523902,0.0004902130710700773,-1.5922332470746603,-0.014668153580254308,-1.5759355608146708,1.125060013269004,121.1604837134374,67.28731745081727
5804,005804,1866.254649589019,1866.254649589019,1919.254029415608,1919.254029415608,2.023073685447837,-0.001729120249509546,-1.5676469090071028,0.013673190861190706,-1.5633595192911118,1.129930671152837,120.0310462140434,66.95362481129119
5808,005808,1847.919204237398,1847.919204237398,1921.263788490785,1921.263788490785,2.044438354629837,-0.006856317126254376,-1.5601564303701785,0.017940294738900124,-1.5414667740539971,1.124371377834915,121.2376221304691,67.59771650670672
5820,005820,1857.34965296426,1857.34965296426,1917.924623722001,1917.924623722001,2.015306616523902,0.0004902130710700773,-1.5922332210785368,-0.014674245860053241,-1.5741902425771948,1.125060013269004,121.1604837134374,67.28731745081727
5833,005833,1860.44342061537,1860.44342061537,1931.800446368316,1931.800446368316,2.014037351924079,-0.002481086856738699,-1.5657787946070796,0.024763195053972537,-1.5905180797729668,1.128847994220851,121.0847164834004,67.28639589561944
5836,005836,1859.746969636308,1859.746969636308,1914.204755444865,1914.204755444865,2.009231466004983,-0.002970823641278691,-1.5629319833589455,0.02952976018188684,-1.5422887360998494,1.136123277061316,120.581700743319,67.21490441580156
5844,005844,1857.479804288565,1857.479804288565,1922.888630990956,1922.888630990956,2.004635553476707,0.005137445956362164,-1.5510357394219714,-0.003256540141911394,-1.5595730426885313,1.146133774946981,120.7571865009013,67.36403230763489
5857,005857,1863.334264630649,1863.334264630649,1907.62696303471,1907.62696303471,2.015970272322051,0.008957195838649488,-1.5225925316185862,0.015377765957622191,-1.5681989866297787,1.131092790341723,121.100845132532,67.24295811544353
5864,005864,1842.404839758716,1842.404839758716,1934.754952608012,1934.754952608012,2.045975662868765,-0.002400173486311045,-1.55338857412205,0.01825416843181658,-1.577136067995388,1.130651936362605,121.8558717032652,67.74032599935602
5869,005869,1847.919204237398,1847.919204237398,1921.263788490785,1921.263788490785,2.044438354629837,-0.006856317126254376,-1.5601557581409167,0.017964654651584994,-1.5449573354257424,1.124371377834915,121.2376221304691,67.59771650670672
5871,005871,1846.470459745119,1846.470459745119,1934.237294246353,1934.237294246353,2.053116246097614,0.007127191254660563,-1.5532465545489462,0.04239655825563713,-1.585496144359086,1.126073558516028,121.8482000805993,67.76262613512169
5878,005878,1863.334264630649,1863.334264630649,1907.62696303471,1907.62696303471,2.015970272322051,0.008957195838649488,-1.5225925316185862,0.015377765957622191,-1.5681989866297787,1.131092790341723,121.100845132532,67.24295811544353
5897,005897,1866.254649589019,1866.254649589019,1919.254029415608,1919.254029415608,2.023073685447837,-0.001729120249509546,-1.5676469090071028,0.013673190861190706,-1.5633595192911118,1.129930671152837,120.0310462140434,66.95362481129119
5911,005911,1863.741408936456,1863.741408936456,1907.013643152467,1907.013643152467,2.005329759075146,-0.003650044106571175,-1.5887481757638633,-0.014656299128578557,-1.575956084520097,1.11944171485232,120.9702880538638,67.1682674453265
5916,005916,1866.254649589019,1866.254649589019,1919.254029415608,1919.254029415608,2.023073685447837,-0.001729120249509546,-1.569392313614426,0.013692241791982286,-1.5651287137304093,1.129930671152837,120.0310462140434,66.95362481129119
5926,005926,1857.479804288565,1857.479804288565,1922.888630990956,1922.888630990956,2.004635553476707,0.005137445956362164,-1.558016415459667,-0.0031506953783180715,-1.5647864995029954,1.146133774946981,120.7571865009013,67.36403230763489
5946,005946,1860.44342061537,1860.44342061537,1931.800446368316,1931.800446368316,2.014037351924079,-0.002481086856738699,-1.5657787946070796,0.024763195053972537,-1.5905180797729668,1.128847994220851,121.0847164834004,67.28639589561944
5949,005949,1866.254649589019,1866.254649589019,1919.254029415608,1919.254029415608,2.023073685447837,-0.001729120249509546,-1.5676469090071028,0.013673190861190706,-1.5633595192911118,1.129930671152837,120.0310462140434,66.95362481129119
5962,005962,1847.919204237398,1847.919204237398,1921.263788490785,1921.263788490785,2.044438354629837,-0.006856317126254376,-1.5601557581409167,0.017964654651584994,-1.5449573354257424,1.124371377834915,121.2376221304691,67.59771650670672
5963,005963,1880.974214387733,1880.974214387733,1915.779220181504,1915.779220181504,1.977851236897697,-0.006727592148754134,-1.5713373051013404,-0.016291966292714507,-1.5688222502099622,1.100166968750412,119.4299449008713,66.58945770112874
5971,005971,1847.919204237398,1847.919204237398,1921.263788490785,1921.263788490785,2.044438354629837,-0.006856317126254376,-1.5601564303701785,0.017940294738900124,-1.5414667740539971,1.124371377834915,121.2376221304691,67.59771650670672
5973,005973,1860.44342061537,1860.44342061537,1931.800446368316,1931.800446368316,2.014037351924079,-0.002481086856738699,-1.5657787946070796,0.024763195053972537,-1.5905180797729668,1.128847994220851,121.0847164834004,67.28639589561944
6007,006007,1857.34965296426,1857.34965296426,1917.924623722001,1917.924623722001,2.015306616523902,0.0004902130710700773,-1.5922332470746603,-0.014668153580254308,-1.5759355608146708,1.125060013269004,121.1604837134374,67.28731745081727
6012,006012,1859.633325720178,1859.633325720178,1926.337015754446,1926.337015754446,1.997003502293789,0.007118608021303436,-1.5655439822728348,-0.002684599072072188,-1.570856670035724,1.144582618675452,120.6792689337453,67.26448936786939
6036,006036,1857.34965296426,1857.34965296426,1917.924623722001,1917.924623722001,2.015306616523902,0.0004902130710700773,-1.5922332210785368,-0.014674245860053241,-1.5741902425771948,1.125060013269004,121.1604837134374,67.28731745081727
6045,006045,1847.919204237398,1847.919204237398,1921.263788490785,1921.263788490785,2.044438354629837,-0.006856317126254376,-1.56190185876231,0.01797318165006547,-1.538007519872931,1.124371377834915,121.2376221304691,67.59771650670672
6058,006058,1866.254649589019,1866.254649589019,1919.254029415608,1919.254029415608,2.023073685447837,-0.001729120249509546,-1.569392313614426,0.013692241791982286,-1.5651287137304093,1.129930671152837,120.0310462140434,66.95362481129119
6065,006065,1863.741408936456,1863.741408936456,1907.013643152467,1907.013643152467,2.005329759075146,-0.003650044106571175,-1.5887481757638633,-0.014656299128578557,-1.575956084520097,1.11944171485232,120.9702880538638,67.1682674453265
6086,006086,1863.741408936456,1863.741408936456,1907.013643152467,1907.013643152467,2.005329759075146,-0.003650044106571175,-1.5887481757638633,-0.014656299128578557,-1.575956084520097,1.11944171485232,120.9702880538638,67.1682674453265
6110,006110,1859.633325720178,1859.633325720178,1926.337015754446,1926.337015754446,1.997003502293789,0.007118608021303436,-1.5655439822728348,-0.002684599072072188,-1.570856670035724,1.144582618675452,120.6792689337453,67.26448936786939
6112,006112,1859.746969636308,1859.746969636308,1914.204755444865,1914.204755444865,2.009231466004983,-0.002970823641278691,-1.5629319833589455,0.02952976018188684,-1.5422887360998494,1.136123277061316,120.581700743319,67.21490441580156
6125,006125,1866.254649589019,1866.254649589019,1919.254029415608,1919.254029415608,2.023073685447837,-0.001729120249509546,-1.5676469090071028,0.013673190861190706,-1.5633595192911118,1.129930671152837,120.0310462140434,66.95362481129119
6139,006139,1866.254649589019,1866.254649589019,1919.254029415608,1919.254029415608,2.023073685447837,-0.001729120249509546,-1.5676469090071028,0.013673190861190706,-1.5633595192911118,1.129930671152837,120.0310462140434,66.95362481129119
6151,006151,1860.44342061537,1860.44342061537,1931.800446368316,1931.800446368316,2.014037351924079,-0.002481086856738699,-1.5657787946070796,0.024763195053972537,-1.5905180797729668,1.128847994220851,121.0847164834004,67.28639589561944
6173,006173,1859.746969636308,1859.746969636308,1914.204755444865,1914.204755444865,2.009231466004983,-0.002970823641278691,-1.5646779031491849,0.02956119474784027,-1.5405950950370737,1.136123277061316,120.581700743319,67.21490441580156
6180,006180,1880.974214387733,1880.974214387733,1915.779220181504,1915.779220181504,1.977851236897697,-0.006727592148754134,-1.5695917278837737,-0.016277110187861606,-1.570595924383754,1.100166968750412,119.4299449008713,66.58945770112874
6202,006202,1857.34965296426,1857.34965296426,1917.924623722001,1917.924623722001,2.015306616523902,0.0004902130710700773,-1.5922332470746603,-0.014668153580254308,-1.5759355608146708,1.125060013269004,121.1604837134374,67.28731745081727
6204,006204,1857.34965296426,1857.34965296426,1917.924623722001,1917.924623722001,2.015306616523902,0.0004902130710700773,-1.5922332210785368,-0.014674245860053241,-1.5741902425771948,1.125060013269004,121.1604837134374,67.28731745081727
6206,006206,1859.746969636308,1859.746969636308,1914.204755444865,1914.204755444865,2.009231466004983,-0.002970823641278691,-1.5646779031491849,0.02956119474784027,-1.5405950950370737,1.136123277061316,120.581700743319,67.21490441580156
6217,006217,1880.974214387733,1880.974214387733,1915.779220181504,1915.779220181504,1.977851236897697,-0.006727592148754134,-1.569591747497633,-0.01629538688615913,-1.5688506905097992,1.100166968750412,119.4299449008713,66.58945770112874
6223,006223,1859.633325720178,1859.633325720178,1926.337015754446,1926.337015754446,1.997003502293789,0.007118608021303436,-1.5655439822728348,-0.002684599072072188,-1.570856670035724,1.144582618675452,120.6792689337453,67.26448936786939
6238,006238,1866.254649589019,1866.254649589019,1919.254029415608,1919.254029415608,2.023073685447837,-0.001729120249509546,-1.5676469090071028,0.013673190861190706,-1.5633595192911118,1.129930671152837,120.0310462140434,66.95362481129119
6240,006240,1860.44342061537,1860.44342061537,1931.800446368316,1931.800446368316,2.014037351924079,-0.002481086856738699,-1.5657787946070796,0.024763195053972537,-1.5905180797729668,1.128847994220851,121.0847164834004,67.28639589561944
6243,006243,1863.334264630649,1863.334264630649,1907.62696303471,1907.62696303471,2.015970272322051,0.008957195838649488,-1.5225925316185862,0.015377765957622191,-1.5681989866297787,1.131092790341723,121.100845132532,67.24295811544353
6251,006251,1866.254649589019,1866.254649589019,1919.254029415608,1919.254029415608,2.023073685447837,-0.001729120249509546,-1.5676469090071028,0.013673190861190706,-1.5633595192911118,1.129930671152837,120.0310462140434,66.95362481129119
6262,006262,1860.44342061537,1860.44342061537,1931.800446368316,1931.800446368316,2.014037351924079,-0.002481086856738699,-1.5657787946070796,0.024763195053972537,-1.5905180797729668,1.128847994220851,121.0847164834004,67.28639589561944
6270,006270,1859.746969636308,1859.746969636308,1914.204755444865,1914.204755444865,2.009231466004983,-0.002970823641278691,-1.5699128441987793,0.02975543926078322,-1.5477314577859038,1.136123277061316,120.581700743319,67.21490441580156
6275,006275,1880.974214387733,1880.974214387733,1915.779220181504,1915.779220181504,1.977851236897697,-0.006727592148754134,-1.569591747497633,-0.01629538688615913,-1.5688506905097992,1.100166968750412,119.4299449008713,66.58945770112874
6291,006291,1857.34965296426,1857.34965296426,1917.924623722001,1917.924623722001,2.015306616523902,0.0004902130710700773,-1.5922332470746603,-0.014668153580254308,-1.5759355608146708,1.125060013269004,121.1604837134374,67.28731745081727
6322,006322,1860.44342061537,1860.44342061537,1931.800446368316,1931.800446368316,2.014037351924079,-0.002481086856738699,-1.5657787946070796,0.024763195053972537,-1.5905180797729668,1.128847994220851,121.0847164834004,67.28639589561944
6323,006323,1842.404839758716,1842.404839758716,1934.754952608012,1934.754952608012,2.047493806442693,0.01132193851634119,-1.5412444667550063,0.030238908236011552,-1.5662469692397305,1.128173733560131,121.8558717032652,67.74032599935602
6332,006332,1859.746969636308,1859.746969636308,1914.204755444865,1914.204755444865,2.009231466004983,-0.002970823641278691,-1.5646779031491849,0.02956119474784027,-1.5405950950370737,1.136123277061316,120.581700743319,67.21490441580156
6365,006365,1857.34965296426,1857.34965296426,1917.924623722001,1917.924623722001,2.015306616523902,0.0004902130710700773,-1.5922332210785368,-0.014674245860053241,-1.5741902425771948,1.125060013269004,121.1604837134374,67.28731745081727
6368,006368,1860.44342061537,1860.44342061537,1931.800446368316,1931.800446368316,2.014037351924079,-0.002481086856738699,-1.5657787946070796,0.024763195053972537,-1.5905180797729668,1.128847994220851,121.0847164834004,67.28639589561944
6374,006374,1857.34965296426,1857.34965296426,1917.924623722001,1917.924623722001,2.015306616523902,0.0004902130710700773,-1.5922332210785368,-0.014674245860053241,-1.5741902425771948,1.125060013269004,121.1604837134374,67.28731745081727
6384,006384,1859.633325720178,1859.633325720178,1926.337015754446,1926.337015754446,1.997003502293789,0.007118608021303436,-1.5655439822728348,-0.002684599072072188,-1.570856670035724,1.144582618675452,120.6792689337453,67.26448936786939
6394,006394,1859.746969636308,1859.746969636308,1914.204755444865,1914.204755444865,2.009231466004983,-0.002970823641278691,-1.5646779031491849,0.02956119474784027,-1.5405950950370737,1.136123277061316,120.581700743319,67.21490441580156
6416,006416,1866.254649589019,1866.254649589019,1919.254029415608,1919.254029415608,2.023073685447837,-0.001729120249509546,-1.5676469090071028,0.013673190861190706,-1.5633595192911118,1.129930671152837,120.0310462140434,66.95362481129119
6418,006418,1857.34965296426,1857.34965296426,1917.924623722001,1917.924623722001,2.015306616523902,0.0004902130710700773,-1.5922332470746603,-0.014668153580254308,-1.5759355608146708,1.125060013269004,121.1604837134374,67.28731745081727
6429,006429,1860.44342061537,1860.44342061537,1931.800446368316,1931.800446368316,2.014037351924079,-0.002481086856738699,-1.5657787946070796,0.024763195053972537,-1.5905180797729668,1.128847994220851,121.0847164834004,67.28639589561944
6453,006453,1863.741408936456,1863.741408936456,1907.013643152467,1907.013643152467,2.00447886760607,-0.01270781496313672,-1.5188653261385996,0.01643271269900077,-1.5727766151929443,1.102109518675779,120.9702880538638,67.1682674453265
6460,006460,1866.254649589019,1866.254649589019,1919.254029415608,1919.254029415608,2.022382969590999,-0.003597953696000636,-1.5700586556197347,0.014603913747234055,-1.5640112962393267,1.130147879676854,120.0310462140434,66.95362481129119
6480,006480,1859.746969636308,1859.746969636308,1914.204755444865,1914.204755444865,2.009231466004983,-0.002970823641278691,-1.5629319833589455,0.02952976018188684,-1.5422887360998494,1.136123277061316,120.581700743319,67.21490441580156
6489,006489,1866.254649589019,1866.254649589019,1919.254029415608,1919.254029415608,2.023073685447837,-0.001729120249509546,-1.5676468490155226,0.013682329143988894,-1.5651048237980518,1.129930671152837,120.0310462140434,66.95362481129119
6496,006496,1863.334264630649,1863.334264630649,1907.62696303471,1907.62696303471,2.015970272322051,0.008957195838649488,-1.5225925316185862,0.015377765957622191,-1.5681989866297787,1.131092790341723,121.100845132532,67.24295811544353
6509,006509,1863.741408936456,1863.741408936456,1907.013643152467,1907.013643152467,2.005329759075146,-0.003650044106571175,-1.5887481757638633,-0.014656299128578557,-1.575956084520097,1.11944171485232,120.9702880538638,67.1682674453265
6522,006522,1842.404839758716,1842.404839758716,1934.754952608012,1934.754952608012,2.047493806442693,0.01132193851634119,-1.5412444667550063,0.030238908236011552,-1.5662469692397305,1.128173733560131,121.8558717032652,67.74032599935602
6531,006531,1859.746969636308,1859.746969636308,1914.204755444865,1914.204755444865,2.009231466004983,-0.002970823641278691,-1.5629319833589455,0.02952976018188684,-1.5422887360998494,1.136123277061316,120.581700743319,67.21490441580156
6533,006533,1860.44342061537,1860.44342061537,1931.800446368316,1931.800446368316,2.014037351924079,-0.002481086856738699,-1.5657787946070796,0.024763195053972537,-1.5905180797729668,1.128847994220851,121.0847164834004,67.28639589561944
6572,006572,1859.746969636308,1859.746969636308,1914.204755444865,1914.204755444865,2.009231466004983,-0.002970823641278691,-1.5629319833589455,0.02952976018188684,-1.5422887360998494,1.136123277061316,120.581700743319,67.21490441580156
6573,006573,1866.254649589019,1866.254649589019,1919.254029415608,1919.254029415608,2.023073685447837,-0.001729120249509546,-1.5676469090071028,0.013673190861190706,-1.5633595192911118,1.129930671152837,120.0310462140434,66.95362481129119
6578,006578,1866.254649589019,1866.254649589019,1919.254029415608,1919.254029415608,2.023073685447837,-0.001729120249509546,-1.569392313614426,0.013692241791982286,-1.5651287137304093,1.129930671152837,120.0310462140434,66.95362481129119
6591,006591,1875.341941705681,1875.341941705681,1915.635705796355,1915.635705796355,1.982010734183471,-0.001951416398337044,-1.5952666133753044,0.07678052066715899,-1.6225170415384549,1.132630915685097,119.7869740687292,66.78209093962884
6607,006607,1858.597086427252,1858.597086427252,1924.42584741907,1924.42584741907,2.029652670668384,0.006069991084438096,-1.5481785083094486,0.042104190812269744,-1.5829092444598964,1.133153905263153,121.4569399168275,67.46593912807965
6619,006619,1857.34965296426,1857.34965296426,1917.924623722001,1917.924623722001,2.015306616523902,0.0004902130710700773,-1.5922332210785368,-0.014674245860053241,-1.5741902425771948,1.125060013269004,121.1604837134374,67.28731745081727
6629,006629,1859.746969636308,1859.746969636308,1914.204755444865,1914.204755444865,2.009231466004983,-0.002970823641278691,-1.5629319833589455,0.02952976018188684,-1.5422887360998494,1.136123277061316,120.581700743319,67.21490441580156
6633,006633,1857.34965296426,1857.34965296426,1917.924623722001,1917.924623722001,2.015306616523902,0.0004902130710700773,-1.5922332470746603,-0.014668153580254308,-1.5759355608146708,1.125060013269004,121.1604837134374,67.28731745081727
6644,006644,1863.334264630649,1863.334264630649,1907.62696303471,1907.62696303471,2.015970272322051,0.008957195838649488,-1.5225925316185862,0.015377765957622191,-1.5681989866297787,1.131092790341723,121.100845132532,67.24295811544353
6645,006645,1842.404839758716,1842.404839758716,1934.754952608012,1934.754952608012,2.045975662868765,-0.002400173486311045,-1.55338857412205,0.01825416843181658,-1.577136067995388,1.130651936362605,121.8558717032652,67.74032599935602
6652,006652,1863.741408936456,1863.741408936456,1907.013643152467,1907.013643152467,2.005329759075146,-0.003650044106571175,-1.5887481757638633,-0.014656299128578557,-1.575956084520097,1.11944171485232,120.9702880538638,67.1682674453265
6696,006696,1880.974214387733,1880.974214387733,1915.779220181504,1915.779220181504,1.977851236897697,-0.006727592148754134,-1.569591747497633,-0.01629538688615913,-1.5688506905097992,1.100166968750412,119.4299449008713,66.58945770112874
6697,006697,1859.746969636308,1859.746969636308,1914.204755444865,1914.204755444865,2.009231466004983,-0.002970823641278691,-1.5629319833589455,0.02952976018188684,-1.5422887360998494,1.136123277061316,120.581700743319,67.21490441580156
6708,006708,1866.254649589019,1866.254649589019,1919.254029415608,1919.254029415608,2.023073685447837,-0.001729120249509546,-1.5676468490155226,0.013682329143988894,-1.5651048237980518,1.129930671152837,120.0310462140434,66.95362481129119
6709,006709,1866.254649589019,1866.254649589019,1919.254029415608,1919.254029415608,2.023073685447837,-0.001729120249509546,-1.5676469090071028,0.013673190861190706,-1.5633595192911118,1.129930671152837,120.0310462140434,66.95362481129119
6737,006737,1860.44342061537,1860.44342061537,1931.800446368316,1931.800446368316,2.014037351924079,-0.002481086856738699,-1.5657787946070796,0.024763195053972537,-1.5905180797729668,1.128847994220851,121.0847164834004,67.28639589561944
6744,006744,1860.44342061537,1860.44342061537,1931.800446368316,1931.800446368316,2.014037351924079,-0.002481086856738699,-1.5657787946070796,0.024763195053972537,-1.5905180797729668,1.128847994220851,121.0847164834004,67.28639589561944
6779,006779,1880.974214387733,1880.974214387733,1915.779220181504,1915.779220181504,1.977851236897697,-0.006727592148754134,-1.569591747497633,-0.01629538688615913,-1.5688506905097992,1.100166968750412,119.4299449008713,66.58945770112874
6797,006797,1857.34965296426,1857.34965296426,1917.924623722001,1917.924623722001,2.015306616523902,0.0004902130710700773,-1.5922332470746603,-0.014668153580254308,-1.5759355608146708,1.125060013269004,121.1604837134374,67.28731745081727
6807,006807,1842.404839758716,1842.404839758716,1934.754952608012,1934.754952608012,2.047493806442693,0.01132193851634119,-1.5412444667550063,0.030238908236011552,-1.5662469692397305,1.128173733560131,121.8558717032652,67.74032599935602
6834,006834,1846.470459745119,1846.470459745119,1934.237294246353,1934.237294246353,2.053116246097614,0.007127191254660563,-1.5532465545489462,0.04239655825563713,-1.585496144359086,1.126073558516028,121.8482000805993,67.76262613512169
6837,006837,1860.44342061537,1860.44342061537,1931.800446368316,1931.800446368316,2.014037351924079,-0.002481086856738699,-1.5657787946070796,0.024763195053972537,-1.5905180797729668,1.128847994220851,121.0847164834004,67.28639589561944
6859,006859,1842.404839758716,1842.404839758716,1934.754952608012,1934.754952608012,2.045975662868765,-0.002400173486311045,-1.55338857412205,0.01825416843181658,-1.577136067995388,1.130651936362605,121.8558717032652,67.74032599935602
6886,006886,1846.470459745119,1846.470459745119,1934.237294246353,1934.237294246353,2.053116246097614,0.007127191254660563,-1.5532465545489462,0.04239655825563713,-1.585496144359086,1.126073558516028,121.8482000805993,67.76262613512169
6905,006905,1846.470459745119,1846.470459745119,1934.237294246353,1934.237294246353,2.053116246097614,0.007127191254660563,-1.5532465545489462,0.04239655825563713,-1.585496144359086,1.126073558516028,121.8482000805993,67.76262613512169
6906,006906,1847.919204237398,1847.919204237398,1921.263788490785,1921.263788490785,2.044438354629837,-0.006856317126254376,-1.56190185876231,0.01797318165006547,-1.538007519872931,1.124371377834915,121.2376221304691,67.59771650670672
6908,006908,1857.479804288565,1857.479804288565,1922.888630990956,1922.888630990956,2.004635553476707,0.005137445956362164,-1.558016415459667,-0.0031506953783180715,-1.5647864995029954,1.146133774946981,120.7571865009013,67.36403230763489
6915,006915,1866.254649589019,1866.254649589019,1919.254029415608,1919.254029415608,2.023073685447837,-0.001729120249509546,-1.5676469090071028,0.013673190861190706,-1.5633595192911118,1.129930671152837,120.0310462140434,66.95362481129119
6923,006923,1866.254649589019,1866.254649589019,1919.254029415608,1919.254029415608,2.023073685447837,-0.001729120249509546,-1.569392313614426,0.013692241791982286,-1.5651287137304093,1.129930671152837,120.0310462140434,66.95362481129119
6938,006938,1863.741408936456,1863.741408936456,1907.013643152467,1907.013643152467,2.005329759075146,-0.003650044106571175,-1.5887481757638633,-0.014656299128578557,-1.575956084520097,1.11944171485232,120.9702880538638,67.1682674453265
6971,006971,1880.974214387733,1880.974214387733,1915.779220181504,1915.779220181504,1.977851236897697,-0.006727592148754134,-1.569591747497633,-0.01629538688615913,-1.5688506905097992,1.100166968750412,119.4299449008713,66.58945770112874
6973,006973,1880.974214387733,1880.974214387733,1915.779220181504,1915.779220181504,1.977851236897697,-0.006727592148754134,-1.569591747497633,-0.01629538688615913,-1.5688506905097992,1.100166968750412,119.4299449008713,66.58945770112874
6976,006976,1863.334264630649,1863.334264630649,1907.62696303471,1907.62696303471,2.015970272322051,0.008957195838649488,-1.5225925316185862,0.015377765957622191,-1.5681989866297787,1.131092790341723,121.100845132532,67.24295811544353
7001,007001,1857.34965296426,1857.34965296426,1917.924623722001,1917.924623722001,2.015306616523902,0.0004902130710700773,-1.5922332470746603,-0.014668153580254308,-1.5759355608146708,1.125060013269004,121.1604837134374,67.28731745081727
7007,007007,1842.404839758716,1842.404839758716,1934.754952608012,1934.754952608012,2.047493806442693,0.01132193851634119,-1.5412444667550063,0.030238908236011552,-1.5662469692397305,1.128173733560131,121.8558717032652,67.74032599935602
7014,007014,1857.34965296426,1857.34965296426,1917.924623722001,1917.924623722001,2.015306616523902,0.0004902130710700773,-1.5922332470746603,-0.014668153580254308,-1.5759355608146708,1.125060013269004,121.1604837134374,67.28731745081727
7017,007017,1846.470459745119,1846.470459745119,1934.237294246353,1934.237294246353,2.053116246097614,0.007127191254660563,-1.5532465545489462,0.04239655825563713,-1.585496144359086,1.126073558516028,121.8482000805993,67.76262613512169
7035,007035,1880.974214387733,1880.974214387733,1915.779220181504,1915.779220181504,1.977851236897697,-0.006727592148754134,-1.569591747497633,-0.01629538688615913,-1.5688506905097992,1.100166968750412,119.4299449008713,66.58945770112874
7054,007054,1859.746969636308,1859.746969636308,1914.204755444865,1914.204755444865,2.009231466004983,-0.002970823641278691,-1.5629319833589455,0.02952976018188684,-1.5422887360998494,1.136123277061316,120.581700743319,67.21490441580156
7057,007057,1859.746969636308,1859.746969636308,1914.204755444865,1914.204755444865,2.009231466004983,-0.002970823641278691,-1.5629319833589455,0.02952976018188684,-1.5422887360998494,1.136123277061316,120.581700743319,67.21490441580156
7076,007076,1863.334264630649,1863.334264630649,1907.62696303471,1907.62696303471,2.015970272322051,0.008957195838649488,-1.5225925316185862,0.015377765957622191,-1.5681989866297787,1.131092790341723,121.100845132532,67.24295811544353
7088,007088,1866.254649589019,1866.254649589019,1919.254029415608,1919.254029415608,2.023073685447837,-0.001729120249509546,-1.569392313614426,0.013692241791982286,-1.5651287137304093,1.129930671152837,120.0310462140434,66.95362481129119
7166,007166,1863.741408936456,1863.741408936456,1907.013643152467,1907.013643152467,2.005329759075146,-0.003650044106571175,-1.5887481757638633,-0.014656299128578557,-1.575956084520097,1.11944171485232,120.9702880538638,67.1682674453265
7175,007175,1860.44342061537,1860.44342061537,1931.800446368316,1931.800446368316,2.014037351924079,-0.002481086856738699,-1.5657787946070796,0.024763195053972537,-1.5905180797729668,1.128847994220851,121.0847164834004,67.28639589561944
7201,007201,1859.746969636308,1859.746969636308,1914.204755444865,1914.204755444865,2.009231466004983,-0.002970823641278691,-1.5646779031491849,0.02956119474784027,-1.5405950950370737,1.136123277061316,120.581700743319,67.21490441580156
7205,007205,1857.34965296426,1857.34965296426,1917.924623722001,1917.924623722001,2.015306616523902,0.0004902130710700773,-1.5922332470746603,-0.014668153580254308,-1.5759355608146708,1.125060013269004,121.1604837134374,67.28731745081727
7220,007220,1880.974214387733,1880.974214387733,1915.779220181504,1915.779220181504,1.977851236897697,-0.006727592148754134,-1.569591747497633,-0.01629538688615913,-1.5688506905097992,1.100166968750412,119.4299449008713,66.58945770112874
7272,007272,1842.404839758716,1842.404839758716,1934.754952608012,1934.754952608012,2.047493806442693,0.01132193851634119,-1.5412444667550063,0.030238908236011552,-1.5662469692397305,1.128173733560131,121.8558717032652,67.74032599935602
7292,007292,1859.746969636308,1859.746969636308,1914.204755444865,1914.204755444865,2.009231466004983,-0.002970823641278691,-1.5629319833589455,0.02952976018188684,-1.5422887360998494,1.136123277061316,120.581700743319,67.21490441580156
7299,007299,1866.254649589019,1866.254649589019,1919.254029415608,1919.254029415608,2.023073685447837,-0.001729120249509546,-1.569392313614426,0.013692241791982286,-1.5651287137304093,1.129930671152837,120.0310462140434,66.95362481129119
7334,007334,1859.746969636308,1859.746969636308,1914.204755444865,1914.204755444865,2.009231466004983,-0.002970823641278691,-1.5629319833589455,0.02952976018188684,-1.5422887360998494,1.136123277061316,120.581700743319,67.21490441580156
7348,007348,1863.334264630649,1863.334264630649,1907.62696303471,1907.62696303471,2.015970272322051,0.008957195838649488,-1.5225925316185862,0.015377765957622191,-1.5681989866297787,1.131092790341723,121.100845132532,67.24295811544353
7350,007350,1863.741408936456,1863.741408936456,1907.013643152467,1907.013643152467,2.00447886760607,-0.01270781496313672,-1.520610887543998,0.0164292314171461,-1.5728052951803733,1.102109518675779,120.9702880538638,67.1682674453265
7359,007359,1859.746969636308,1859.746969636308,1914.204755444865,1914.204755444865,2.009231466004983,-0.002970823641278691,-1.5646779031491849,0.02956119474784027,-1.5405950950370737,1.136123277061316,120.581700743319,67.21490441580156
7372,007372,1846.470459745119,1846.470459745119,1934.237294246353,1934.237294246353,2.053116246097614,0.007127191254660563,-1.5532465545489462,0.04239655825563713,-1.585496144359086,1.126073558516028,121.8482000805993,67.76262613512169
7379,007379,1857.34965296426,1857.34965296426,1917.924623722001,1917.924623722001,2.015306616523902,0.0004902130710700773,-1.5922332210785368,-0.014674245860053241,-1.5741902425771948,1.125060013269004,121.1604837134374,67.28731745081727
7381,007381,1863.334264630649,1863.334264630649,1907.62696303471,1907.62696303471,2.015970272322051,0.008957195838649488,-1.5225925316185862,0.015377765957622191,-1.5681989866297787,1.131092790341723,121.100845132532,67.24295811544353
7386,007386,1880.974214387733,1880.974214387733,1915.779220181504,1915.779220181504,1.977851236897697,-0.006727592148754134,-1.5713373051013404,-0.016291966292714507,-1.5688222502099622,1.100166968750412,119.4299449008713,66.58945770112874
7394,007394,1857.34965296426,1857.34965296426,1917.924623722001,1917.924623722001,2.015306616523902,0.0004902130710700773,-1.5922332210785368,-0.014674245860053241,-1.5741902425771948,1.125060013269004,121.1604837134374,67.28731745081727
7401,007401,1863.334264630649,1863.334264630649,1907.62696303471,1907.62696303471,2.015970272322051,0.008957195838649488,-1.5225925316185862,0.015377765957622191,-1.5681989866297787,1.131092790341723,121.100845132532,67.24295811544353
7403,007403,1846.470459745119,1846.470459745119,1934.237294246353,1934.237294246353,2.053116246097614,0.007127191254660563,-1.5532465545489462,0.04239655825563713,-1.585496144359086,1.126073558516028,121.8482000805993,67.76262613512169
7413,007413,1842.404839758716,1842.404839758716,1934.754952608012,1934.754952608012,2.047493806442693,0.01132193851634119,-1.5412444667550063,0.030238908236011552,-1.5662469692397305,1.128173733560131,121.8558717032652,67.74032599935602
7423,007423,1847.919204237398,1847.919204237398,1921.263788490785,1921.263788490785,2.044438354629837,-0.006856317126254376,-1.5601564303701785,0.017940294738900124,-1.5414667740539971,1.124371377834915,121.2376221304691,67.59771650670672
7429,007429,1857.479804288565,1857.479804288565,1922.888630990956,1922.888630990956,2.004635553476707,0.005137445956362164,-1.558016415459667,-0.0031506953783180715,-1.5647864995029954,1.146133774946981,120.7571865009013,67.36403230763489
7431,007431,1858.597086427252,1858.597086427252,1924.42584741907,1924.42584741907,2.029652670668384,0.006069991084438096,-1.5481785083094486,0.042104190812269744,-1.5829092444598964,1.133153905263153,121.4569399168275,67.46593912807965
7432,007432,1857.34965296426,1857.34965296426,1917.924623722001,1917.924623722001,2.015306616523902,0.0004902130710700773,-1.5922332470746603,-0.014668153580254308,-1.5759355608146708,1.125060013269004,121.1604837134374,67.28731745081727
7439,007439,1866.254649589019,1866.254649589019,1919.254029415608,1919.254029415608,2.023073685447837,-0.001729120249509546,-1.569392313614426,0.013692241791982286,-1.5651287137304093,1.129930671152837,120.0310462140434,66.95362481129119
7478,007478,1847.919204237398,1847.919204237398,1921.263788490785,1921.263788490785,2.044438354629837,-0.006856317126254376,-1.5601564303701785,0.017940294738900124,-1.5414667740539971,1.124371377834915,121.2376221304691,67.59771650670672
7489,007489,1857.34965296426,1857.34965296426,1917.924623722001,1917.924623722001,2.015306616523902,0.0004902130710700773,-1.5922332210785368,-0.014674245860053241,-1.5741902425771948,1.125060013269004,121.1604837134374,67.28731745081727
7495,007495,1863.741408936456,1863.741408936456,1907.013643152467,1907.013643152467,2.005329759075146,-0.003650044106571175,-1.5887481757638633,-0.014656299128578557,-1.575956084520097,1.11944171485232,120.9702880538638,67.1682674453265
7500,007500,1847.919204237398,1847.919204237398,1921.263788490785,1921.263788490785,2.044438354629837,-0.006856317126254376,-1.56190185876231,0.01797318165006547,-1.538007519872931,1.124371377834915,121.2376221304691,67.59771650670672
7523,007523,1863.741408936456,1863.741408936456,1907.013643152467,1907.013643152467,2.005329759075146,-0.003650044106571175,-1.5887481757638633,-0.014656299128578557,-1.575956084520097,1.11944171485232,120.9702880538638,67.1682674453265
7525,007525,1863.334264630649,1863.334264630649,1907.62696303471,1907.62696303471,2.015970272322051,0.008957195838649488,-1.5225925316185862,0.015377765957622191,-1.5681989866297787,1.131092790341723,121.100845132532,67.24295811544353
7529,007529,1857.479804288565,1857.479804288565,1922.888630990956,1922.888630990956,2.004635553476707,0.005137445956362164,-1.558016415459667,-0.0031506953783180715,-1.5647864995029954,1.146133774946981,120.7571865009013,67.36403230763489
7534,007534,1863.741408936456,1863.741408936456,1907.013643152467,1907.013643152467,2.005329759075146,-0.003650044106571175,-1.5887481757638633,-0.014656299128578557,-1.575956084520097,1.11944171485232,120.9702880538638,67.1682674453265
7540,007540,1863.334264630649,1863.334264630649,1907.62696303471,1907.62696303471,2.015970272322051,0.008957195838649488,-1.5225925316185862,0.015377765957622191,-1.5681989866297787,1.131092790341723,121.100845132532,67.24295811544353
7544,007544,1859.633325720178,1859.633325720178,1926.337015754446,1926.337015754446,1.997003502293789,0.007118608021303436,-1.5655439822728348,-0.002684599072072188,-1.570856670035724,1.144582618675452,120.6792689337453,67.26448936786939
7561,007561,1857.34965296426,1857.34965296426,1917.924623722001,1917.924623722001,2.015306616523902,0.0004902130710700773,-1.5922332470746603,-0.014668153580254308,-1.5759355608146708,1.125060013269004,121.1604837134374,67.28731745081727
7565,007565,1880.974214387733,1880.974214387733,1915.779220181504,1915.779220181504,1.977851236897697,-0.006727592148754134,-1.5713373051013404,-0.016291966292714507,-1.5688222502099622,1.100166968750412,119.4299449008713,66.58945770112874
7575,007575,1857.34965296426,1857.34965296426,1917.924623722001,1917.924623722001,2.015306616523902,0.0004902130710700773,-1.5922332470746603,-0.014668153580254308,-1.5759355608146708,1.125060013269004,121.1604837134374,67.28731745081727
7581,007581,1863.334264630649,1863.334264630649,1907.62696303471,1907.62696303471,2.015970272322051,0.008957195838649488,-1.5225925316185862,0.015377765957622191,-1.5681989866297787,1.131092790341723,121.100845132532,67.24295811544353
7589,007589,1863.334264630649,1863.334264630649,1907.62696303471,1907.62696303471,2.015970272322051,0.008957195838649488,-1.5225925316185862,0.015377765957622191,-1.5681989866297787,1.131092790341723,121.100845132532,67.24295811544353
7607,007607,1857.34965296426,1857.34965296426,1917.924623722001,1917.924623722001,2.015306616523902,0.0004902130710700773,-1.5922332210785368,-0.014674245860053241,-1.5741902425771948,1.125060013269004,121.1604837134374,67.28731745081727
7617,007617,1863.334264630649,1863.334264630649,1907.62696303471,1907.62696303471,2.015970272322051,0.008957195838649488,-1.5225925316185862,0.015377765957622191,-1.5681989866297787,1.131092790341723,121.100845132532,67.24295811544353
7623,007623,1863.334264630649,1863.334264630649,1907.62696303471,1907.62696303471,2.015970272322051,0.008957195838649488,-1.5225925316185862,0.015377765957622191,-1.5681989866297787,1.131092790341723,121.100845132532,67.24295811544353
7634,007634,1857.34965296426,1857.34965296426,1917.924623722001,1917.924623722001,2.015306616523902,0.0004902130710700773,-1.5922332210785368,-0.014674245860053241,-1.5741902425771948,1.125060013269004,121.1604837134374,67.28731745081727
7637,007637,1880.974214387733,1880.974214387733,1915.779220181504,1915.779220181504,1.977851236897697,-0.006727592148754134,-1.569591747497633,-0.01629538688615913,-1.5688506905097992,1.100166968750412,119.4299449008713,66.58945770112874
7661,007661,1857.34965296426,1857.34965296426,1917.924623722001,1917.924623722001,2.015306616523902,0.0004902130710700773,-1.5922332470746603,-0.014668153580254308,-1.5759355608146708,1.125060013269004,121.1604837134374,67.28731745081727
7665,007665,1863.334264630649,1863.334264630649,1907.62696303471,1907.62696303471,2.015970272322051,0.008957195838649488,-1.5225925316185862,0.015377765957622191,-1.5681989866297787,1.131092790341723,121.100845132532,67.24295811544353
7700,007700,1860.44342061537,1860.44342061537,1931.800446368316,1931.800446368316,2.014037351924079,-0.002481086856738699,-1.5657787946070796,0.024763195053972537,-1.5905180797729668,1.128847994220851,121.0847164834004,67.28639589561944
7705,007705,1880.974214387733,1880.974214387733,1915.779220181504,1915.779220181504,1.977851236897697,-0.006727592148754134,-1.569591747497633,-0.01629538688615913,-1.5688506905097992,1.100166968750412,119.4299449008713,66.58945770112874
7735,007735,1866.254649589019,1866.254649589019,1919.254029415608,1919.254029415608,2.023073685447837,-0.001729120249509546,-1.5676469090071028,0.013673190861190706,-1.5633595192911118,1.129930671152837,120.0310462140434,66.95362481129119
7772,007772,1863.334264630649,1863.334264630649,1907.62696303471,1907.62696303471,2.015970272322051,0.008957195838649488,-1.5225925316185862,0.015377765957622191,-1.5681989866297787,1.131092790341723,121.100845132532,67.24295811544353
7781,007781,1857.34965296426,1857.34965296426,1917.924623722001,1917.924623722001,2.015306616523902,0.0004902130710700773,-1.5922332210785368,-0.014674245860053241,-1.5741902425771948,1.125060013269004,121.1604837134374,67.28731745081727
7787,007787,1863.741408936456,1863.741408936456,1907.013643152467,1907.013643152467,2.005329759075146,-0.003650044106571175,-1.5887481757638633,-0.014656299128578557,-1.575956084520097,1.11944171485232,120.9702880538638,67.1682674453265
7808,007808,1842.404839758716,1842.404839758716,1934.754952608012,1934.754952608012,2.047493806442693,0.01132193851634119,-1.5412444667550063,0.030238908236011552,-1.5662469692397305,1.128173733560131,121.8558717032652,67.74032599935602
7812,007812,1842.404839758716,1842.404839758716,1934.754952608012,1934.754952608012,2.047493806442693,0.01132193851634119,-1.5412444667550063,0.030238908236011552,-1.5662469692397305,1.128173733560131,121.8558717032652,67.74032599935602
7814,007814,1866.254649589019,1866.254649589019,1919.254029415608,1919.254029415608,2.023073685447837,-0.001729120249509546,-1.569392313614426,0.013692241791982286,-1.5651287137304093,1.129930671152837,120.0310462140434,66.95362481129119
7829,007829,1859.746969636308,1859.746969636308,1914.204755444865,1914.204755444865,2.009231466004983,-0.002970823641278691,-1.5629319833589455,0.02952976018188684,-1.5422887360998494,1.136123277061316,120.581700743319,67.21490441580156
7854,007854,1847.919204237398,1847.919204237398,1921.263788490785,1921.263788490785,2.044438354629837,-0.006856317126254376,-1.5601564303701785,0.017940294738900124,-1.5414667740539971,1.124371377834915,121.2376221304691,67.59771650670672
7877,007877,1859.746969636308,1859.746969636308,1914.204755444865,1914.204755444865,2.009231466004983,-0.002970823641278691,-1.5646779031491849,0.02956119474784027,-1.5405950950370737,1.136123277061316,120.581700743319,67.21490441580156
7882,007882,1859.633325720178,1859.633325720178,1926.337015754446,1926.337015754446,1.997003502293789,0.007118608021303436,-1.5655439822728348,-0.002684599072072188,-1.570856670035724,1.144582618675452,120.6792689337453,67.26448936786939
7920,007920,1863.334264630649,1863.334264630649,1907.62696303471,1907.62696303471,2.015970272322051,0.008957195838649488,-1.5225925316185862,0.015377765957622191,-1.5681989866297787,1.131092790341723,121.100845132532,67.24295811544353
7929,007929,1857.34965296426,1857.34965296426,1917.924623722001,1917.924623722001,2.015306616523902,0.0004902130710700773,-1.5922332210785368,-0.014674245860053241,-1.5741902425771948,1.125060013269004,121.1604837134374,67.28731745081727
7934,007934,1846.470459745119,1846.470459745119,1934.237294246353,1934.237294246353,2.053116246097614,0.007127191254660563,-1.5532465545489462,0.04239655825563713,-1.585496144359086,1.126073558516028,121.8482000805993,67.76262613512169
7957,007957,1846.470459745119,1846.470459745119,1934.237294246353,1934.237294246353,2.053116246097614,0.007127191254660563,-1.5532465545489462,0.04239655825563713,-1.585496144359086,1.126073558516028,121.8482000805993,67.76262613512169
7991,007991,1860.44342061537,1860.44342061537,1931.800446368316,1931.800446368316,2.014037351924079,-0.002481086856738699,-1.5657787946070796,0.024763195053972537,-1.5905180797729668,1.128847994220851,121.0847164834004,67.28639589561944
7992,007992,1842.404839758716,1842.404839758716,1934.754952608012,1934.754952608012,2.047493806442693,0.01132193851634119,-1.5412444667550063,0.030238908236011552,-1.5662469692397305,1.128173733560131,121.8558717032652,67.74032599935602
7995,007995,1866.254649589019,1866.254649589019,1919.254029415608,1919.254029415608,2.023073685447837,-0.001729120249509546,-1.5676469090071028,0.013673190861190706,-1.5633595192911118,1.129930671152837,120.0310462140434,66.95362481129119
7996,007996,1842.404839758716,1842.404839758716,1934.754952608012,1934.754952608012,2.049676593409205,0.00840991717115261,-1.5282289359939825,0.030133228316926594,-1.5689091484340498,1.12962535674074,121.8558717032652,67.74032599935602
8010,008010,1863.334264630649,1863.334264630649,1907.62696303471,1907.62696303471,2.015970272322051,0.008957195838649488,-1.5225925316185862,0.015377765957622191,-1.5681989866297787,1.131092790341723,121.100845132532,67.24295811544353
8012,008012,1863.334264630649,1863.334264630649,1907.62696303471,1907.62696303471,2.015970272322051,0.008957195838649488,-1.5225925316185862,0.015377765957622191,-1.5681989866297787,1.131092790341723,121.100845132532,67.24295811544353
8018,008018,1847.919204237398,1847.919204237398,1921.263788490785,1921.263788490785,2.044438354629837,-0.006856317126254376,-1.5601564303701785,0.017940294738900124,-1.5414667740539971,1.124371377834915,121.2376221304691,67.59771650670672
8030,008030,1863.334264630649,1863.334264630649,1907.62696303471,1907.62696303471,2.015970272322051,0.008957195838649488,-1.5225925316185862,0.015377765957622191,-1.5681989866297787,1.131092790341723,121.100845132532,67.24295811544353
8043,008043,1880.974214387733,1880.974214387733,1915.779220181504,1915.779220181504,1.977851236897697,-0.006727592148754134,-1.569591747497633,-0.01629538688615913,-1.5688506905097992,1.100166968750412,119.4299449008713,66.58945770112874
8076,008076,1857.34965296426,1857.34965296426,1917.924623722001,1917.924623722001,2.015306616523902,0.0004902130710700773,-1.5922332210785368,-0.014674245860053241,-1.5741902425771948,1.125060013269004,121.1604837134374,67.28731745081727
8077,008077,1880.974214387733,1880.974214387733,1915.779220181504,1915.779220181504,1.977851236897697,-0.006727592148754134,-1.569591747497633,-0.01629538688615913,-1.5688506905097992,1.100166968750412,119.4299449008713,66.58945770112874
8080,008080,1857.34965296426,1857.34965296426,1917.924623722001,1917.924623722001,2.015306616523902,0.0004902130710700773,-1.5922332210785368,-0.014674245860053241,-1.5741902425771948,1.125060013269004,121.1604837134374,67.28731745081727
8086,008086,1863.334264630649,1863.334264630649,1907.62696303471,1907.62696303471,2.015970272322051,0.008957195838649488,-1.5225925316185862,0.015377765957622191,-1.5681989866297787,1.131092790341723,121.100845132532,67.24295811544353
8111,008111,1866.254649589019,1866.254649589019,1919.254029415608,1919.254029415608,2.023073685447837,-0.001729120249509546,-1.569392313614426,0.013692241791982286,-1.5651287137304093,1.129930671152837,120.0310462140434,66.95362481129119
8115,008115,1857.34965296426,1857.34965296426,1917.924623722001,1917.924623722001,2.015306616523902,0.0004902130710700773,-1.5922332210785368,-0.014674245860053241,-1.5741902425771948,1.125060013269004,121.1604837134374,67.28731745081727
8126,008126,1863.334264630649,1863.334264630649,1907.62696303471,1907.62696303471,2.015970272322051,0.008957195838649488,-1.5225925316185862,0.015377765957622191,-1.5681989866297787,1.131092790341723,121.100845132532,67.24295811544353
8132,008132,1863.741408936456,1863.741408936456,1907.013643152467,1907.013643152467,2.00447886760607,-0.01270781496313672,-1.5188653261385996,0.01643271269900077,-1.5727766151929443,1.102109518675779,120.9702880538638,67.1682674453265
8139,008139,1859.633325720178,1859.633325720178,1926.337015754446,1926.337015754446,1.997003502293789,0.007118608021303436,-1.5655439822728348,-0.002684599072072188,-1.570856670035724,1.144582618675452,120.6792689337453,67.26448936786939
8145,008145,1863.741408936456,1863.741408936456,1907.013643152467,1907.013643152467,2.005329759075146,-0.003650044106571175,-1.5887481757638633,-0.014656299128578557,-1.575956084520097,1.11944171485232,120.9702880538638,67.1682674453265
8175,008175,1859.746969636308,1859.746969636308,1914.204755444865,1914.204755444865,2.009231466004983,-0.002970823641278691,-1.5629319833589455,0.02952976018188684,-1.5422887360998494,1.136123277061316,120.581700743319,67.21490441580156
8189,008189,1860.44342061537,1860.44342061537,1931.800446368316,1931.800446368316,2.014037351924079,-0.002481086856738699,-1.5657787946070796,0.024763195053972537,-1.5905180797729668,1.128847994220851,121.0847164834004,67.28639589561944
8193,008193,1859.746969636308,1859.746969636308,1914.204755444865,1914.204755444865,2.009231466004983,-0.002970823641278691,-1.5646779031491849,0.02956119474784027,-1.5405950950370737,1.136123277061316,120.581700743319,67.21490441580156
8202,008202,1863.741408936456,1863.741408936456,1907.013643152467,1907.013643152467,2.005329759075146,-0.003650044106571175,-1.5887481757638633,-0.014656299128578557,-1.575956084520097,1.11944171485232,120.9702880538638,67.1682674453265
8207,008207,1880.974214387733,1880.974214387733,1915.779220181504,1915.779220181504,1.977851236897697,-0.006727592148754134,-1.569591747497633,-0.01629538688615913,-1.5688506905097992,1.100166968750412,119.4299449008713,66.58945770112874
8225,008225,1863.741408936456,1863.741408936456,1907.013643152467,1907.013643152467,2.005329759075146,-0.003650044106571175,-1.5887481757638633,-0.014656299128578557,-1.575956084520097,1.11944171485232,120.9702880538638,67.1682674453265
8256,008256,1857.34965296426,1857.34965296426,1917.924623722001,1917.924623722001,2.015306616523902,0.0004902130710700773,-1.5922332210785368,-0.014674245860053241,-1.5741902425771948,1.125060013269004,121.1604837134374,67.28731745081727
8257,008257,1863.741408936456,1863.741408936456,1907.013643152467,1907.013643152467,2.00447886760607,-0.01270781496313672,-1.5188653261385996,0.01643271269900077,-1.5727766151929443,1.102109518675779,120.9702880538638,67.1682674453265
8260,008260,1863.334264630649,1863.334264630649,1907.62696303471,1907.62696303471,2.015970272322051,0.008957195838649488,-1.5225925316185862,0.015377765957622191,-1.5681989866297787,1.131092790341723,121.100845132532,67.24295811544353
8263,008263,1863.741408936456,1863.741408936456,1907.013643152467,1907.013643152467,2.005329759075146,-0.003650044106571175,-1.5887481757638633,-0.014656299128578557,-1.575956084520097,1.11944171485232,120.9702880538638,67.1682674453265
8319,008319,1863.741408936456,1863.741408936456,1907.013643152467,1907.013643152467,2.00447886760607,-0.01270781496313672,-1.520610887543998,0.0164292314171461,-1.5728052951803733,1.102109518675779,120.9702880538638,67.1682674453265
8326,008326,1863.741408936456,1863.741408936456,1907.013643152467,1907.013643152467,2.005329759075146,-0.003650044106571175,-1.5887481757638633,-0.014656299128578557,-1.575956084520097,1.11944171485232,120.9702880538638,67.1682674453265
8340,008340,1857.34965296426,1857.34965296426,1917.924623722001,1917.924623722001,2.015306616523902,0.0004902130710700773,-1.5922332210785368,-0.014674245860053241,-1.5741902425771948,1.125060013269004,121.1604837134374,67.28731745081727
8343,008343,1859.633325720178,1859.633325720178,1926.337015754446,1926.337015754446,1.997003502293789,0.007118608021303436,-1.5655439822728348,-0.002684599072072188,-1.570856670035724,1.144582618675452,120.6792689337453,67.26448936786939
8361,008361,1857.479804288565,1857.479804288565,1922.888630990956,1922.888630990956,2.004635553476707,0.005137445956362164,-1.558016415459667,-0.0031506953783180715,-1.5647864995029954,1.146133774946981,120.7571865009013,67.36403230763489
8374,008374,1859.746969636308,1859.746969636308,1914.204755444865,1914.204755444865,2.009231466004983,-0.002970823641278691,-1.5629319833589455,0.02952976018188684,-1.5422887360998494,1.136123277061316,120.581700743319,67.21490441580156
8377,008377,1859.746969636308,1859.746969636308,1914.204755444865,1914.204755444865,2.009231466004983,-0.002970823641278691,-1.5629319833589455,0.02952976018188684,-1.5422887360998494,1.136123277061316,120.581700743319,67.21490441580156
8384,008384,1863.741408936456,1863.741408936456,1907.013643152467,1907.013643152467,2.005329759075146,-0.003650044106571175,-1.5887481757638633,-0.014656299128578557,-1.575956084520097,1.11944171485232,120.9702880538638,67.1682674453265
8399,008399,1847.919204237398,1847.919204237398,1921.263788490785,1921.263788490785,2.044438354629837,-0.006856317126254376,-1.5601564303701785,0.017940294738900124,-1.5414667740539971,1.124371377834915,121.2376221304691,67.59771650670672
8415,008415,1846.470459745119,1846.470459745119,1934.237294246353,1934.237294246353,2.053116246097614,0.007127191254660563,-1.5532465545489462,0.04239655825563713,-1.585496144359086,1.126073558516028,121.8482000805993,67.76262613512169
8428,008428,1863.334264630649,1863.334264630649,1907.62696303471,1907.62696303471,2.015970272322051,0.008957195838649488,-1.5225925316185862,0.015377765957622191,-1.5681989866297787,1.131092790341723,121.100845132532,67.24295811544353
8430,008430,1859.746969636308,1859.746969636308,1914.204755444865,1914.204755444865,2.009231466004983,-0.002970823641278691,-1.5646779031491849,0.02956119474784027,-1.5405950950370737,1.136123277061316,120.581700743319,67.21490441580156
8435,008435,1863.334264630649,1863.334264630649,1907.62696303471,1907.62696303471,2.015970272322051,0.008957195838649488,-1.5225925316185862,0.015377765957622191,-1.5681989866297787,1.131092790341723,121.100845132532,67.24295811544353
8445,008445,1859.633325720178,1859.633325720178,1926.337015754446,1926.337015754446,1.997003502293789,0.007118608021303436,-1.5655439822728348,-0.002684599072072188,-1.570856670035724,1.144582618675452,120.6792689337453,67.26448936786939
8459,008459,1863.334264630649,1863.334264630649,1907.62696303471,1907.62696303471,2.015970272322051,0.008957195838649488,-1.5225925316185862,0.015377765957622191,-1.5681989866297787,1.131092790341723,121.100845132532,67.24295811544353
8463,008463,1880.974214387733,1880.974214387733,1915.779220181504,1915.779220181504,1.977851236897697,-0.006727592148754134,-1.569591747497633,-0.01629538688615913,-1.5688506905097992,1.100166968750412,119.4299449008713,66.58945770112874
8465,008465,1847.919204237398,1847.919204237398,1921.263788490785,1921.263788490785,2.044438354629837,-0.006856317126254376,-1.5601564303701785,0.017940294738900124,-1.5414667740539971,1.124371377834915,121.2376221304691,67.59771650670672
8480,008480,1846.470459745119,1846.470459745119,1934.237294246353,1934.237294246353,2.053116246097614,0.007127191254660563,-1.5532465545489462,0.04239655825563713,-1.585496144359086,1.126073558516028,121.8482000805993,67.76262613512169
8518,008518,1863.741408936456,1863.741408936456,1907.013643152467,1907.013643152467,2.005329759075146,-0.003650044106571175,-1.5887481757638633,-0.014656299128578557,-1.575956084520097,1.11944171485232,120.9702880538638,67.1682674453265
8528,008528,1866.254649589019,1866.254649589019,1919.254029415608,1919.254029415608,2.023073685447837,-0.001729120249509546,-1.569392313614426,0.013692241791982286,-1.5651287137304093,1.129930671152837,120.0310462140434,66.95362481129119
8533,008533,1860.44342061537,1860.44342061537,1931.800446368316,1931.800446368316,2.014037351924079,-0.002481086856738699,-1.5657787946070796,0.024763195053972537,-1.5905180797729668,1.128847994220851,121.0847164834004,67.28639589561944
8537,008537,1863.334264630649,1863.334264630649,1907.62696303471,1907.62696303471,2.015970272322051,0.008957195838649488,-1.5225925316185862,0.015377765957622191,-1.5681989866297787,1.131092790341723,121.100845132532,67.24295811544353
8550,008550,1847.919204237398,1847.919204237398,1921.263788490785,1921.263788490785,2.044438354629837,-0.006856317126254376,-1.5601564303701785,0.017940294738900124,-1.5414667740539971,1.124371377834915,121.2376221304691,67.59771650670672
8555,008555,1859.746969636308,1859.746969636308,1914.204755444865,1914.204755444865,2.009231466004983,-0.002970823641278691,-1.5646779031491849,0.02956119474784027,-1.5405950950370737,1.136123277061316,120.581700743319,67.21490441580156
8557,008557,1863.334264630649,1863.334264630649,1907.62696303471,1907.62696303471,2.015970272322051,0.008957195838649488,-1.5225925316185862,0.015377765957622191,-1.5681989866297787,1.131092790341723,121.100845132532,67.24295811544353
8590,008590,1857.34965296426,1857.34965296426,1917.924623722001,1917.924623722001,2.015306616523902,0.0004902130710700773,-1.5922332210785368,-0.014674245860053241,-1.5741902425771948,1.125060013269004,121.1604837134374,67.28731745081727
8598,008598,1857.479804288565,1857.479804288565,1922.888630990956,1922.888630990956,2.004635553476707,0.005137445956362164,-1.558016415459667,-0.0031506953783180715,-1.5647864995029954,1.146133774946981,120.7571865009013,67.36403230763489
8602,008602,1866.254649589019,1866.254649589019,1919.254029415608,1919.254029415608,2.023073685447837,-0.001729120249509546,-1.5676469090071028,0.013673190861190706,-1.5633595192911118,1.129930671152837,120.0310462140434,66.95362481129119
8604,008604,1842.404839758716,1842.404839758716,1934.754952608012,1934.754952608012,2.047493806442693,0.01132193851634119,-1.5412444667550063,0.030238908236011552,-1.5662469692397305,1.128173733560131,121.8558717032652,67.74032599935602
8606,008606,1847.919204237398,1847.919204237398,1921.263788490785,1921.263788490785,2.044438354629837,-0.006856317126254376,-1.5601564303701785,0.017940294738900124,-1.5414667740539971,1.124371377834915,121.2376221304691,67.59771650670672
8611,008611,1866.254649589019,1866.254649589019,1919.254029415608,1919.254029415608,2.023073685447837,-0.001729120249509546,-1.569392313614426,0.013692241791982286,-1.5651287137304093,1.129930671152837,120.0310462140434,66.95362481129119
8631,008631,1842.404839758716,1842.404839758716,1934.754952608012,1934.754952608012,2.047493806442693,0.01132193851634119,-1.5412444667550063,0.030238908236011552,-1.5662469692397305,1.128173733560131,121.8558717032652,67.74032599935602
8647,008647,1860.44342061537,1860.44342061537,1931.800446368316,1931.800446368316,2.014037351924079,-0.002481086856738699,-1.5657787946070796,0.024763195053972537,-1.5905180797729668,1.128847994220851,121.0847164834004,67.28639589561944
8664,008664,1842.404839758716,1842.404839758716,1934.754952608012,1934.754952608012,2.047493806442693,0.01132193851634119,-1.5412444667550063,0.030238908236011552,-1.5662469692397305,1.128173733560131,121.8558717032652,67.74032599935602
8671,008671,1863.334264630649,1863.334264630649,1907.62696303471,1907.62696303471,2.015970272322051,0.008957195838649488,-1.5225925316185862,0.015377765957622191,-1.5681989866297787,1.131092790341723,121.100845132532,67.24295811544353
8675,008675,1857.34965296426,1857.34965296426,1917.924623722001,1917.924623722001,2.015306616523902,0.0004902130710700773,-1.5922332210785368,-0.014674245860053241,-1.5741902425771948,1.125060013269004,121.1604837134374,67.28731745081727
8679,008679,1866.254649589019,1866.254649589019,1919.254029415608,1919.254029415608,2.023073685447837,-0.001729120249509546,-1.569392313614426,0.013692241791982286,-1.5651287137304093,1.129930671152837,120.0310462140434,66.95362481129119
8697,008697,1857.34965296426,1857.34965296426,1917.924623722001,1917.924623722001,2.015306616523902,0.0004902130710700773,-1.5922332210785368,-0.014674245860053241,-1.5741902425771948,1.125060013269004,121.1604837134374,67.28731745081727
8699,008699,1859.746969636308,1859.746969636308,1914.204755444865,1914.204755444865,2.009231466004983,-0.002970823641278691,-1.5629319833589455,0.02952976018188684,-1.5422887360998494,1.136123277061316,120.581700743319,67.21490441580156
8723,008723,1866.254649589019,1866.254649589019,1919.254029415608,1919.254029415608,2.022382969590999,-0.003597953696000636,-1.5700586556197347,0.014603913747234055,-1.5640112962393267,1.130147879676854,120.0310462140434,66.95362481129119
8734,008734,1880.974214387733,1880.974214387733,1915.779220181504,1915.779220181504,1.977851236897697,-0.006727592148754134,-1.569591747497633,-0.01629538688615913,-1.5688506905097992,1.100166968750412,119.4299449008713,66.58945770112874
8753,008753,1857.34965296426,1857.34965296426,1917.924623722001,1917.924623722001,2.015306616523902,0.0004902130710700773,-1.5922332470746603,-0.014668153580254308,-1.5759355608146708,1.125060013269004,121.1604837134374,67.28731745081727
8757,008757,1880.974214387733,1880.974214387733,1915.779220181504,1915.779220181504,1.977851236897697,-0.006727592148754134,-1.569591747497633,-0.01629538688615913,-1.5688506905097992,1.100166968750412,119.4299449008713,66.58945770112874
8769,008769,1857.34965296426,1857.34965296426,1917.924623722001,1917.924623722001,2.015306616523902,0.0004902130710700773,-1.5922332210785368,-0.014674245860053241,-1.5741902425771948,1.125060013269004,121.1604837134374,67.28731745081727
8771,008771,1859.746969636308,1859.746969636308,1914.204755444865,1914.204755444865,2.009231466004983,-0.002970823641278691,-1.5646779031491849,0.02956119474784027,-1.5405950950370737,1.136123277061316,120.581700743319,67.21490441580156
8778,008778,1857.34965296426,1857.34965296426,1917.924623722001,1917.924623722001,2.015306616523902,0.0004902130710700773,-1.5922332210785368,-0.014674245860053241,-1.5741902425771948,1.125060013269004,121.1604837134374,67.28731745081727
8791,008791,1842.404839758716,1842.404839758716,1934.754952608012,1934.754952608012,2.049676593409205,0.00840991717115261,-1.5282289359939825,0.030133228316926594,-1.5689091484340498,1.12962535674074,121.8558717032652,67.74032599935602
8800,008800,1857.34965296426,1857.34965296426,1917.924623722001,1917.924623722001,2.015306616523902,0.0004902130710700773,-1.5922332210785368,-0.014674245860053241,-1.5741902425771948,1.125060013269004,121.1604837134374,67.28731745081727
8808,008808,1857.34965296426,1857.34965296426,1917.924623722001,1917.924623722001,2.015306616523902,0.0004902130710700773,-1.5922332210785368,-0.014674245860053241,-1.5741902425771948,1.125060013269004,121.1604837134374,67.28731745081727
8852,008852,1859.746969636308,1859.746969636308,1914.204755444865,1914.204755444865,2.009231466004983,-0.002970823641278691,-1.5629319833589455,0.02952976018188684,-1.5422887360998494,1.136123277061316,120.581700743319,67.21490441580156
8872,008872,1846.470459745119,1846.470459745119,1934.237294246353,1934.237294246353,2.053116246097614,0.007127191254660563,-1.5532465545489462,0.04239655825563713,-1.585496144359086,1.126073558516028,121.8482000805993,67.76262613512169
8881,008881,1859.746969636308,1859.746969636308,1914.204755444865,1914.204755444865,2.009231466004983,-0.002970823641278691,-1.5629319833589455,0.02952976018188684,-1.5422887360998494,1.136123277061316,120.581700743319,67.21490441580156
8889,008889,1857.34965296426,1857.34965296426,1917.924623722001,1917.924623722001,2.015306616523902,0.0004902130710700773,-1.5922332470746603,-0.014668153580254308,-1.5759355608146708,1.125060013269004,121.1604837134374,67.28731745081727
8892,008892,1880.974214387733,1880.974214387733,1915.779220181504,1915.779220181504,1.977851236897697,-0.006727592148754134,-1.569591747497633,-0.01629538688615913,-1.5688506905097992,1.100166968750412,119.4299449008713,66.58945770112874
8893,008893,1863.334264630649,1863.334264630649,1907.62696303471,1907.62696303471,2.015970272322051,0.008957195838649488,-1.5225925316185862,0.015377765957622191,-1.5681989866297787,1.131092790341723,121.100845132532,67.24295811544353
8918,008918,1863.334264630649,1863.334264630649,1907.62696303471,1907.62696303471,2.015970272322051,0.008957195838649488,-1.5225925316185862,0.015377765957622191,-1.5681989866297787,1.131092790341723,121.100845132532,67.24295811544353
8929,008929,1857.34965296426,1857.34965296426,1917.924623722001,1917.924623722001,2.015306616523902,0.0004902130710700773,-1.5922332470746603,-0.014668153580254308,-1.5759355608146708,1.125060013269004,121.1604837134374,67.28731745081727
8930,008930,1863.741408936456,1863.741408936456,1907.013643152467,1907.013643152467,2.00447886760607,-0.01270781496313672,-1.5188653261385996,0.01643271269900077,-1.5727766151929443,1.102109518675779,120.9702880538638,67.1682674453265
8945,008945,1863.334264630649,1863.334264630649,1907.62696303471,1907.62696303471,2.015970272322051,0.008957195838649488,-1.5225925316185862,0.015377765957622191,-1.5681989866297787,1.131092790341723,121.100845132532,67.24295811544353
8947,008947,1880.974214387733,1880.974214387733,1915.779220181504,1915.779220181504,1.977851236897697,-0.006727592148754134,-1.569591747497633,-0.01629538688615913,-1.5688506905097992,1.100166968750412,119.4299449008713,66.58945770112874
8958,008958,1846.470459745119,1846.470459745119,1934.237294246353,1934.237294246353,2.053116246097614,0.007127191254660563,-1.5532465545489462,0.04239655825563713,-1.585496144359086,1.126073558516028,121.8482000805993,67.76262613512169
8979,008979,1880.974214387733,1880.974214387733,1915.779220181504,1915.779220181504,1.977851236897697,-0.006727592148754134,-1.569591747497633,-0.01629538688615913,-1.5688506905097992,1.100166968750412,119.4299449008713,66.58945770112874
8987,008987,1866.254649589019,1866.254649589019,1919.254029415608,1919.254029415608,2.022382969590999,-0.003597953696000636,-1.5700586556197347,0.014603913747234055,-1.5640112962393267,1.130147879676854,120.0310462140434,66.95362481129119
8992,008992,1863.741408936456,1863.741408936456,1907.013643152467,1907.013643152467,2.00447886760607,-0.01270781496313672,-1.5188653261385996,0.01643271269900077,-1.5727766151929443,1.102109518675779,120.9702880538638,67.1682674453265
8999,008999,1859.746969636308,1859.746969636308,1914.204755444865,1914.204755444865,2.009231466004983,-0.002970823641278691,-1.5629319833589455,0.02952976018188684,-1.5422887360998494,1.136123277061316,120.581700743319,67.21490441580156
9014,009014,1863.741408936456,1863.741408936456,1907.013643152467,1907.013643152467,2.005329759075146,-0.003650044106571175,-1.5887481757638633,-0.014656299128578557,-1.575956084520097,1.11944171485232,120.9702880538638,67.1682674453265
9019,009019,1842.404839758716,1842.404839758716,1934.754952608012,1934.754952608012,2.047493806442693,0.01132193851634119,-1.5412444667550063,0.030238908236011552,-1.5662469692397305,1.128173733560131,121.8558717032652,67.74032599935602
9026,009026,1846.470459745119,1846.470459745119,1934.237294246353,1934.237294246353,2.053116246097614,0.007127191254660563,-1.5532465545489462,0.04239655825563713,-1.585496144359086,1.126073558516028,121.8482000805993,67.76262613512169
9052,009052,1859.746969636308,1859.746969636308,1914.204755444865,1914.204755444865,2.009231466004983,-0.002970823641278691,-1.5629319833589455,0.02952976018188684,-1.5422887360998494,1.136123277061316,120.581700743319,67.21490441580156
9059,009059,1842.404839758716,1842.404839758716,1934.754952608012,1934.754952608012,2.049676593409205,0.00840991717115261,-1.5282289359939825,0.030133228316926594,-1.5689091484340498,1.12962535674074,121.8558717032652,67.74032599935602
9062,009062,1863.741408936456,1863.741408936456,1907.013643152467,1907.013643152467,2.005329759075146,-0.003650044106571175,-1.5887481757638633,-0.014656299128578557,-1.575956084520097,1.11944171485232,120.9702880538638,67.1682674453265
9066,009066,1842.404839758716,1842.404839758716,1934.754952608012,1934.754952608012,2.047493806442693,0.01132193851634119,-1.5412444667550063,0.030238908236011552,-1.5662469692397305,1.128173733560131,121.8558717032652,67.74032599935602
9067,009067,1863.334264630649,1863.334264630649,1907.62696303471,1907.62696303471,2.015970272322051,0.008957195838649488,-1.5225925316185862,0.015377765957622191,-1.5681989866297787,1.131092790341723,121.100845132532,67.24295811544353
9071,009071,1857.34965296426,1857.34965296426,1917.924623722001,1917.924623722001,2.015306616523902,0.0004902130710700773,-1.5922332210785368,-0.014674245860053241,-1.5741902425771948,1.125060013269004,121.1604837134374,67.28731745081727
9087,009087,1846.470459745119,1846.470459745119,1934.237294246353,1934.237294246353,2.053116246097614,0.007127191254660563,-1.5532465545489462,0.04239655825563713,-1.585496144359086,1.126073558516028,121.8482000805993,67.76262613512169
9091,009091,1880.974214387733,1880.974214387733,1915.779220181504,1915.779220181504,1.977851236897697,-0.006727592148754134,-1.5695917278837737,-0.016277110187861606,-1.570595924383754,1.100166968750412,119.4299449008713,66.58945770112874
9098,009098,1860.44342061537,1860.44342061537,1931.800446368316,1931.800446368316,2.014037351924079,-0.002481086856738699,-1.5657787946070796,0.024763195053972537,-1.5905180797729668,1.128847994220851,121.0847164834004,67.28639589561944
9099,009099,1857.479804288565,1857.479804288565,1922.888630990956,1922.888630990956,2.004635553476707,0.005137445956362164,-1.558016415459667,-0.0031506953783180715,-1.5647864995029954,1.146133774946981,120.7571865009013,67.36403230763489
9101,009101,1863.334264630649,1863.334264630649,1907.62696303471,1907.62696303471,2.015970272322051,0.008957195838649488,-1.5225925316185862,0.015377765957622191,-1.5681989866297787,1.131092790341723,121.100845132532,67.24295811544353
9114,009114,1863.334264630649,1863.334264630649,1907.62696303471,1907.62696303471,2.015970272322051,0.008957195838649488,-1.5225925316185862,0.015377765957622191,-1.5681989866297787,1.131092790341723,121.100845132532,67.24295811544353
9117,009117,1857.34965296426,1857.34965296426,1917.924623722001,1917.924623722001,2.015306616523902,0.0004902130710700773,-1.5922332470746603,-0.014668153580254308,-1.5759355608146708,1.125060013269004,121.1604837134374,67.28731745081727
9119,009119,1859.746969636308,1859.746969636308,1914.204755444865,1914.204755444865,2.009231466004983,-0.002970823641278691,-1.5629319833589455,0.02952976018188684,-1.5422887360998494,1.136123277061316,120.581700743319,67.21490441580156
9120,009120,1842.404839758716,1842.404839758716,1934.754952608012,1934.754952608012,2.047493806442693,0.01132193851634119,-1.5412444667550063,0.030238908236011552,-1.5662469692397305,1.128173733560131,121.8558717032652,67.74032599935602
9125,009125,1857.34965296426,1857.34965296426,1917.924623722001,1917.924623722001,2.015306616523902,0.0004902130710700773,-1.5922332470746603,-0.014668153580254308,-1.5759355608146708,1.125060013269004,121.1604837134374,67.28731745081727
9128,009128,1857.34965296426,1857.34965296426,1917.924623722001,1917.924623722001,2.015306616523902,0.0004902130710700773,-1.5922332470746603,-0.014668153580254308,-1.5759355608146708,1.125060013269004,121.1604837134374,67.28731745081727
9142,009142,1847.919204237398,1847.919204237398,1921.263788490785,1921.263788490785,2.044438354629837,-0.006856317126254376,-1.56190185876231,0.01797318165006547,-1.538007519872931,1.124371377834915,121.2376221304691,67.59771650670672
9153,009153,1857.34965296426,1857.34965296426,1917.924623722001,1917.924623722001,2.015306616523902,0.0004902130710700773,-1.5922332210785368,-0.014674245860053241,-1.5741902425771948,1.125060013269004,121.1604837134374,67.28731745081727
9159,009159,1846.470459745119,1846.470459745119,1934.237294246353,1934.237294246353,2.053116246097614,0.007127191254660563,-1.5532465545489462,0.04239655825563713,-1.585496144359086,1.126073558516028,121.8482000805993,67.76262613512169
9174,009174,1859.746969636308,1859.746969636308,1914.204755444865,1914.204755444865,2.009231466004983,-0.002970823641278691,-1.5629319833589455,0.02952976018188684,-1.5422887360998494,1.136123277061316,120.581700743319,67.21490441580156
9183,009183,1857.34965296426,1857.34965296426,1917.924623722001,1917.924623722001,2.015306616523902,0.0004902130710700773,-1.5922332470746603,-0.014668153580254308,-1.5759355608146708,1.125060013269004,121.1604837134374,67.28731745081727
9188,009188,1846.470459745119,1846.470459745119,1934.237294246353,1934.237294246353,2.053116246097614,0.007127191254660563,-1.5532465545489462,0.04239655825563713,-1.585496144359086,1.126073558516028,121.8482000805993,67.76262613512169
9189,009189,1863.741408936456,1863.741408936456,1907.013643152467,1907.013643152467,2.00447886760607,-0.01270781496313672,-1.5188653261385996,0.01643271269900077,-1.5727766151929443,1.102109518675779,120.9702880538638,67.1682674453265
9192,009192,1857.34965296426,1857.34965296426,1917.924623722001,1917.924623722001,2.015306616523902,0.0004902130710700773,-1.5922332210785368,-0.014674245860053241,-1.5741902425771948,1.125060013269004,121.1604837134374,67.28731745081727
9206,009206,1859.746969636308,1859.746969636308,1914.204755444865,1914.204755444865,2.009231466004983,-0.002970823641278691,-1.5629319833589455,0.02952976018188684,-1.5422887360998494,1.136123277061316,120.581700743319,67.21490441580156
9215,009215,1859.746969636308,1859.746969636308,1914.204755444865,1914.204755444865,2.009231466004983,-0.002970823641278691,-1.5646779031491849,0.02956119474784027,-1.5405950950370737,1.136123277061316,120.581700743319,67.21490441580156
9222,009222,1857.34965296426,1857.34965296426,1917.924623722001,1917.924623722001,2.015306616523902,0.0004902130710700773,-1.5922332210785368,-0.014674245860053241,-1.5741902425771948,1.125060013269004,121.1604837134374,67.28731745081727
9235,009235,1846.470459745119,1846.470459745119,1934.237294246353,1934.237294246353,2.053116246097614,0.007127191254660563,-1.5532465545489462,0.04239655825563713,-1.585496144359086,1.126073558516028,121.8482000805993,67.76262613512169
9238,009238,1857.34965296426,1857.34965296426,1917.924623722001,1917.924623722001,2.015306616523902,0.0004902130710700773,-1.5922332470746603,-0.014668153580254308,-1.5759355608146708,1.125060013269004,121.1604837134374,67.28731745081727
9248,009248,1842.404839758716,1842.404839758716,1934.754952608012,1934.754952608012,2.047493806442693,0.01132193851634119,-1.5412444667550063,0.030238908236011552,-1.5662469692397305,1.128173733560131,121.8558717032652,67.74032599935602
9249,009249,1880.974214387733,1880.974214387733,1915.779220181504,1915.779220181504,1.977851236897697,-0.006727592148754134,-1.569591747497633,-0.01629538688615913,-1.5688506905097992,1.100166968750412,119.4299449008713,66.58945770112874
9264,009264,1842.404839758716,1842.404839758716,1934.754952608012,1934.754952608012,2.045975662868765,-0.002400173486311045,-1.55338857412205,0.01825416843181658,-1.577136067995388,1.130651936362605,121.8558717032652,67.74032599935602
9304,009304,1863.741408936456,1863.741408936456,1907.013643152467,1907.013643152467,2.005329759075146,-0.003650044106571175,-1.5887481757638633,-0.014656299128578557,-1.575956084520097,1.11944171485232,120.9702880538638,67.1682674453265
9308,009308,1846.470459745119,1846.470459745119,1934.237294246353,1934.237294246353,2.053116246097614,0.007127191254660563,-1.5532465545489462,0.04239655825563713,-1.585496144359086,1.126073558516028,121.8482000805993,67.76262613512169
9318,009318,1860.44342061537,1860.44342061537,1931.800446368316,1931.800446368316,2.014037351924079,-0.002481086856738699,-1.5657787946070796,0.024763195053972537,-1.5905180797729668,1.128847994220851,121.0847164834004,67.28639589561944
9319,009319,1847.919204237398,1847.919204237398,1921.263788490785,1921.263788490785,2.044438354629837,-0.006856317126254376,-1.5601564303701785,0.017940294738900124,-1.5414667740539971,1.124371377834915,121.2376221304691,67.59771650670672
9328,009328,1842.404839758716,1842.404839758716,1934.754952608012,1934.754952608012,2.047493806442693,0.01132193851634119,-1.5412444667550063,0.030238908236011552,-1.5662469692397305,1.128173733560131,121.8558717032652,67.74032599935602
9329,009329,1863.741408936456,1863.741408936456,1907.013643152467,1907.013643152467,2.005329759075146,-0.003650044106571175,-1.5887481757638633,-0.014656299128578557,-1.575956084520097,1.11944171485232,120.9702880538638,67.1682674453265
9345,009345,1859.746969636308,1859.746969636308,1914.204755444865,1914.204755444865,2.009231466004983,-0.002970823641278691,-1.5629319833589455,0.02952976018188684,-1.5422887360998494,1.136123277061316,120.581700743319,67.21490441580156
9367,009367,1859.746969636308,1859.746969636308,1914.204755444865,1914.204755444865,2.009231466004983,-0.002970823641278691,-1.5629319833589455,0.02952976018188684,-1.5422887360998494,1.136123277061316,120.581700743319,67.21490441580156
9376,009376,1863.741408936456,1863.741408936456,1907.013643152467,1907.013643152467,2.005329759075146,-0.003650044106571175,-1.5887481757638633,-0.014656299128578557,-1.575956084520097,1.11944171485232,120.9702880538638,67.1682674453265
9384,009384,1863.334264630649,1863.334264630649,1907.62696303471,1907.62696303471,2.015970272322051,0.008957195838649488,-1.5225925316185862,0.015377765957622191,-1.5681989866297787,1.131092790341723,121.100845132532,67.24295811544353
9402,009402,1859.746969636308,1859.746969636308,1914.204755444865,1914.204755444865,2.009231466004983,-0.002970823641278691,-1.5629319833589455,0.02952976018188684,-1.5422887360998494,1.136123277061316,120.581700743319,67.21490441580156
9418,009418,1859.746969636308,1859.746969636308,1914.204755444865,1914.204755444865,2.009231466004983,-0.002970823641278691,-1.5629319833589455,0.02952976018188684,-1.5422887360998494,1.136123277061316,120.581700743319,67.21490441580156
9429,009429,1842.404839758716,1842.404839758716,1934.754952608012,1934.754952608012,2.049676593409205,0.00840991717115261,-1.5282289359939825,0.030133228316926594,-1.5689091484340498,1.12962535674074,121.8558717032652,67.74032599935602
9430,009430,1859.746969636308,1859.746969636308,1914.204755444865,1914.204755444865,2.009231466004983,-0.002970823641278691,-1.5629319833589455,0.02952976018188684,-1.5422887360998494,1.136123277061316,120.581700743319,67.21490441580156
9435,009435,1857.34965296426,1857.34965296426,1917.924623722001,1917.924623722001,2.015306616523902,0.0004902130710700773,-1.5922332210785368,-0.014674245860053241,-1.5741902425771948,1.125060013269004,121.1604837134374,67.28731745081727
9449,009449,1880.974214387733,1880.974214387733,1915.779220181504,1915.779220181504,1.977851236897697,-0.006727592148754134,-1.569591747497633,-0.01629538688615913,-1.5688506905097992,1.100166968750412,119.4299449008713,66.58945770112874
9454,009454,1860.44342061537,1860.44342061537,1931.800446368316,1931.800446368316,2.014037351924079,-0.002481086856738699,-1.5657787946070796,0.024763195053972537,-1.5905180797729668,1.128847994220851,121.0847164834004,67.28639589561944
9463,009463,1846.470459745119,1846.470459745119,1934.237294246353,1934.237294246353,2.053116246097614,0.007127191254660563,-1.5532465545489462,0.04239655825563713,-1.585496144359086,1.126073558516028,121.8482000805993,67.76262613512169
9467,009467,1846.470459745119,1846.470459745119,1934.237294246353,1934.237294246353,2.053116246097614,0.007127191254660563,-1.5532465545489462,0.04239655825563713,-1.585496144359086,1.126073558516028,121.8482000805993,67.76262613512169
9488,009488,1842.404839758716,1842.404839758716,1934.754952608012,1934.754952608012,2.047493806442693,0.01132193851634119,-1.5412444667550063,0.030238908236011552,-1.5662469692397305,1.128173733560131,121.8558717032652,67.74032599935602
9503,009503,1863.334264630649,1863.334264630649,1907.62696303471,1907.62696303471,2.015970272322051,0.008957195838649488,-1.5225925316185862,0.015377765957622191,-1.5681989866297787,1.131092790341723,121.100845132532,67.24295811544353
9512,009512,1846.470459745119,1846.470459745119,1934.237294246353,1934.237294246353,2.053116246097614,0.007127191254660563,-1.5532465545489462,0.04239655825563713,-1.585496144359086,1.126073558516028,121.8482000805993,67.76262613512169
9513,009513,1875.341941705681,1875.341941705681,1915.635705796355,1915.635705796355,1.982010734183471,-0.001951416398337044,-1.5952666133753044,0.07678052066715899,-1.6225170415384549,1.132630915685097,119.7869740687292,66.78209093962884
9517,009517,1875.341941705681,1875.341941705681,1915.635705796355,1915.635705796355,1.982010734183471,-0.001951416398337044,-1.5952666133753044,0.07678052066715899,-1.6225170415384549,1.132630915685097,119.7869740687292,66.78209093962884
9519,009519,1863.741408936456,1863.741408936456,1907.013643152467,1907.013643152467,2.005329759075146,-0.003650044106571175,-1.5887481757638633,-0.014656299128578557,-1.575956084520097,1.11944171485232,120.9702880538638,67.1682674453265
9543,009543,1859.633325720178,1859.633325720178,1926.337015754446,1926.337015754446,1.997003502293789,0.007118608021303436,-1.5655439822728348,-0.002684599072072188,-1.570856670035724,1.144582618675452,120.6792689337453,67.26448936786939
9562,009562,1880.974214387733,1880.974214387733,1915.779220181504,1915.779220181504,1.977851236897697,-0.006727592148754134,-1.5695917278837737,-0.016277110187861606,-1.570595924383754,1.100166968750412,119.4299449008713,66.58945770112874
9566,009566,1863.741408936456,1863.741408936456,1907.013643152467,1907.013643152467,2.005329759075146,-0.003650044106571175,-1.5887481757638633,-0.014656299128578557,-1.575956084520097,1.11944171485232,120.9702880538638,67.1682674453265
9590,009590,1847.919204237398,1847.919204237398,1921.263788490785,1921.263788490785,2.044438354629837,-0.006856317126254376,-1.5601557581409167,0.017964654651584994,-1.5449573354257424,1.124371377834915,121.2376221304691,67.59771650670672
9598,009598,1846.470459745119,1846.470459745119,1934.237294246353,1934.237294246353,2.053116246097614,0.007127191254660563,-1.5532465545489462,0.04239655825563713,-1.585496144359086,1.126073558516028,121.8482000805993,67.76262613512169
9602,009602,1863.741408936456,1863.741408936456,1907.013643152467,1907.013643152467,2.00447886760607,-0.01270781496313672,-1.5188653261385996,0.01643271269900077,-1.5727766151929443,1.102109518675779,120.9702880538638,67.1682674453265
9604,009604,1880.974214387733,1880.974214387733,1915.779220181504,1915.779220181504,1.977851236897697,-0.006727592148754134,-1.569591747497633,-0.01629538688615913,-1.5688506905097992,1.100166968750412,119.4299449008713,66.58945770112874
9625,009625,1880.974214387733,1880.974214387733,1915.779220181504,1915.779220181504,1.977851236897697,-0.006727592148754134,-1.5713373051013404,-0.016291966292714507,-1.5688222502099622,1.100166968750412,119.4299449008713,66.58945770112874
9632,009632,1847.919204237398,1847.919204237398,1921.263788490785,1921.263788490785,2.044438354629837,-0.006856317126254376,-1.5601557581409167,0.017964654651584994,-1.5449573354257424,1.124371377834915,121.2376221304691,67.59771650670672
9640,009640,1860.44342061537,1860.44342061537,1931.800446368316,1931.800446368316,2.014037351924079,-0.002481086856738699,-1.5657787946070796,0.024763195053972537,-1.5905180797729668,1.128847994220851,121.0847164834004,67.28639589561944
9641,009641,1857.34965296426,1857.34965296426,1917.924623722001,1917.924623722001,2.015306616523902,0.0004902130710700773,-1.5922332470746603,-0.014668153580254308,-1.5759355608146708,1.125060013269004,121.1604837134374,67.28731745081727
9642,009642,1860.44342061537,1860.44342061537,1931.800446368316,1931.800446368316,2.014037351924079,-0.002481086856738699,-1.5657787946070796,0.024763195053972537,-1.5905180797729668,1.128847994220851,121.0847164834004,67.28639589561944
9644,009644,1847.919204237398,1847.919204237398,1921.263788490785,1921.263788490785,2.044438354629837,-0.006856317126254376,-1.5601564303701785,0.017940294738900124,-1.5414667740539971,1.124371377834915,121.2376221304691,67.59771650670672
9645,009645,1860.44342061537,1860.44342061537,1931.800446368316,1931.800446368316,2.014037351924079,-0.002481086856738699,-1.5657787946070796,0.024763195053972537,-1.5905180797729668,1.128847994220851,121.0847164834004,67.28639589561944
9651,009651,1847.919204237398,1847.919204237398,1921.263788490785,1921.263788490785,2.044438354629837,-0.006856317126254376,-1.56190185876231,0.01797318165006547,-1.538007519872931,1.124371377834915,121.2376221304691,67.59771650670672
9655,009655,1863.741408936456,1863.741408936456,1907.013643152467,1907.013643152467,2.005329759075146,-0.003650044106571175,-1.5887481757638633,-0.014656299128578557,-1.575956084520097,1.11944171485232,120.9702880538638,67.1682674453265
9657,009657,1866.254649589019,1866.254649589019,1919.254029415608,1919.254029415608,2.023073685447837,-0.001729120249509546,-1.569392313614426,0.013692241791982286,-1.5651287137304093,1.129930671152837,120.0310462140434,66.95362481129119
9665,009665,1863.741408936456,1863.741408936456,1907.013643152467,1907.013643152467,2.00447886760607,-0.01270781496313672,-1.5188653261385996,0.01643271269900077,-1.5727766151929443,1.102109518675779,120.9702880538638,67.1682674453265
9671,009671,1857.34965296426,1857.34965296426,1917.924623722001,1917.924623722001,2.015306616523902,0.0004902130710700773,-1.5922332470746603,-0.014668153580254308,-1.5759355608146708,1.125060013269004,121.1604837134374,67.28731745081727
9688,009688,1863.741408936456,1863.741408936456,1907.013643152467,1907.013643152467,2.005329759075146,-0.003650044106571175,-1.5887481757638633,-0.014656299128578557,-1.575956084520097,1.11944171485232,120.9702880538638,67.1682674453265
9703,009703,1857.34965296426,1857.34965296426,1917.924623722001,1917.924623722001,2.015306616523902,0.0004902130710700773,-1.5922332210785368,-0.014674245860053241,-1.5741902425771948,1.125060013269004,121.1604837134374,67.28731745081727
9708,009708,1863.334264630649,1863.334264630649,1907.62696303471,1907.62696303471,2.015970272322051,0.008957195838649488,-1.5225925316185862,0.015377765957622191,-1.5681989866297787,1.131092790341723,121.100845132532,67.24295811544353
9711,009711,1847.919204237398,1847.919204237398,1921.263788490785,1921.263788490785,2.044438354629837,-0.006856317126254376,-1.5601557581409167,0.017964654651584994,-1.5449573354257424,1.124371377834915,121.2376221304691,67.59771650670672
9719,009719,1863.741408936456,1863.741408936456,1907.013643152467,1907.013643152467,2.00447886760607,-0.01270781496313672,-1.5188653261385996,0.01643271269900077,-1.5727766151929443,1.102109518675779,120.9702880538638,67.1682674453265
9724,009724,1875.341941705681,1875.341941705681,1915.635705796355,1915.635705796355,1.982010734183471,-0.001951416398337044,-1.5952666133753044,0.07678052066715899,-1.6225170415384549,1.132630915685097,119.7869740687292,66.78209093962884
9746,009746,1857.34965296426,1857.34965296426,1917.924623722001,1917.924623722001,2.015306616523902,0.0004902130710700773,-1.5922332210785368,-0.014674245860053241,-1.5741902425771948,1.125060013269004,121.1604837134374,67.28731745081727
9791,009791,1857.34965296426,1857.34965296426,1917.924623722001,1917.924623722001,2.015306616523902,0.0004902130710700773,-1.5922332210785368,-0.014674245860053241,-1.5741902425771948,1.125060013269004,121.1604837134374,67.28731745081727
9798,009798,1842.404839758716,1842.404839758716,1934.754952608012,1934.754952608012,2.047493806442693,0.01132193851634119,-1.5412444667550063,0.030238908236011552,-1.5662469692397305,1.128173733560131,121.8558717032652,67.74032599935602
9808,009808,1857.479804288565,1857.479804288565,1922.888630990956,1922.888630990956,2.004635553476707,0.005137445956362164,-1.558016415459667,-0.0031506953783180715,-1.5647864995029954,1.146133774946981,120.7571865009013,67.36403230763489
9821,009821,1859.746969636308,1859.746969636308,1914.204755444865,1914.204755444865,2.009231466004983,-0.002970823641278691,-1.5646779031491849,0.02956119474784027,-1.5405950950370737,1.136123277061316,120.581700743319,67.21490441580156
9832,009832,1842.404839758716,1842.404839758716,1934.754952608012,1934.754952608012,2.047493806442693,0.01132193851634119,-1.5412444667550063,0.030238908236011552,-1.5662469692397305,1.128173733560131,121.8558717032652,67.74032599935602
9837,009837,1857.34965296426,1857.34965296426,1917.924623722001,1917.924623722001,2.015306616523902,0.0004902130710700773,-1.5922332470746603,-0.014668153580254308,-1.5759355608146708,1.125060013269004,121.1604837134374,67.28731745081727
9851,009851,1863.741408936456,1863.741408936456,1907.013643152467,1907.013643152467,2.005329759075146,-0.003650044106571175,-1.5887481757638633,-0.014656299128578557,-1.575956084520097,1.11944171485232,120.9702880538638,67.1682674453265
9855,009855,1860.44342061537,1860.44342061537,1931.800446368316,1931.800446368316,2.014037351924079,-0.002481086856738699,-1.5657787946070796,0.024763195053972537,-1.5905180797729668,1.128847994220851,121.0847164834004,67.28639589561944
9856,009856,1859.633325720178,1859.633325720178,1926.337015754446,1926.337015754446,1.997003502293789,0.007118608021303436,-1.5655439822728348,-0.002684599072072188,-1.570856670035724,1.144582618675452,120.6792689337453,67.26448936786939
9858,009858,1846.470459745119,1846.470459745119,1934.237294246353,1934.237294246353,2.053116246097614,0.007127191254660563,-1.5532465545489462,0.04239655825563713,-1.585496144359086,1.126073558516028,121.8482000805993,67.76262613512169
9865,009865,1857.34965296426,1857.34965296426,1917.924623722001,1917.924623722001,2.015306616523902,0.0004902130710700773,-1.5922332210785368,-0.014674245860053241,-1.5741902425771948,1.125060013269004,121.1604837134374,67.28731745081727
9871,009871,1857.34965296426,1857.34965296426,1917.924623722001,1917.924623722001,2.015306616523902,0.0004902130710700773,-1.5922332210785368,-0.014674245860053241,-1.5741902425771948,1.125060013269004,121.1604837134374,67.28731745081727
9886,009886,1863.741408936456,1863.741408936456,1907.013643152467,1907.013643152467,2.005329759075146,-0.003650044106571175,-1.5887481757638633,-0.014656299128578557,-1.575956084520097,1.11944171485232,120.9702880538638,67.1682674453265
9896,009896,1846.470459745119,1846.470459745119,1934.237294246353,1934.237294246353,2.053116246097614,0.007127191254660563,-1.5532465545489462,0.04239655825563713,-1.585496144359086,1.126073558516028,121.8482000805993,67.76262613512169
9920,009920,1863.741408936456,1863.741408936456,1907.013643152467,1907.013643152467,2.00447886760607,-0.01270781496313672,-1.520610887543998,0.0164292314171461,-1.5728052951803733,1.102109518675779,120.9702880538638,67.1682674453265
9923,009923,1863.334264630649,1863.334264630649,1907.62696303471,1907.62696303471,2.015970272322051,0.008957195838649488,-1.5225925316185862,0.015377765957622191,-1.5681989866297787,1.131092790341723,121.100845132532,67.24295811544353
9932,009932,1857.34965296426,1857.34965296426,1917.924623722001,1917.924623722001,2.015306616523902,0.0004902130710700773,-1.5922332470746603,-0.014668153580254308,-1.5759355608146708,1.125060013269004,121.1604837134374,67.28731745081727
9967,009967,1860.44342061537,1860.44342061537,1931.800446368316,1931.800446368316,2.014037351924079,-0.002481086856738699,-1.5657787946070796,0.024763195053972537,-1.5905180797729668,1.128847994220851,121.0847164834004,67.28639589561944
9968,009968,1859.746969636308,1859.746969636308,1914.204755444865,1914.204755444865,2.009231466004983,-0.002970823641278691,-1.5629319833589455,0.02952976018188684,-1.5422887360998494,1.136123277061316,120.581700743319,67.21490441580156
9973,009973,1863.741408936456,1863.741408936456,1907.013643152467,1907.013643152467,2.00447886760607,-0.01270781496313672,-1.5188653261385996,0.01643271269900077,-1.5727766151929443,1.102109518675779,120.9702880538638,67.1682674453265
9976,009976,1857.34965296426,1857.34965296426,1917.924623722001,1917.924623722001,2.015306616523902,0.0004902130710700773,-1.5922332210785368,-0.014674245860053241,-1.5741902425771948,1.125060013269004,121.1604837134374,67.28731745081727
9980,009980,1860.44342061537,1860.44342061537,1931.800446368316,1931.800446368316,2.014037351924079,-0.002481086856738699,-1.5657787946070796,0.024763195053972537,-1.5905180797729668,1.128847994220851,121.0847164834004,67.28639589561944
9992,009992,1857.34965296426,1857.34965296426,1917.924623722001,1917.924623722001,2.015306616523902,0.0004902130710700773,-1.5922332210785368,-0.014674245860053241,-1.5741902425771948,1.125060013269004,121.1604837134374,67.28731745081727
9995,009995,1846.470459745119,1846.470459745119,1934.237294246353,1934.237294246353,2.053116246097614,0.007127191254660563,-1.5532465545489462,0.04239655825563713,-1.585496144359086,1.126073558516028,121.8482000805993,67.76262613512169
9996,009996,1857.34965296426,1857.34965296426,1917.924623722001,1917.924623722001,2.015306616523902,0.0004902130710700773,-1.5922332470746603,-0.014668153580254308,-1.5759355608146708,1.125060013269004,121.1604837134374,67.28731745081727
10001,010001,1863.741408936456,1863.741408936456,1907.013643152467,1907.013643152467,2.005329759075146,-0.003650044106571175,-1.5887481757638633,-0.014656299128578557,-1.575956084520097,1.11944171485232,120.9702880538638,67.1682674453265
10002,010002,1863.334264630649,1863.334264630649,1907.62696303471,1907.62696303471,2.015970272322051,0.008957195838649488,-1.5225925316185862,0.015377765957622191,-1.5681989866297787,1.131092790341723,121.100845132532,67.24295811544353
10017,010017,1857.479804288565,1857.479804288565,1922.888630990956,1922.888630990956,2.004635553476707,0.005137445956362164,-1.558016415459667,-0.0031506953783180715,-1.5647864995029954,1.146133774946981,120.7571865009013,67.36403230763489
10020,010020,1857.34965296426,1857.34965296426,1917.924623722001,1917.924623722001,2.015306616523902,0.0004902130710700773,-1.5922332470746603,-0.014668153580254308,-1.5759355608146708,1.125060013269004,121.1604837134374,67.28731745081727
10033,010033,1863.741408936456,1863.741408936456,1907.013643152467,1907.013643152467,2.005329759075146,-0.003650044106571175,-1.5887481757638633,-0.014656299128578557,-1.575956084520097,1.11944171485232,120.9702880538638,67.1682674453265
10034,010034,1859.746969636308,1859.746969636308,1914.204755444865,1914.204755444865,2.009231466004983,-0.002970823641278691,-1.5629319833589455,0.02952976018188684,-1.5422887360998494,1.136123277061316,120.581700743319,67.21490441580156
10043,010043,1846.470459745119,1846.470459745119,1934.237294246353,1934.237294246353,2.053116246097614,0.007127191254660563,-1.5532465545489462,0.04239655825563713,-1.585496144359086,1.126073558516028,121.8482000805993,67.76262613512169
10053,010053,1880.974214387733,1880.974214387733,1915.779220181504,1915.779220181504,1.977851236897697,-0.006727592148754134,-1.569591747497633,-0.01629538688615913,-1.5688506905097992,1.100166968750412,119.4299449008713,66.58945770112874
10054,010054,1880.974214387733,1880.974214387733,1915.779220181504,1915.779220181504,1.977851236897697,-0.006727592148754134,-1.5713373051013404,-0.016291966292714507,-1.5688222502099622,1.100166968750412,119.4299449008713,66.58945770112874
10059,010059,1860.44342061537,1860.44342061537,1931.800446368316,1931.800446368316,2.014037351924079,-0.002481086856738699,-1.5657787946070796,0.024763195053972537,-1.5905180797729668,1.128847994220851,121.0847164834004,67.28639589561944
10062,010062,1880.974214387733,1880.974214387733,1915.779220181504,1915.779220181504,1.977851236897697,-0.006727592148754134,-1.569591747497633,-0.01629538688615913,-1.5688506905097992,1.100166968750412,119.4299449008713,66.58945770112874
10080,010080,1880.974214387733,1880.974214387733,1915.779220181504,1915.779220181504,1.977851236897697,-0.006727592148754134,-1.5695917278837737,-0.016277110187861606,-1.570595924383754,1.100166968750412,119.4299449008713,66.58945770112874
10082,010082,1863.741408936456,1863.741408936456,1907.013643152467,1907.013643152467,2.00447886760607,-0.01270781496313672,-1.5188653261385996,0.01643271269900077,-1.5727766151929443,1.102109518675779,120.9702880538638,67.1682674453265
10096,010096,1857.34965296426,1857.34965296426,1917.924623722001,1917.924623722001,2.015306616523902,0.0004902130710700773,-1.5922332210785368,-0.014674245860053241,-1.5741902425771948,1.125060013269004,121.1604837134374,67.28731745081727
10100,010100,1846.470459745119,1846.470459745119,1934.237294246353,1934.237294246353,2.053116246097614,0.007127191254660563,-1.5532465545489462,0.04239655825563713,-1.585496144359086,1.126073558516028,121.8482000805993,67.76262613512169
10101,010101,1846.470459745119,1846.470459745119,1934.237294246353,1934.237294246353,2.053116246097614,0.007127191254660563,-1.5532465545489462,0.04239655825563713,-1.585496144359086,1.126073558516028,121.8482000805993,67.76262613512169
10113,010113,1863.334264630649,1863.334264630649,1907.62696303471,1907.62696303471,2.015970272322051,0.008957195838649488,-1.5225925316185862,0.015377765957622191,-1.5681989866297787,1.131092790341723,121.100845132532,67.24295811544353
10114,010114,1857.34965296426,1857.34965296426,1917.924623722001,1917.924623722001,2.015306616523902,0.0004902130710700773,-1.5922332210785368,-0.014674245860053241,-1.5741902425771948,1.125060013269004,121.1604837134374,67.28731745081727
10122,010122,1846.470459745119,1846.470459745119,1934.237294246353,1934.237294246353,2.053116246097614,0.007127191254660563,-1.5532465545489462,0.04239655825563713,-1.585496144359086,1.126073558516028,121.8482000805993,67.76262613512169
10125,010125,1842.404839758716,1842.404839758716,1934.754952608012,1934.754952608012,2.047493806442693,0.01132193851634119,-1.5412444667550063,0.030238908236011552,-1.5662469692397305,1.128173733560131,121.8558717032652,67.74032599935602
10128,010128,1842.404839758716,1842.404839758716,1934.754952608012,1934.754952608012,2.047493806442693,0.01132193851634119,-1.5412444667550063,0.030238908236011552,-1.5662469692397305,1.128173733560131,121.8558717032652,67.74032599935602
10142,010142,1842.404839758716,1842.404839758716,1934.754952608012,1934.754952608012,2.047493806442693,0.01132193851634119,-1.5412444667550063,0.030238908236011552,-1.5662469692397305,1.128173733560131,121.8558717032652,67.74032599935602
10147,010147,1863.741408936456,1863.741408936456,1907.013643152467,1907.013643152467,2.005329759075146,-0.003650044106571175,-1.5887481757638633,-0.014656299128578557,-1.575956084520097,1.11944171485232,120.9702880538638,67.1682674453265
10164,010164,1863.741408936456,1863.741408936456,1907.013643152467,1907.013643152467,2.005329759075146,-0.003650044106571175,-1.5887481757638633,-0.014656299128578557,-1.575956084520097,1.11944171485232,120.9702880538638,67.1682674453265
10175,010175,1863.741408936456,1863.741408936456,1907.013643152467,1907.013643152467,2.005329759075146,-0.003650044106571175,-1.5887481757638633,-0.014656299128578557,-1.575956084520097,1.11944171485232,120.9702880538638,67.1682674453265
10180,010180,1866.254649589019,1866.254649589019,1919.254029415608,1919.254029415608,2.022382969590999,-0.003597953696000636,-1.5700586556197347,0.014603913747234055,-1.5640112962393267,1.130147879676854,120.0310462140434,66.95362481129119
10186,010186,1842.404839758716,1842.404839758716,1934.754952608012,1934.754952608012,2.047493806442693,0.01132193851634119,-1.5412444667550063,0.030238908236011552,-1.5662469692397305,1.128173733560131,121.8558717032652,67.74032599935602
10196,010196,1857.34965296426,1857.34965296426,1917.924623722001,1917.924623722001,2.015306616523902,0.0004902130710700773,-1.5922332210785368,-0.014674245860053241,-1.5741902425771948,1.125060013269004,121.1604837134374,67.28731745081727
10204,010204,1866.254649589019,1866.254649589019,1919.254029415608,1919.254029415608,2.023073685447837,-0.001729120249509546,-1.5676469090071028,0.013673190861190706,-1.5633595192911118,1.129930671152837,120.0310462140434,66.95362481129119
10215,010215,1866.254649589019,1866.254649589019,1919.254029415608,1919.254029415608,2.023073685447837,-0.001729120249509546,-1.569392313614426,0.013692241791982286,-1.5651287137304093,1.129930671152837,120.0310462140434,66.95362481129119
10225,010225,1863.334264630649,1863.334264630649,1907.62696303471,1907.62696303471,2.015970272322051,0.008957195838649488,-1.5225925316185862,0.015377765957622191,-1.5681989866297787,1.131092790341723,121.100845132532,67.24295811544353
10257,010257,1880.974214387733,1880.974214387733,1915.779220181504,1915.779220181504,1.977851236897697,-0.006727592148754134,-1.569591747497633,-0.01629538688615913,-1.5688506905097992,1.100166968750412,119.4299449008713,66.58945770112874
10264,010264,1863.741408936456,1863.741408936456,1907.013643152467,1907.013643152467,2.005329759075146,-0.003650044106571175,-1.5887481757638633,-0.014656299128578557,-1.575956084520097,1.11944171485232,120.9702880538638,67.1682674453265
10293,010293,1842.404839758716,1842.404839758716,1934.754952608012,1934.754952608012,2.047493806442693,0.01132193851634119,-1.5412444667550063,0.030238908236011552,-1.5662469692397305,1.128173733560131,121.8558717032652,67.74032599935602
10307,010307,1842.404839758716,1842.404839758716,1934.754952608012,1934.754952608012,2.049676593409205,0.00840991717115261,-1.5282289359939825,0.030133228316926594,-1.5689091484340498,1.12962535674074,121.8558717032652,67.74032599935602
10326,010326,1857.34965296426,1857.34965296426,1917.924623722001,1917.924623722001,2.015306616523902,0.0004902130710700773,-1.5922332210785368,-0.014674245860053241,-1.5741902425771948,1.125060013269004,121.1604837134374,67.28731745081727
10330,010330,1842.404839758716,1842.404839758716,1934.754952608012,1934.754952608012,2.047493806442693,0.01132193851634119,-1.5412444667550063,0.030238908236011552,-1.5662469692397305,1.128173733560131,121.8558717032652,67.74032599935602
10338,010338,1857.479804288565,1857.479804288565,1922.888630990956,1922.888630990956,2.004635553476707,0.005137445956362164,-1.5510357394219714,-0.003256540141911394,-1.5595730426885313,1.146133774946981,120.7571865009013,67.36403230763489
10341,010341,1863.334264630649,1863.334264630649,1907.62696303471,1907.62696303471,2.015970272322051,0.008957195838649488,-1.5225925316185862,0.015377765957622191,-1.5681989866297787,1.131092790341723,121.100845132532,67.24295811544353
10345,010345,1846.470459745119,1846.470459745119,1934.237294246353,1934.237294246353,2.053116246097614,0.007127191254660563,-1.5532465545489462,0.04239655825563713,-1.585496144359086,1.126073558516028,121.8482000805993,67.76262613512169
10359,010359,1859.746969636308,1859.746969636308,1914.204755444865,1914.204755444865,2.009231466004983,-0.002970823641278691,-1.5646779031491849,0.02956119474784027,-1.5405950950370737,1.136123277061316,120.581700743319,67.21490441580156
10360,010360,1859.746969636308,1859.746969636308,1914.204755444865,1914.204755444865,2.009231466004983,-0.002970823641278691,-1.5629319833589455,0.02952976018188684,-1.5422887360998494,1.136123277061316,120.581700743319,67.21490441580156
10361,010361,1842.404839758716,1842.404839758716,1934.754952608012,1934.754952608012,2.049676593409205,0.00840991717115261,-1.5282289359939825,0.030133228316926594,-1.5689091484340498,1.12962535674074,121.8558717032652,67.74032599935602
10363,010363,1860.44342061537,1860.44342061537,1931.800446368316,1931.800446368316,2.014037351924079,-0.002481086856738699,-1.5657787946070796,0.024763195053972537,-1.5905180797729668,1.128847994220851,121.0847164834004,67.28639589561944
10377,010377,1859.633325720178,1859.633325720178,1926.337015754446,1926.337015754446,1.997003502293789,0.007118608021303436,-1.5655439822728348,-0.002684599072072188,-1.570856670035724,1.144582618675452,120.6792689337453,67.26448936786939
10404,010404,1863.741408936456,1863.741408936456,1907.013643152467,1907.013643152467,2.005329759075146,-0.003650044106571175,-1.5887481757638633,-0.014656299128578557,-1.575956084520097,1.11944171485232,120.9702880538638,67.1682674453265
10428,010428,1857.34965296426,1857.34965296426,1917.924623722001,1917.924623722001,2.015306616523902,0.0004902130710700773,-1.5922332210785368,-0.014674245860053241,-1.5741902425771948,1.125060013269004,121.1604837134374,67.28731745081727
10429,010429,1863.334264630649,1863.334264630649,1907.62696303471,1907.62696303471,2.015970272322051,0.008957195838649488,-1.5225925316185862,0.015377765957622191,-1.5681989866297787,1.131092790341723,121.100845132532,67.24295811544353
10516,010516,1842.404839758716,1842.404839758716,1934.754952608012,1934.754952608012,2.047493806442693,0.01132193851634119,-1.5412444667550063,0.030238908236011552,-1.5662469692397305,1.128173733560131,121.8558717032652,67.74032599935602
10517,010517,1863.334264630649,1863.334264630649,1907.62696303471,1907.62696303471,2.015970272322051,0.008957195838649488,-1.5225925316185862,0.015377765957622191,-1.5681989866297787,1.131092790341723,121.100845132532,67.24295811544353
10540,010540,1863.741408936456,1863.741408936456,1907.013643152467,1907.013643152467,2.00447886760607,-0.01270781496313672,-1.5206108787648793,0.016426185257528793,-1.574550621629867,1.102109518675779,120.9702880538638,67.1682674453265
10554,010554,1863.741408936456,1863.741408936456,1907.013643152467,1907.013643152467,2.005329759075146,-0.003650044106571175,-1.5887481757638633,-0.014656299128578557,-1.575956084520097,1.11944171485232,120.9702880538638,67.1682674453265
10560,010560,1863.741408936456,1863.741408936456,1907.013643152467,1907.013643152467,2.005329759075146,-0.003650044106571175,-1.5887481757638633,-0.014656299128578557,-1.575956084520097,1.11944171485232,120.9702880538638,67.1682674453265
10572,010572,1860.44342061537,1860.44342061537,1931.800446368316,1931.800446368316,2.014037351924079,-0.002481086856738699,-1.5657787946070796,0.024763195053972537,-1.5905180797729668,1.128847994220851,121.0847164834004,67.28639589561944
10582,010582,1847.919204237398,1847.919204237398,1921.263788490785,1921.263788490785,2.044438354629837,-0.006856317126254376,-1.5601557581409167,0.017964654651584994,-1.5449573354257424,1.124371377834915,121.2376221304691,67.59771650670672
10609,010609,1859.633325720178,1859.633325720178,1926.337015754446,1926.337015754446,1.997003502293789,0.007118608021303436,-1.5655439822728348,-0.002684599072072188,-1.570856670035724,1.144582618675452,120.6792689337453,67.26448936786939
10614,010614,1863.741408936456,1863.741408936456,1907.013643152467,1907.013643152467,2.00447886760607,-0.01270781496313672,-1.520610887543998,0.0164292314171461,-1.5728052951803733,1.102109518675779,120.9702880538638,67.1682674453265
10627,010627,1857.34965296426,1857.34965296426,1917.924623722001,1917.924623722001,2.015306616523902,0.0004902130710700773,-1.5922332470746603,-0.014668153580254308,-1.5759355608146708,1.125060013269004,121.1604837134374,67.28731745081727
10643,010643,1863.741408936456,1863.741408936456,1907.013643152467,1907.013643152467,2.005329759075146,-0.003650044106571175,-1.5887481757638633,-0.014656299128578557,-1.575956084520097,1.11944171485232,120.9702880538638,67.1682674453265
10649,010649,1857.479804288565,1857.479804288565,1922.888630990956,1922.888630990956,2.004635553476707,0.005137445956362164,-1.558016415459667,-0.0031506953783180715,-1.5647864995029954,1.146133774946981,120.7571865009013,67.36403230763489
10650,010650,1863.741408936456,1863.741408936456,1907.013643152467,1907.013643152467,2.00447886760607,-0.01270781496313672,-1.5188653261385996,0.01643271269900077,-1.5727766151929443,1.102109518675779,120.9702880538638,67.1682674453265
10653,010653,1857.34965296426,1857.34965296426,1917.924623722001,1917.924623722001,2.015306616523902,0.0004902130710700773,-1.5922332210785368,-0.014674245860053241,-1.5741902425771948,1.125060013269004,121.1604837134374,67.28731745081727
10663,010663,1859.746969636308,1859.746969636308,1914.204755444865,1914.204755444865,2.009231466004983,-0.002970823641278691,-1.5699128441987793,0.02975543926078322,-1.5477314577859038,1.136123277061316,120.581700743319,67.21490441580156
10666,010666,1863.741408936456,1863.741408936456,1907.013643152467,1907.013643152467,2.005329759075146,-0.003650044106571175,-1.5887481757638633,-0.014656299128578557,-1.575956084520097,1.11944171485232,120.9702880538638,67.1682674453265
10675,010675,1863.334264630649,1863.334264630649,1907.62696303471,1907.62696303471,2.015970272322051,0.008957195838649488,-1.5225925316185862,0.015377765957622191,-1.5681989866297787,1.131092790341723,121.100845132532,67.24295811544353
10676,010676,1846.470459745119,1846.470459745119,1934.237294246353,1934.237294246353,2.053116246097614,0.007127191254660563,-1.5532465545489462,0.04239655825563713,-1.585496144359086,1.126073558516028,121.8482000805993,67.76262613512169
10679,010679,1857.34965296426,1857.34965296426,1917.924623722001,1917.924623722001,2.015306616523902,0.0004902130710700773,-1.5922332470746603,-0.014668153580254308,-1.5759355608146708,1.125060013269004,121.1604837134374,67.28731745081727
10688,010688,1857.34965296426,1857.34965296426,1917.924623722001,1917.924623722001,2.015306616523902,0.0004902130710700773,-1.5922332210785368,-0.014674245860053241,-1.5741902425771948,1.125060013269004,121.1604837134374,67.28731745081727
10695,010695,1863.334264630649,1863.334264630649,1907.62696303471,1907.62696303471,2.015970272322051,0.008957195838649488,-1.5225925316185862,0.015377765957622191,-1.5681989866297787,1.131092790341723,121.100845132532,67.24295811544353
10703,010703,1880.974214387733,1880.974214387733,1915.779220181504,1915.779220181504,1.977851236897697,-0.006727592148754134,-1.5695917278837737,-0.016277110187861606,-1.570595924383754,1.100166968750412,119.4299449008713,66.58945770112874
10734,010734,1842.404839758716,1842.404839758716,1934.754952608012,1934.754952608012,2.047493806442693,0.01132193851634119,-1.5412444667550063,0.030238908236011552,-1.5662469692397305,1.128173733560131,121.8558717032652,67.74032599935602
10743,010743,1863.741408936456,1863.741408936456,1907.013643152467,1907.013643152467,2.005329759075146,-0.003650044106571175,-1.5887481757638633,-0.014656299128578557,-1.575956084520097,1.11944171485232,120.9702880538638,67.1682674453265
10760,010760,1857.34965296426,1857.34965296426,1917.924623722001,1917.924623722001,2.015306616523902,0.0004902130710700773,-1.5922332210785368,-0.014674245860053241,-1.5741902425771948,1.125060013269004,121.1604837134374,67.28731745081727
10780,010780,1859.633325720178,1859.633325720178,1926.337015754446,1926.337015754446,1.997003502293789,0.007118608021303436,-1.5655439822728348,-0.002684599072072188,-1.570856670035724,1.144582618675452,120.6792689337453,67.26448936786939
10781,010781,1863.741408936456,1863.741408936456,1907.013643152467,1907.013643152467,2.00447886760607,-0.01270781496313672,-1.5188653261385996,0.01643271269900077,-1.5727766151929443,1.102109518675779,120.9702880538638,67.1682674453265
10782,010782,1863.334264630649,1863.334264630649,1907.62696303471,1907.62696303471,2.015970272322051,0.008957195838649488,-1.5225925316185862,0.015377765957622191,-1.5681989866297787,1.131092790341723,121.100845132532,67.24295811544353
10810,010810,1857.479804288565,1857.479804288565,1922.888630990956,1922.888630990956,2.004635553476707,0.005137445956362164,-1.5510357394219714,-0.003256540141911394,-1.5595730426885313,1.146133774946981,120.7571865009013,67.36403230763489
10816,010816,1847.919204237398,1847.919204237398,1921.263788490785,1921.263788490785,2.044438354629837,-0.006856317126254376,-1.56190185876231,0.01797318165006547,-1.538007519872931,1.124371377834915,121.2376221304691,67.59771650670672
10819,010819,1875.341941705681,1875.341941705681,1915.635705796355,1915.635705796355,1.982010734183471,-0.001951416398337044,-1.5952666133753044,0.07678052066715899,-1.6225170415384549,1.132630915685097,119.7869740687292,66.78209093962884
10822,010822,1857.479804288565,1857.479804288565,1922.888630990956,1922.888630990956,2.004635553476707,0.005137445956362164,-1.558016415459667,-0.0031506953783180715,-1.5647864995029954,1.146133774946981,120.7571865009013,67.36403230763489
10826,010826,1866.254649589019,1866.254649589019,1919.254029415608,1919.254029415608,2.023073685447837,-0.001729120249509546,-1.5676468490155226,0.013682329143988894,-1.5651048237980518,1.129930671152837,120.0310462140434,66.95362481129119
10838,010838,1863.741408936456,1863.741408936456,1907.013643152467,1907.013643152467,2.005329759075146,-0.003650044106571175,-1.5887481757638633,-0.014656299128578557,-1.575956084520097,1.11944171485232,120.9702880538638,67.1682674453265
10860,010860,1846.470459745119,1846.470459745119,1934.237294246353,1934.237294246353,2.053116246097614,0.007127191254660563,-1.5532465545489462,0.04239655825563713,-1.585496144359086,1.126073558516028,121.8482000805993,67.76262613512169
10863,010863,1847.919204237398,1847.919204237398,1921.263788490785,1921.263788490785,2.044438354629837,-0.006856317126254376,-1.5601564303701785,0.017940294738900124,-1.5414667740539971,1.124371377834915,121.2376221304691,67.59771650670672
10872,010872,1863.334264630649,1863.334264630649,1907.62696303471,1907.62696303471,2.015970272322051,0.008957195838649488,-1.5225925316185862,0.015377765957622191,-1.5681989866297787,1.131092790341723,121.100845132532,67.24295811544353
10881,010881,1866.254649589019,1866.254649589019,1919.254029415608,1919.254029415608,2.023073685447837,-0.001729120249509546,-1.5676469090071028,0.013673190861190706,-1.5633595192911118,1.129930671152837,120.0310462140434,66.95362481129119
10925,010925,1846.470459745119,1846.470459745119,1934.237294246353,1934.237294246353,2.053116246097614,0.007127191254660563,-1.5532465545489462,0.04239655825563713,-1.585496144359086,1.126073558516028,121.8482000805993,67.76262613512169
10931,010931,1847.919204237398,1847.919204237398,1921.263788490785,1921.263788490785,2.044438354629837,-0.006856317126254376,-1.5601557581409167,0.017964654651584994,-1.5449573354257424,1.124371377834915,121.2376221304691,67.59771650670672
10932,010932,1846.470459745119,1846.470459745119,1934.237294246353,1934.237294246353,2.053116246097614,0.007127191254660563,-1.5532465545489462,0.04239655825563713,-1.585496144359086,1.126073558516028,121.8482000805993,67.76262613512169
10939,010939,1859.633325720178,1859.633325720178,1926.337015754446,1926.337015754446,1.997003502293789,0.007118608021303436,-1.5655439822728348,-0.002684599072072188,-1.570856670035724,1.144582618675452,120.6792689337453,67.26448936786939
10944,010944,1857.34965296426,1857.34965296426,1917.924623722001,1917.924623722001,2.015306616523902,0.0004902130710700773,-1.5922332210785368,-0.014674245860053241,-1.5741902425771948,1.125060013269004,121.1604837134374,67.28731745081727
10954,010954,1857.34965296426,1857.34965296426,1917.924623722001,1917.924623722001,2.015306616523902,0.0004902130710700773,-1.5922332470746603,-0.014668153580254308,-1.5759355608146708,1.125060013269004,121.1604837134374,67.28731745081727
10965,010965,1866.254649589019,1866.254649589019,1919.254029415608,1919.254029415608,2.023073685447837,-0.001729120249509546,-1.569392313614426,0.013692241791982286,-1.5651287137304093,1.129930671152837,120.0310462140434,66.95362481129119
10968,010968,1857.34965296426,1857.34965296426,1917.924623722001,1917.924623722001,2.015306616523902,0.0004902130710700773,-1.5922332470746603,-0.014668153580254308,-1.5759355608146708,1.125060013269004,121.1604837134374,67.28731745081727
10989,010989,1863.741408936456,1863.741408936456,1907.013643152467,1907.013643152467,2.00447886760607,-0.01270781496313672,-1.5188653261385996,0.01643271269900077,-1.5727766151929443,1.102109518675779,120.9702880538638,67.1682674453265
10999,010999,1860.44342061537,1860.44342061537,1931.800446368316,1931.800446368316,2.014037351924079,-0.002481086856738699,-1.5657787946070796,0.024763195053972537,-1.5905180797729668,1.128847994220851,121.0847164834004,67.28639589561944
11001,011001,1847.919204237398,1847.919204237398,1921.263788490785,1921.263788490785,2.044438354629837,-0.006856317126254376,-1.5601564303701785,0.017940294738900124,-1.5414667740539971,1.124371377834915,121.2376221304691,67.59771650670672
11004,011004,1846.470459745119,1846.470459745119,1934.237294246353,1934.237294246353,2.053116246097614,0.007127191254660563,-1.5532465545489462,0.04239655825563713,-1.585496144359086,1.126073558516028,121.8482000805993,67.76262613512169
11005,011005,1863.741408936456,1863.741408936456,1907.013643152467,1907.013643152467,2.00447886760607,-0.01270781496313672,-1.520610887543998,0.0164292314171461,-1.5728052951803733,1.102109518675779,120.9702880538638,67.1682674453265
11008,011008,1866.254649589019,1866.254649589019,1919.254029415608,1919.254029415608,2.023073685447837,-0.001729120249509546,-1.569392313614426,0.013692241791982286,-1.5651287137304093,1.129930671152837,120.0310462140434,66.95362481129119
11057,011057,1842.404839758716,1842.404839758716,1934.754952608012,1934.754952608012,2.047493806442693,0.01132193851634119,-1.5412444667550063,0.030238908236011552,-1.5662469692397305,1.128173733560131,121.8558717032652,67.74032599935602
11070,011070,1842.404839758716,1842.404839758716,1934.754952608012,1934.754952608012,2.047493806442693,0.01132193851634119,-1.5412444667550063,0.030238908236011552,-1.5662469692397305,1.128173733560131,121.8558717032652,67.74032599935602
11079,011079,1842.404839758716,1842.404839758716,1934.754952608012,1934.754952608012,2.047493806442693,0.01132193851634119,-1.5412444667550063,0.030238908236011552,-1.5662469692397305,1.128173733560131,121.8558717032652,67.74032599935602
11083,011083,1859.633325720178,1859.633325720178,1926.337015754446,1926.337015754446,1.997003502293789,0.007118608021303436,-1.5655439822728348,-0.002684599072072188,-1.570856670035724,1.144582618675452,120.6792689337453,67.26448936786939
11088,011088,1846.470459745119,1846.470459745119,1934.237294246353,1934.237294246353,2.053116246097614,0.007127191254660563,-1.5532465545489462,0.04239655825563713,-1.585496144359086,1.126073558516028,121.8482000805993,67.76262613512169
11092,011092,1846.470459745119,1846.470459745119,1934.237294246353,1934.237294246353,2.053116246097614,0.007127191254660563,-1.5532465545489462,0.04239655825563713,-1.585496144359086,1.126073558516028,121.8482000805993,67.76262613512169
11093,011093,1860.44342061537,1860.44342061537,1931.800446368316,1931.800446368316,2.014037351924079,-0.002481086856738699,-1.5657787946070796,0.024763195053972537,-1.5905180797729668,1.128847994220851,121.0847164834004,67.28639589561944
11094,011094,1847.919204237398,1847.919204237398,1921.263788490785,1921.263788490785,2.044438354629837,-0.006856317126254376,-1.5601564303701785,0.017940294738900124,-1.5414667740539971,1.124371377834915,121.2376221304691,67.59771650670672
11095,011095,1846.470459745119,1846.470459745119,1934.237294246353,1934.237294246353,2.053116246097614,0.007127191254660563,-1.5532465545489462,0.04239655825563713,-1.585496144359086,1.126073558516028,121.8482000805993,67.76262613512169
11102,011102,1857.479804288565,1857.479804288565,1922.888630990956,1922.888630990956,2.004635553476707,0.005137445956362164,-1.558016415459667,-0.0031506953783180715,-1.5647864995029954,1.146133774946981,120.7571865009013,67.36403230763489
11107,011107,1842.404839758716,1842.404839758716,1934.754952608012,1934.754952608012,2.047493806442693,0.01132193851634119,-1.5412444667550063,0.030238908236011552,-1.5662469692397305,1.128173733560131,121.8558717032652,67.74032599935602
11112,011112,1860.44342061537,1860.44342061537,1931.800446368316,1931.800446368316,2.014037351924079,-0.002481086856738699,-1.5657787946070796,0.024763195053972537,-1.5905180797729668,1.128847994220851,121.0847164834004,67.28639589561944
11123,011123,1863.334264630649,1863.334264630649,1907.62696303471,1907.62696303471,2.015970272322051,0.008957195838649488,-1.5225925316185862,0.015377765957622191,-1.5681989866297787,1.131092790341723,121.100845132532,67.24295811544353
11141,011141,1846.470459745119,1846.470459745119,1934.237294246353,1934.237294246353,2.053116246097614,0.007127191254660563,-1.5532465545489462,0.04239655825563713,-1.585496144359086,1.126073558516028,121.8482000805993,67.76262613512169
11145,011145,1846.470459745119,1846.470459745119,1934.237294246353,1934.237294246353,2.053116246097614,0.007127191254660563,-1.5532465545489462,0.04239655825563713,-1.585496144359086,1.126073558516028,121.8482000805993,67.76262613512169
11148,011148,1860.44342061537,1860.44342061537,1931.800446368316,1931.800446368316,2.014037351924079,-0.002481086856738699,-1.5657787946070796,0.024763195053972537,-1.5905180797729668,1.128847994220851,121.0847164834004,67.28639589561944
11149,011149,1842.404839758716,1842.404839758716,1934.754952608012,1934.754952608012,2.047493806442693,0.01132193851634119,-1.5412444667550063,0.030238908236011552,-1.5662469692397305,1.128173733560131,121.8558717032652,67.74032599935602
11169,011169,1863.334264630649,1863.334264630649,1907.62696303471,1907.62696303471,2.015970272322051,0.008957195838649488,-1.5225925316185862,0.015377765957622191,-1.5681989866297787,1.131092790341723,121.100845132532,67.24295811544353
11182,011182,1863.741408936456,1863.741408936456,1907.013643152467,1907.013643152467,2.005329759075146,-0.003650044106571175,-1.5887481757638633,-0.014656299128578557,-1.575956084520097,1.11944171485232,120.9702880538638,67.1682674453265
11193,011193,1866.254649589019,1866.254649589019,1919.254029415608,1919.254029415608,2.022382969590999,-0.003597953696000636,-1.5700586556197347,0.014603913747234055,-1.5640112962393267,1.130147879676854,120.0310462140434,66.95362481129119
11201,011201,1857.34965296426,1857.34965296426,1917.924623722001,1917.924623722001,2.015306616523902,0.0004902130710700773,-1.5922332210785368,-0.014674245860053241,-1.5741902425771948,1.125060013269004,121.1604837134374,67.28731745081727
11228,011228,1857.34965296426,1857.34965296426,1917.924623722001,1917.924623722001,2.015306616523902,0.0004902130710700773,-1.5922332470746603,-0.014668153580254308,-1.5759355608146708,1.125060013269004,121.1604837134374,67.28731745081727
11240,011240,1859.633325720178,1859.633325720178,1926.337015754446,1926.337015754446,1.997003502293789,0.007118608021303436,-1.5655439822728348,-0.002684599072072188,-1.570856670035724,1.144582618675452,120.6792689337453,67.26448936786939
11245,011245,1859.746969636308,1859.746969636308,1914.204755444865,1914.204755444865,2.009231466004983,-0.002970823641278691,-1.5646779031491849,0.02956119474784027,-1.5405950950370737,1.136123277061316,120.581700743319,67.21490441580156
11260,011260,1863.334264630649,1863.334264630649,1907.62696303471,1907.62696303471,2.015970272322051,0.008957195838649488,-1.5225925316185862,0.015377765957622191,-1.5681989866297787,1.131092790341723,121.100845132532,67.24295811544353
11262,011262,1846.470459745119,1846.470459745119,1934.237294246353,1934.237294246353,2.053116246097614,0.007127191254660563,-1.5532465545489462,0.04239655825563713,-1.585496144359086,1.126073558516028,121.8482000805993,67.76262613512169
11267,011267,1857.479804288565,1857.479804288565,1922.888630990956,1922.888630990956,2.004635553476707,0.005137445956362164,-1.558016415459667,-0.0031506953783180715,-1.5647864995029954,1.146133774946981,120.7571865009013,67.36403230763489
11271,011271,1859.633325720178,1859.633325720178,1926.337015754446,1926.337015754446,1.997003502293789,0.007118608021303436,-1.5655439822728348,-0.002684599072072188,-1.570856670035724,1.144582618675452,120.6792689337453,67.26448936786939
11280,011280,1866.254649589019,1866.254649589019,1919.254029415608,1919.254029415608,2.023073685447837,-0.001729120249509546,-1.5676469090071028,0.013673190861190706,-1.5633595192911118,1.129930671152837,120.0310462140434,66.95362481129119
11284,011284,1842.404839758716,1842.404839758716,1934.754952608012,1934.754952608012,2.047493806442693,0.01132193851634119,-1.5412444667550063,0.030238908236011552,-1.5662469692397305,1.128173733560131,121.8558717032652,67.74032599935602
11295,011295,1857.479804288565,1857.479804288565,1922.888630990956,1922.888630990956,2.004635553476707,0.005137445956362164,-1.558016415459667,-0.0031506953783180715,-1.5647864995029954,1.146133774946981,120.7571865009013,67.36403230763489
11297,011297,1863.741408936456,1863.741408936456,1907.013643152467,1907.013643152467,2.005329759075146,-0.003650044106571175,-1.5887481757638633,-0.014656299128578557,-1.575956084520097,1.11944171485232,120.9702880538638,67.1682674453265
11305,011305,1863.741408936456,1863.741408936456,1907.013643152467,1907.013643152467,2.00447886760607,-0.01270781496313672,-1.5188653261385996,0.01643271269900077,-1.5727766151929443,1.102109518675779,120.9702880538638,67.1682674453265
11326,011326,1857.479804288565,1857.479804288565,1922.888630990956,1922.888630990956,2.004635553476707,0.005137445956362164,-1.5510357394219714,-0.003256540141911394,-1.5595730426885313,1.146133774946981,120.7571865009013,67.36403230763489
11333,011333,1866.254649589019,1866.254649589019,1919.254029415608,1919.254029415608,2.023073685447837,-0.001729120249509546,-1.5676469090071028,0.013673190861190706,-1.5633595192911118,1.129930671152837,120.0310462140434,66.95362481129119
11337,011337,1858.597086427252,1858.597086427252,1924.42584741907,1924.42584741907,2.029652670668384,0.006069991084438096,-1.5481785083094486,0.042104190812269744,-1.5829092444598964,1.133153905263153,121.4569399168275,67.46593912807965
11360,011360,1857.34965296426,1857.34965296426,1917.924623722001,1917.924623722001,2.015306616523902,0.0004902130710700773,-1.5922332470746603,-0.014668153580254308,-1.5759355608146708,1.125060013269004,121.1604837134374,67.28731745081727
11361,011361,1863.334264630649,1863.334264630649,1907.62696303471,1907.62696303471,2.015970272322051,0.008957195838649488,-1.5225925316185862,0.015377765957622191,-1.5681989866297787,1.131092790341723,121.100845132532,67.24295811544353
11370,011370,1846.470459745119,1846.470459745119,1934.237294246353,1934.237294246353,2.053116246097614,0.007127191254660563,-1.5532465545489462,0.04239655825563713,-1.585496144359086,1.126073558516028,121.8482000805993,67.76262613512169
11382,011382,1847.919204237398,1847.919204237398,1921.263788490785,1921.263788490785,2.044438354629837,-0.006856317126254376,-1.5601557581409167,0.017964654651584994,-1.5449573354257424,1.124371377834915,121.2376221304691,67.59771650670672
11397,011397,1860.44342061537,1860.44342061537,1931.800446368316,1931.800446368316,2.014037351924079,-0.002481086856738699,-1.5657787946070796,0.024763195053972537,-1.5905180797729668,1.128847994220851,121.0847164834004,67.28639589561944
11405,011405,1842.404839758716,1842.404839758716,1934.754952608012,1934.754952608012,2.047493806442693,0.01132193851634119,-1.5412444667550063,0.030238908236011552,-1.5662469692397305,1.128173733560131,121.8558717032652,67.74032599935602
11414,011414,1863.741408936456,1863.741408936456,1907.013643152467,1907.013643152467,2.00447886760607,-0.01270781496313672,-1.5188653261385996,0.01643271269900077,-1.5727766151929443,1.102109518675779,120.9702880538638,67.1682674453265
11418,011418,1863.334264630649,1863.334264630649,1907.62696303471,1907.62696303471,2.015970272322051,0.008957195838649488,-1.5225925316185862,0.015377765957622191,-1.5681989866297787,1.131092790341723,121.100845132532,67.24295811544353
11421,011421,1859.633325720178,1859.633325720178,1926.337015754446,1926.337015754446,1.997003502293789,0.007118608021303436,-1.5655439822728348,-0.002684599072072188,-1.570856670035724,1.144582618675452,120.6792689337453,67.26448936786939
11435,011435,1875.341941705681,1875.341941705681,1915.635705796355,1915.635705796355,1.982010734183471,-0.001951416398337044,-1.5952666133753044,0.07678052066715899,-1.6225170415384549,1.132630915685097,119.7869740687292,66.78209093962884
11443,011443,1859.746969636308,1859.746969636308,1914.204755444865,1914.204755444865,2.009231466004983,-0.002970823641278691,-1.5629319833589455,0.02952976018188684,-1.5422887360998494,1.136123277061316,120.581700743319,67.21490441580156
11477,011477,1859.746969636308,1859.746969636308,1914.204755444865,1914.204755444865,2.009231466004983,-0.002970823641278691,-1.5646779031491849,0.02956119474784027,-1.5405950950370737,1.136123277061316,120.581700743319,67.21490441580156
11479,011479,1842.404839758716,1842.404839758716,1934.754952608012,1934.754952608012,2.047493806442693,0.01132193851634119,-1.5412444667550063,0.030238908236011552,-1.5662469692397305,1.128173733560131,121.8558717032652,67.74032599935602
11490,011490,1863.334264630649,1863.334264630649,1907.62696303471,1907.62696303471,2.015970272322051,0.008957195838649488,-1.5225925316185862,0.015377765957622191,-1.5681989866297787,1.131092790341723,121.100845132532,67.24295811544353
11500,011500,1863.334264630649,1863.334264630649,1907.62696303471,1907.62696303471,2.015970272322051,0.008957195838649488,-1.5225925316185862,0.015377765957622191,-1.5681989866297787,1.131092790341723,121.100845132532,67.24295811544353
11503,011503,1859.746969636308,1859.746969636308,1914.204755444865,1914.204755444865,2.009231466004983,-0.002970823641278691,-1.56293139392435,0.02955107472663299,-1.5440339176877833,1.136123277061316,120.581700743319,67.21490441580156
11528,011528,1847.919204237398,1847.919204237398,1921.263788490785,1921.263788490785,2.044438354629837,-0.006856317126254376,-1.5601564303701785,0.017940294738900124,-1.5414667740539971,1.124371377834915,121.2376221304691,67.59771650670672
11550,011550,1846.470459745119,1846.470459745119,1934.237294246353,1934.237294246353,2.053116246097614,0.007127191254660563,-1.5532465545489462,0.04239655825563713,-1.585496144359086,1.126073558516028,121.8482000805993,67.76262613512169
11582,011582,1863.334264630649,1863.334264630649,1907.62696303471,1907.62696303471,2.015970272322051,0.008957195838649488,-1.5225925316185862,0.015377765957622191,-1.5681989866297787,1.131092790341723,121.100845132532,67.24295811544353
11595,011595,1866.254649589019,1866.254649589019,1919.254029415608,1919.254029415608,2.023073685447837,-0.001729120249509546,-1.569392313614426,0.013692241791982286,-1.5651287137304093,1.129930671152837,120.0310462140434,66.95362481129119
11604,011604,1846.470459745119,1846.470459745119,1934.237294246353,1934.237294246353,2.053116246097614,0.007127191254660563,-1.5532465545489462,0.04239655825563713,-1.585496144359086,1.126073558516028,121.8482000805993,67.76262613512169
11628,011628,1880.974214387733,1880.974214387733,1915.779220181504,1915.779220181504,1.977851236897697,-0.006727592148754134,-1.569591747497633,-0.01629538688615913,-1.5688506905097992,1.100166968750412,119.4299449008713,66.58945770112874
11631,011631,1859.746969636308,1859.746969636308,1914.204755444865,1914.204755444865,2.009231466004983,-0.002970823641278691,-1.5646779031491849,0.02956119474784027,-1.5405950950370737,1.136123277061316,120.581700743319,67.21490441580156
11633,011633,1857.34965296426,1857.34965296426,1917.924623722001,1917.924623722001,2.015306616523902,0.0004902130710700773,-1.5922332470746603,-0.014668153580254308,-1.5759355608146708,1.125060013269004,121.1604837134374,67.28731745081727
11643,011643,1857.34965296426,1857.34965296426,1917.924623722001,1917.924623722001,2.015306616523902,0.0004902130710700773,-1.5922332470746603,-0.014668153580254308,-1.5759355608146708,1.125060013269004,121.1604837134374,67.28731745081727
11654,011654,1863.741408936456,1863.741408936456,1907.013643152467,1907.013643152467,2.005329759075146,-0.003650044106571175,-1.5887481757638633,-0.014656299128578557,-1.575956084520097,1.11944171485232,120.9702880538638,67.1682674453265
11657,011657,1863.741408936456,1863.741408936456,1907.013643152467,1907.013643152467,2.005329759075146,-0.003650044106571175,-1.5887481941415185,-0.014653253011738941,-1.5777014108444942,1.11944171485232,120.9702880538638,67.1682674453265
11662,011662,1857.479804288565,1857.479804288565,1922.888630990956,1922.888630990956,2.004635553476707,0.005137445956362164,-1.558016415459667,-0.0031506953783180715,-1.5647864995029954,1.146133774946981,120.7571865009013,67.36403230763489
11663,011663,1866.254649589019,1866.254649589019,1919.254029415608,1919.254029415608,2.023073685447837,-0.001729120249509546,-1.5676469090071028,0.013673190861190706,-1.5633595192911118,1.129930671152837,120.0310462140434,66.95362481129119
11676,011676,1863.334264630649,1863.334264630649,1907.62696303471,1907.62696303471,2.015970272322051,0.008957195838649488,-1.5225925316185862,0.015377765957622191,-1.5681989866297787,1.131092790341723,121.100845132532,67.24295811544353
11707,011707,1846.470459745119,1846.470459745119,1934.237294246353,1934.237294246353,2.053116246097614,0.007127191254660563,-1.5532465545489462,0.04239655825563713,-1.585496144359086,1.126073558516028,121.8482000805993,67.76262613512169
11718,011718,1859.746969636308,1859.746969636308,1914.204755444865,1914.204755444865,2.009231466004983,-0.002970823641278691,-1.5629319833589455,0.02952976018188684,-1.5422887360998494,1.136123277061316,120.581700743319,67.21490441580156
11726,011726,1857.34965296426,1857.34965296426,1917.924623722001,1917.924623722001,2.015306616523902,0.0004902130710700773,-1.5922332210785368,-0.014674245860053241,-1.5741902425771948,1.125060013269004,121.1604837134374,67.28731745081727
11745,011745,1863.741408936456,1863.741408936456,1907.013643152467,1907.013643152467,2.00447886760607,-0.01270781496313672,-1.5188653261385996,0.01643271269900077,-1.5727766151929443,1.102109518675779,120.9702880538638,67.1682674453265
11752,011752,1863.334264630649,1863.334264630649,1907.62696303471,1907.62696303471,2.015970272322051,0.008957195838649488,-1.5225925316185862,0.015377765957622191,-1.5681989866297787,1.131092790341723,121.100845132532,67.24295811544353
11765,011765,1863.741408936456,1863.741408936456,1907.013643152467,1907.013643152467,2.00447886760607,-0.01270781496313672,-1.5188653261385996,0.01643271269900077,-1.5727766151929443,1.102109518675779,120.9702880538638,67.1682674453265
11770,011770,1863.334264630649,1863.334264630649,1907.62696303471,1907.62696303471,2.015970272322051,0.008957195838649488,-1.5225925316185862,0.015377765957622191,-1.5681989866297787,1.131092790341723,121.100845132532,67.24295811544353
11774,011774,1858.597086427252,1858.597086427252,1924.42584741907,1924.42584741907,2.029652670668384,0.006069991084438096,-1.551672000605969,0.04206165324630392,-1.5795655590792688,1.133153905263153,121.4569399168275,67.46593912807965
11778,011778,1846.470459745119,1846.470459745119,1934.237294246353,1934.237294246353,2.053116246097614,0.007127191254660563,-1.5532465545489462,0.04239655825563713,-1.585496144359086,1.126073558516028,121.8482000805993,67.76262613512169
11786,011786,1880.974214387733,1880.974214387733,1915.779220181504,1915.779220181504,1.977851236897697,-0.006727592148754134,-1.5695917278837737,-0.016277110187861606,-1.570595924383754,1.100166968750412,119.4299449008713,66.58945770112874
11797,011797,1866.254649589019,1866.254649589019,1919.254029415608,1919.254029415608,2.023073685447837,-0.001729120249509546,-1.569392313614426,0.013692241791982286,-1.5651287137304093,1.129930671152837,120.0310462140434,66.95362481129119
11809,011809,1857.34965296426,1857.34965296426,1917.924623722001,1917.924623722001,2.015306616523902,0.0004902130710700773,-1.5922332470746603,-0.014668153580254308,-1.5759355608146708,1.125060013269004,121.1604837134374,67.28731745081727
11823,011823,1857.34965296426,1857.34965296426,1917.924623722001,1917.924623722001,2.015306616523902,0.0004902130710700773,-1.5922332470746603,-0.014668153580254308,-1.5759355608146708,1.125060013269004,121.1604837134374,67.28731745081727
11825,011825,1863.334264630649,1863.334264630649,1907.62696303471,1907.62696303471,2.015970272322051,0.008957195838649488,-1.5225925316185862,0.015377765957622191,-1.5681989866297787,1.131092790341723,121.100845132532,67.24295811544353
11833,011833,1857.34965296426,1857.34965296426,1917.924623722001,1917.924623722001,2.015306616523902,0.0004902130710700773,-1.5922332210785368,-0.014674245860053241,-1.5741902425771948,1.125060013269004,121.1604837134374,67.28731745081727
11838,011838,1842.404839758716,1842.404839758716,1934.754952608012,1934.754952608012,2.045975662868765,-0.002400173486311045,-1.55338857412205,0.01825416843181658,-1.577136067995388,1.130651936362605,121.8558717032652,67.74032599935602
11843,011843,1857.479804288565,1857.479804288565,1922.888630990956,1922.888630990956,2.004635553476707,0.005137445956362164,-1.558016415459667,-0.0031506953783180715,-1.5647864995029954,1.146133774946981,120.7571865009013,67.36403230763489
11856,011856,1857.34965296426,1857.34965296426,1917.924623722001,1917.924623722001,2.015306616523902,0.0004902130710700773,-1.5922332210785368,-0.014674245860053241,-1.5741902425771948,1.125060013269004,121.1604837134374,67.28731745081727
11865,011865,1857.34965296426,1857.34965296426,1917.924623722001,1917.924623722001,2.015306616523902,0.0004902130710700773,-1.5922332210785368,-0.014674245860053241,-1.5741902425771948,1.125060013269004,121.1604837134374,67.28731745081727
11870,011870,1863.334264630649,1863.334264630649,1907.62696303471,1907.62696303471,2.015970272322051,0.008957195838649488,-1.5225925316185862,0.015377765957622191,-1.5681989866297787,1.131092790341723,121.100845132532,67.24295811544353
11890,011890,1859.746969636308,1859.746969636308,1914.204755444865,1914.204755444865,2.009231466004983,-0.002970823641278691,-1.5629319833589455,0.02952976018188684,-1.5422887360998494,1.136123277061316,120.581700743319,67.21490441580156
11904,011904,1860.44342061537,1860.44342061537,1931.800446368316,1931.800446368316,2.014037351924079,-0.002481086856738699,-1.5657787946070796,0.024763195053972537,-1.5905180797729668,1.128847994220851,121.0847164834004,67.28639589561944
11906,011906,1842.404839758716,1842.404839758716,1934.754952608012,1934.754952608012,2.047493806442693,0.01132193851634119,-1.5412444667550063,0.030238908236011552,-1.5662469692397305,1.128173733560131,121.8558717032652,67.74032599935602
11970,011970,1842.404839758716,1842.404839758716,1934.754952608012,1934.754952608012,2.049676593409205,0.00840991717115261,-1.5282289359939825,0.030133228316926594,-1.5689091484340498,1.12962535674074,121.8558717032652,67.74032599935602
11971,011971,1842.404839758716,1842.404839758716,1934.754952608012,1934.754952608012,2.047493806442693,0.01132193851634119,-1.5412444667550063,0.030238908236011552,-1.5662469692397305,1.128173733560131,121.8558717032652,67.74032599935602
11982,011982,1857.34965296426,1857.34965296426,1917.924623722001,1917.924623722001,2.015306616523902,0.0004902130710700773,-1.5922332210785368,-0.014674245860053241,-1.5741902425771948,1.125060013269004,121.1604837134374,67.28731745081727
11990,011990,1846.470459745119,1846.470459745119,1934.237294246353,1934.237294246353,2.053116246097614,0.007127191254660563,-1.5532465545489462,0.04239655825563713,-1.585496144359086,1.126073558516028,121.8482000805993,67.76262613512169
12008,012008,1857.34965296426,1857.34965296426,1917.924623722001,1917.924623722001,2.015306616523902,0.0004902130710700773,-1.5922332210785368,-0.014674245860053241,-1.5741902425771948,1.125060013269004,121.1604837134374,67.28731745081727
12011,012011,1863.741408936456,1863.741408936456,1907.013643152467,1907.013643152467,2.005329759075146,-0.003650044106571175,-1.5887481757638633,-0.014656299128578557,-1.575956084520097,1.11944171485232,120.9702880538638,67.1682674453265
12021,012021,1842.404839758716,1842.404839758716,1934.754952608012,1934.754952608012,2.049676593409205,0.00840991717115261,-1.5282289359939825,0.030133228316926594,-1.5689091484340498,1.12962535674074,121.8558717032652,67.74032599935602
12022,012022,1860.44342061537,1860.44342061537,1931.800446368316,1931.800446368316,2.014037351924079,-0.002481086856738699,-1.5657787946070796,0.024763195053972537,-1.5905180797729668,1.128847994220851,121.0847164834004,67.28639589561944
12028,012028,1857.479804288565,1857.479804288565,1922.888630990956,1922.888630990956,2.004635553476707,0.005137445956362164,-1.558016415459667,-0.0031506953783180715,-1.5647864995029954,1.146133774946981,120.7571865009013,67.36403230763489
12041,012041,1866.254649589019,1866.254649589019,1919.254029415608,1919.254029415608,2.023073685447837,-0.001729120249509546,-1.569392313614426,0.013692241791982286,-1.5651287137304093,1.129930671152837,120.0310462140434,66.95362481129119
12062,012062,1842.404839758716,1842.404839758716,1934.754952608012,1934.754952608012,2.047493806442693,0.01132193851634119,-1.5412444667550063,0.030238908236011552,-1.5662469692397305,1.128173733560131,121.8558717032652,67.74032599935602
12074,012074,1857.479804288565,1857.479804288565,1922.888630990956,1922.888630990956,2.004635553476707,0.005137445956362164,-1.5510357394219714,-0.003256540141911394,-1.5595730426885313,1.146133774946981,120.7571865009013,67.36403230763489
12077,012077,1857.34965296426,1857.34965296426,1917.924623722001,1917.924623722001,2.015306616523902,0.0004902130710700773,-1.5922332470746603,-0.014668153580254308,-1.5759355608146708,1.125060013269004,121.1604837134374,67.28731745081727
12078,012078,1842.404839758716,1842.404839758716,1934.754952608012,1934.754952608012,2.047493806442693,0.01132193851634119,-1.5412444667550063,0.030238908236011552,-1.5662469692397305,1.128173733560131,121.8558717032652,67.74032599935602
12093,012093,1846.470459745119,1846.470459745119,1934.237294246353,1934.237294246353,2.053116246097614,0.007127191254660563,-1.5532465545489462,0.04239655825563713,-1.585496144359086,1.126073558516028,121.8482000805993,67.76262613512169
12099,012099,1846.470459745119,1846.470459745119,1934.237294246353,1934.237294246353,2.053116246097614,0.007127191254660563,-1.5532465545489462,0.04239655825563713,-1.585496144359086,1.126073558516028,121.8482000805993,67.76262613512169
12103,012103,1863.741408936456,1863.741408936456,1907.013643152467,1907.013643152467,2.00447886760607,-0.01270781496313672,-1.520610887543998,0.0164292314171461,-1.5728052951803733,1.102109518675779,120.9702880538638,67.1682674453265
12107,012107,1859.746969636308,1859.746969636308,1914.204755444865,1914.204755444865,2.009231466004983,-0.002970823641278691,-1.5629319833589455,0.02952976018188684,-1.5422887360998494,1.136123277061316,120.581700743319,67.21490441580156
12115,012115,1858.597086427252,1858.597086427252,1924.42584741907,1924.42584741907,2.029652670668384,0.006069991084438096,-1.5481785083094486,0.042104190812269744,-1.5829092444598964,1.133153905263153,121.4569399168275,67.46593912807965
12133,012133,1846.470459745119,1846.470459745119,1934.237294246353,1934.237294246353,2.053116246097614,0.007127191254660563,-1.5532465545489462,0.04239655825563713,-1.585496144359086,1.126073558516028,121.8482000805993,67.76262613512169
12158,012158,1842.404839758716,1842.404839758716,1934.754952608012,1934.754952608012,2.047493806442693,0.01132193851634119,-1.5412444667550063,0.030238908236011552,-1.5662469692397305,1.128173733560131,121.8558717032652,67.74032599935602
12163,012163,1866.254649589019,1866.254649589019,1919.254029415608,1919.254029415608,2.023073685447837,-0.001729120249509546,-1.569392313614426,0.013692241791982286,-1.5651287137304093,1.129930671152837,120.0310462140434,66.95362481129119
12172,012172,1863.741408936456,1863.741408936456,1907.013643152467,1907.013643152467,2.005329759075146,-0.003650044106571175,-1.5887481757638633,-0.014656299128578557,-1.575956084520097,1.11944171485232,120.9702880538638,67.1682674453265
12174,012174,1842.404839758716,1842.404839758716,1934.754952608012,1934.754952608012,2.047493806442693,0.01132193851634119,-1.5412444667550063,0.030238908236011552,-1.5662469692397305,1.128173733560131,121.8558717032652,67.74032599935602
12186,012186,1858.597086427252,1858.597086427252,1924.42584741907,1924.42584741907,2.029652670668384,0.006069991084438096,-1.551672000605969,0.04206165324630392,-1.5795655590792688,1.133153905263153,121.4569399168275,67.46593912807965
12191,012191,1855.611679448001,1855.611679448001,1918.782750108382,1918.782750108382,2.05513307421246,-0.002349478392438995,-1.561876401009322,0.01737311010595689,-1.5623148837201322,1.128509700670556,120.6309216201748,67.34206591228028
12193,012193,1863.334264630649,1863.334264630649,1907.62696303471,1907.62696303471,2.015970272322051,0.008957195838649488,-1.5225925316185862,0.015377765957622191,-1.5681989866297787,1.131092790341723,121.100845132532,67.24295811544353
12195,012195,1842.404839758716,1842.404839758716,1934.754952608012,1934.754952608012,2.047493806442693,0.01132193851634119,-1.5412444667550063,0.030238908236011552,-1.5662469692397305,1.128173733560131,121.8558717032652,67.74032599935602
12206,012206,1863.334264630649,1863.334264630649,1907.62696303471,1907.62696303471,2.015970272322051,0.008957195838649488,-1.5225925316185862,0.015377765957622191,-1.5681989866297787,1.131092790341723,121.100845132532,67.24295811544353
12212,012212,1866.254649589019,1866.254649589019,1919.254029415608,1919.254029415608,2.023073685447837,-0.001729120249509546,-1.569392313614426,0.013692241791982286,-1.5651287137304093,1.129930671152837,120.0310462140434,66.95362481129119
12234,012234,1846.470459745119,1846.470459745119,1934.237294246353,1934.237294246353,2.053116246097614,0.007127191254660563,-1.5532465545489462,0.04239655825563713,-1.585496144359086,1.126073558516028,121.8482000805993,67.76262613512169
12262,012262,1863.334264630649,1863.334264630649,1907.62696303471,1907.62696303471,2.015970272322051,0.008957195838649488,-1.5225925316185862,0.015377765957622191,-1.5681989866297787,1.131092790341723,121.100845132532,67.24295811544353
12266,012266,1842.404839758716,1842.404839758716,1934.754952608012,1934.754952608012,2.047493806442693,0.01132193851634119,-1.5412444667550063,0.030238908236011552,-1.5662469692397305,1.128173733560131,121.8558717032652,67.74032599935602
12268,012268,1842.404839758716,1842.404839758716,1934.754952608012,1934.754952608012,2.047493806442693,0.01132193851634119,-1.5412444667550063,0.030238908236011552,-1.5662469692397305,1.128173733560131,121.8558717032652,67.74032599935602
12287,012287,1842.404839758716,1842.404839758716,1934.754952608012,1934.754952608012,2.047493806442693,0.01132193851634119,-1.5412444667550063,0.030238908236011552,-1.5662469692397305,1.128173733560131,121.8558717032652,67.74032599935602
12304,012304,1863.741408936456,1863.741408936456,1907.013643152467,1907.013643152467,2.00447886760607,-0.01270781496313672,-1.5188653261385996,0.01643271269900077,-1.5727766151929443,1.102109518675779,120.9702880538638,67.1682674453265
12305,012305,1846.470459745119,1846.470459745119,1934.237294246353,1934.237294246353,2.053116246097614,0.007127191254660563,-1.5532465545489462,0.04239655825563713,-1.585496144359086,1.126073558516028,121.8482000805993,67.76262613512169
12307,012307,1863.334264630649,1863.334264630649,1907.62696303471,1907.62696303471,2.015970272322051,0.008957195838649488,-1.5225925316185862,0.015377765957622191,-1.5681989866297787,1.131092790341723,121.100845132532,67.24295811544353
12310,012310,1842.404839758716,1842.404839758716,1934.754952608012,1934.754952608012,2.049676593409205,0.00840991717115261,-1.5282289359939825,0.030133228316926594,-1.5689091484340498,1.12962535674074,121.8558717032652,67.74032599935602
12312,012312,1859.633325720178,1859.633325720178,1926.337015754446,1926.337015754446,1.997003502293789,0.007118608021303436,-1.5655439822728348,-0.002684599072072188,-1.570856670035724,1.144582618675452,120.6792689337453,67.26448936786939
12329,012329,1857.34965296426,1857.34965296426,1917.924623722001,1917.924623722001,2.015306616523902,0.0004902130710700773,-1.5922332470746603,-0.014668153580254308,-1.5759355608146708,1.125060013269004,121.1604837134374,67.28731745081727
12331,012331,1847.919204237398,1847.919204237398,1921.263788490785,1921.263788490785,2.044438354629837,-0.006856317126254376,-1.56190185876231,0.01797318165006547,-1.538007519872931,1.124371377834915,121.2376221304691,67.59771650670672
12334,012334,1863.741408936456,1863.741408936456,1907.013643152467,1907.013643152467,2.005329759075146,-0.003650044106571175,-1.5887481757638633,-0.014656299128578557,-1.575956084520097,1.11944171485232,120.9702880538638,67.1682674453265
12358,012358,1857.34965296426,1857.34965296426,1917.924623722001,1917.924623722001,2.015306616523902,0.0004902130710700773,-1.5922332210785368,-0.014674245860053241,-1.5741902425771948,1.125060013269004,121.1604837134374,67.28731745081727
12375,012375,1860.44342061537,1860.44342061537,1931.800446368316,1931.800446368316,2.014037351924079,-0.002481086856738699,-1.5657787946070796,0.024763195053972537,-1.5905180797729668,1.128847994220851,121.0847164834004,67.28639589561944
12379,012379,1863.741408936456,1863.741408936456,1907.013643152467,1907.013643152467,2.00447886760607,-0.01270781496313672,-1.5188653261385996,0.01643271269900077,-1.5727766151929443,1.102109518675779,120.9702880538638,67.1682674453265
12390,012390,1842.404839758716,1842.404839758716,1934.754952608012,1934.754952608012,2.047493806442693,0.01132193851634119,-1.5412444667550063,0.030238908236011552,-1.5662469692397305,1.128173733560131,121.8558717032652,67.74032599935602
12395,012395,1857.479804288565,1857.479804288565,1922.888630990956,1922.888630990956,2.004635553476707,0.005137445956362164,-1.558016415459667,-0.0031506953783180715,-1.5647864995029954,1.146133774946981,120.7571865009013,67.36403230763489
12404,012404,1859.746969636308,1859.746969636308,1914.204755444865,1914.204755444865,2.009231466004983,-0.002970823641278691,-1.5629319833589455,0.02952976018188684,-1.5422887360998494,1.136123277061316,120.581700743319,67.21490441580156
12405,012405,1880.974214387733,1880.974214387733,1915.779220181504,1915.779220181504,1.977851236897697,-0.006727592148754134,-1.569591747497633,-0.01629538688615913,-1.5688506905097992,1.100166968750412,119.4299449008713,66.58945770112874
12406,012406,1863.741408936456,1863.741408936456,1907.013643152467,1907.013643152467,2.00447886760607,-0.01270781496313672,-1.5188653261385996,0.01643271269900077,-1.5727766151929443,1.102109518675779,120.9702880538638,67.1682674453265
12407,012407,1866.254649589019,1866.254649589019,1919.254029415608,1919.254029415608,2.023073685447837,-0.001729120249509546,-1.569392313614426,0.013692241791982286,-1.5651287137304093,1.129930671152837,120.0310462140434,66.95362481129119
12433,012433,1859.746969636308,1859.746969636308,1914.204755444865,1914.204755444865,2.009231466004983,-0.002970823641278691,-1.5646779031491849,0.02956119474784027,-1.5405950950370737,1.136123277061316,120.581700743319,67.21490441580156
12446,012446,1842.404839758716,1842.404839758716,1934.754952608012,1934.754952608012,2.047493806442693,0.01132193851634119,-1.5412444667550063,0.030238908236011552,-1.5662469692397305,1.128173733560131,121.8558717032652,67.74032599935602
12453,012453,1842.404839758716,1842.404839758716,1934.754952608012,1934.754952608012,2.047493806442693,0.01132193851634119,-1.5412444667550063,0.030238908236011552,-1.5662469692397305,1.128173733560131,121.8558717032652,67.74032599935602
12459,012459,1863.334264630649,1863.334264630649,1907.62696303471,1907.62696303471,2.015970272322051,0.008957195838649488,-1.5225925316185862,0.015377765957622191,-1.5681989866297787,1.131092790341723,121.100845132532,67.24295811544353
12465,012465,1863.334264630649,1863.334264630649,1907.62696303471,1907.62696303471,2.015970272322051,0.008957195838649488,-1.5225925316185862,0.015377765957622191,-1.5681989866297787,1.131092790341723,121.100845132532,67.24295811544353
12471,012471,1847.919204237398,1847.919204237398,1921.263788490785,1921.263788490785,2.044438354629837,-0.006856317126254376,-1.56190185876231,0.01797318165006547,-1.538007519872931,1.124371377834915,121.2376221304691,67.59771650670672
12479,012479,1863.741408936456,1863.741408936456,1907.013643152467,1907.013643152467,2.00447886760607,-0.01270781496313672,-1.5188653261385996,0.01643271269900077,-1.5727766151929443,1.102109518675779,120.9702880538638,67.1682674453265
12519,012519,1857.479804288565,1857.479804288565,1922.888630990956,1922.888630990956,2.004635553476707,0.005137445956362164,-1.558016415459667,-0.0031506953783180715,-1.5647864995029954,1.146133774946981,120.7571865009013,67.36403230763489
12526,012526,1863.741408936456,1863.741408936456,1907.013643152467,1907.013643152467,2.005329759075146,-0.003650044106571175,-1.5887481757638633,-0.014656299128578557,-1.575956084520097,1.11944171485232,120.9702880538638,67.1682674453265
12534,012534,1863.741408936456,1863.741408936456,1907.013643152467,1907.013643152467,2.00447886760607,-0.01270781496313672,-1.5188653261385996,0.01643271269900077,-1.5727766151929443,1.102109518675779,120.9702880538638,67.1682674453265
12537,012537,1846.470459745119,1846.470459745119,1934.237294246353,1934.237294246353,2.053116246097614,0.007127191254660563,-1.5532465545489462,0.04239655825563713,-1.585496144359086,1.126073558516028,121.8482000805993,67.76262613512169
12539,012539,1857.34965296426,1857.34965296426,1917.924623722001,1917.924623722001,2.015306616523902,0.0004902130710700773,-1.5922332210785368,-0.014674245860053241,-1.5741902425771948,1.125060013269004,121.1604837134374,67.28731745081727
12541,012541,1857.479804288565,1857.479804288565,1922.888630990956,1922.888630990956,2.004635553476707,0.005137445956362164,-1.558016415459667,-0.0031506953783180715,-1.5647864995029954,1.146133774946981,120.7571865009013,67.36403230763489
12547,012547,1842.404839758716,1842.404839758716,1934.754952608012,1934.754952608012,2.049676593409205,0.00840991717115261,-1.5282289359939825,0.030133228316926594,-1.5689091484340498,1.12962535674074,121.8558717032652,67.74032599935602
12552,012552,1863.741408936456,1863.741408936456,1907.013643152467,1907.013643152467,2.00447886760607,-0.01270781496313672,-1.520610887543998,0.0164292314171461,-1.5728052951803733,1.102109518675779,120.9702880538638,67.1682674453265
12561,012561,1863.334264630649,1863.334264630649,1907.62696303471,1907.62696303471,2.015970272322051,0.008957195838649488,-1.5225925316185862,0.015377765957622191,-1.5681989866297787,1.131092790341723,121.100845132532,67.24295811544353
12563,012563,1857.34965296426,1857.34965296426,1917.924623722001,1917.924623722001,2.015306616523902,0.0004902130710700773,-1.5922332470746603,-0.014668153580254308,-1.5759355608146708,1.125060013269004,121.1604837134374,67.28731745081727
12581,012581,1863.741408936456,1863.741408936456,1907.013643152467,1907.013643152467,2.005329759075146,-0.003650044106571175,-1.5887481757638633,-0.014656299128578557,-1.575956084520097,1.11944171485232,120.9702880538638,67.1682674453265
12634,012634,1842.404839758716,1842.404839758716,1934.754952608012,1934.754952608012,2.047493806442693,0.01132193851634119,-1.5412444667550063,0.030238908236011552,-1.5662469692397305,1.128173733560131,121.8558717032652,67.74032599935602
12638,012638,1857.479804288565,1857.479804288565,1922.888630990956,1922.888630990956,2.004635553476707,0.005137445956362164,-1.5510357394219714,-0.003256540141911394,-1.5595730426885313,1.146133774946981,120.7571865009013,67.36403230763489
12657,012657,1859.746969636308,1859.746969636308,1914.204755444865,1914.204755444865,2.009231466004983,-0.002970823641278691,-1.5629319833589455,0.02952976018188684,-1.5422887360998494,1.136123277061316,120.581700743319,67.21490441580156
12667,012667,1863.334264630649,1863.334264630649,1907.62696303471,1907.62696303471,2.015970272322051,0.008957195838649488,-1.5225925316185862,0.015377765957622191,-1.5681989866297787,1.131092790341723,121.100845132532,67.24295811544353
12684,012684,1863.334264630649,1863.334264630649,1907.62696303471,1907.62696303471,2.015970272322051,0.008957195838649488,-1.5225925316185862,0.015377765957622191,-1.5681989866297787,1.131092790341723,121.100845132532,67.24295811544353
12699,012699,1857.479804288565,1857.479804288565,1922.888630990956,1922.888630990956,2.004635553476707,0.005137445956362164,-1.558016415459667,-0.0031506953783180715,-1.5647864995029954,1.146133774946981,120.7571865009013,67.36403230763489
12705,012705,1859.746969636308,1859.746969636308,1914.204755444865,1914.204755444865,2.009231466004983,-0.002970823641278691,-1.5646779031491849,0.02956119474784027,-1.5405950950370737,1.136123277061316,120.581700743319,67.21490441580156
12738,012738,1863.334264630649,1863.334264630649,1907.62696303471,1907.62696303471,2.015970272322051,0.008957195838649488,-1.5225925316185862,0.015377765957622191,-1.5681989866297787,1.131092790341723,121.100845132532,67.24295811544353
12743,012743,1866.254649589019,1866.254649589019,1919.254029415608,1919.254029415608,2.023073685447837,-0.001729120249509546,-1.569392313614426,0.013692241791982286,-1.5651287137304093,1.129930671152837,120.0310462140434,66.95362481129119
12758,012758,1859.746969636308,1859.746969636308,1914.204755444865,1914.204755444865,2.009231466004983,-0.002970823641278691,-1.5629319833589455,0.02952976018188684,-1.5422887360998494,1.136123277061316,120.581700743319,67.21490441580156
12762,012762,1863.334264630649,1863.334264630649,1907.62696303471,1907.62696303471,2.015970272322051,0.008957195838649488,-1.5225925316185862,0.015377765957622191,-1.5681989866297787,1.131092790341723,121.100845132532,67.24295811544353
12773,012773,1842.404839758716,1842.404839758716,1934.754952608012,1934.754952608012,2.047493806442693,0.01132193851634119,-1.5412444667550063,0.030238908236011552,-1.5662469692397305,1.128173733560131,121.8558717032652,67.74032599935602
12782,012782,1842.404839758716,1842.404839758716,1934.754952608012,1934.754952608012,2.047493806442693,0.01132193851634119,-1.5412444667550063,0.030238908236011552,-1.5662469692397305,1.128173733560131,121.8558717032652,67.74032599935602
12797,012797,1866.254649589019,1866.254649589019,1919.254029415608,1919.254029415608,2.023073685447837,-0.001729120249509546,-1.5676469090071028,0.013673190861190706,-1.5633595192911118,1.129930671152837,120.0310462140434,66.95362481129119
12808,012808,1866.254649589019,1866.254649589019,1919.254029415608,1919.254029415608,2.023073685447837,-0.001729120249509546,-1.5676469090071028,0.013673190861190706,-1.5633595192911118,1.129930671152837,120.0310462140434,66.95362481129119
12818,012818,1847.919204237398,1847.919204237398,1921.263788490785,1921.263788490785,2.044438354629837,-0.006856317126254376,-1.5601564303701785,0.017940294738900124,-1.5414667740539971,1.124371377834915,121.2376221304691,67.59771650670672
12819,012819,1842.404839758716,1842.404839758716,1934.754952608012,1934.754952608012,2.047493806442693,0.01132193851634119,-1.5412444667550063,0.030238908236011552,-1.5662469692397305,1.128173733560131,121.8558717032652,67.74032599935602
12839,012839,1863.741408936456,1863.741408936456,1907.013643152467,1907.013643152467,2.005329759075146,-0.003650044106571175,-1.5887481757638633,-0.014656299128578557,-1.575956084520097,1.11944171485232,120.9702880538638,67.1682674453265
12844,012844,1857.34965296426,1857.34965296426,1917.924623722001,1917.924623722001,2.015306616523902,0.0004902130710700773,-1.5922332210785368,-0.014674245860053241,-1.5741902425771948,1.125060013269004,121.1604837134374,67.28731745081727
12876,012876,1863.741408936456,1863.741408936456,1907.013643152467,1907.013643152467,2.00447886760607,-0.01270781496313672,-1.5188653261385996,0.01643271269900077,-1.5727766151929443,1.102109518675779,120.9702880538638,67.1682674453265
12880,012880,1863.741408936456,1863.741408936456,1907.013643152467,1907.013643152467,2.005329759075146,-0.003650044106571175,-1.5887481757638633,-0.014656299128578557,-1.575956084520097,1.11944171485232,120.9702880538638,67.1682674453265
12881,012881,1863.741408936456,1863.741408936456,1907.013643152467,1907.013643152467,2.00447886760607,-0.01270781496313672,-1.5188653261385996,0.01643271269900077,-1.5727766151929443,1.102109518675779,120.9702880538638,67.1682674453265
12891,012891,1860.44342061537,1860.44342061537,1931.800446368316,1931.800446368316,2.014037351924079,-0.002481086856738699,-1.5657787946070796,0.024763195053972537,-1.5905180797729668,1.128847994220851,121.0847164834004,67.28639589561944
12927,012927,1858.597086427252,1858.597086427252,1924.42584741907,1924.42584741907,2.029652670668384,0.006069991084438096,-1.5481785083094486,0.042104190812269744,-1.5829092444598964,1.133153905263153,121.4569399168275,67.46593912807965
12928,012928,1846.470459745119,1846.470459745119,1934.237294246353,1934.237294246353,2.053116246097614,0.007127191254660563,-1.5532465545489462,0.04239655825563713,-1.585496144359086,1.126073558516028,121.8482000805993,67.76262613512169
12934,012934,1863.741408936456,1863.741408936456,1907.013643152467,1907.013643152467,2.00447886760607,-0.01270781496313672,-1.5188653261385996,0.01643271269900077,-1.5727766151929443,1.102109518675779,120.9702880538638,67.1682674453265
12938,012938,1859.633325720178,1859.633325720178,1926.337015754446,1926.337015754446,1.997003502293789,0.007118608021303436,-1.5655439822728348,-0.002684599072072188,-1.570856670035724,1.144582618675452,120.6792689337453,67.26448936786939
12944,012944,1866.254649589019,1866.254649589019,1919.254029415608,1919.254029415608,2.023073685447837,-0.001729120249509546,-1.5676469090071028,0.013673190861190706,-1.5633595192911118,1.129930671152837,120.0310462140434,66.95362481129119
12946,012946,1866.254649589019,1866.254649589019,1919.254029415608,1919.254029415608,2.023073685447837,-0.001729120249509546,-1.5676469090071028,0.013673190861190706,-1.5633595192911118,1.129930671152837,120.0310462140434,66.95362481129119
12955,012955,1846.470459745119,1846.470459745119,1934.237294246353,1934.237294246353,2.053116246097614,0.007127191254660563,-1.5532465545489462,0.04239655825563713,-1.585496144359086,1.126073558516028,121.8482000805993,67.76262613512169
12959,012959,1859.746969636308,1859.746969636308,1914.204755444865,1914.204755444865,2.009231466004983,-0.002970823641278691,-1.5629319833589455,0.02952976018188684,-1.5422887360998494,1.136123277061316,120.581700743319,67.21490441580156
12971,012971,1846.470459745119,1846.470459745119,1934.237294246353,1934.237294246353,2.053116246097614,0.007127191254660563,-1.5532465545489462,0.04239655825563713,-1.585496144359086,1.126073558516028,121.8482000805993,67.76262613512169
12985,012985,1863.334264630649,1863.334264630649,1907.62696303471,1907.62696303471,2.015970272322051,0.008957195838649488,-1.5225925316185862,0.015377765957622191,-1.5681989866297787,1.131092790341723,121.100845132532,67.24295811544353
12988,012988,1857.479804288565,1857.479804288565,1922.888630990956,1922.888630990956,2.004635553476707,0.005137445956362164,-1.558016415459667,-0.0031506953783180715,-1.5647864995029954,1.146133774946981,120.7571865009013,67.36403230763489
13002,013002,1842.404839758716,1842.404839758716,1934.754952608012,1934.754952608012,2.047493806442693,0.01132193851634119,-1.5412444667550063,0.030238908236011552,-1.5662469692397305,1.128173733560131,121.8558717032652,67.74032599935602
13006,013006,1859.746969636308,1859.746969636308,1914.204755444865,1914.204755444865,2.009231466004983,-0.002970823641278691,-1.5629319833589455,0.02952976018188684,-1.5422887360998494,1.136123277061316,120.581700743319,67.21490441580156
13014,013014,1866.254649589019,1866.254649589019,1919.254029415608,1919.254029415608,2.023073685447837,-0.001729120249509546,-1.569392313614426,0.013692241791982286,-1.5651287137304093,1.129930671152837,120.0310462140434,66.95362481129119
13016,013016,1863.741408936456,1863.741408936456,1907.013643152467,1907.013643152467,2.00447886760607,-0.01270781496313672,-1.5188653261385996,0.01643271269900077,-1.5727766151929443,1.102109518675779,120.9702880538638,67.1682674453265
13035,013035,1846.470459745119,1846.470459745119,1934.237294246353,1934.237294246353,2.053116246097614,0.007127191254660563,-1.5532465545489462,0.04239655825563713,-1.585496144359086,1.126073558516028,121.8482000805993,67.76262613512169
13047,013047,1863.741408936456,1863.741408936456,1907.013643152467,1907.013643152467,2.005329759075146,-0.003650044106571175,-1.5887481757638633,-0.014656299128578557,-1.575956084520097,1.11944171485232,120.9702880538638,67.1682674453265
13050,013050,1857.34965296426,1857.34965296426,1917.924623722001,1917.924623722001,2.015306616523902,0.0004902130710700773,-1.5922332210785368,-0.014674245860053241,-1.5741902425771948,1.125060013269004,121.1604837134374,67.28731745081727
13067,013067,1866.254649589019,1866.254649589019,1919.254029415608,1919.254029415608,2.023073685447837,-0.001729120249509546,-1.569392313614426,0.013692241791982286,-1.5651287137304093,1.129930671152837,120.0310462140434,66.95362481129119
13086,013086,1846.470459745119,1846.470459745119,1934.237294246353,1934.237294246353,2.053116246097614,0.007127191254660563,-1.5532465545489462,0.04239655825563713,-1.585496144359086,1.126073558516028,121.8482000805993,67.76262613512169
13088,013088,1857.34965296426,1857.34965296426,1917.924623722001,1917.924623722001,2.015306616523902,0.0004902130710700773,-1.5922332210785368,-0.014674245860053241,-1.5741902425771948,1.125060013269004,121.1604837134374,67.28731745081727
13091,013091,1846.470459745119,1846.470459745119,1934.237294246353,1934.237294246353,2.053116246097614,0.007127191254660563,-1.5532465545489462,0.04239655825563713,-1.585496144359086,1.126073558516028,121.8482000805993,67.76262613512169
13098,013098,1863.334264630649,1863.334264630649,1907.62696303471,1907.62696303471,2.015970272322051,0.008957195838649488,-1.5225925316185862,0.015377765957622191,-1.5681989866297787,1.131092790341723,121.100845132532,67.24295811544353
13117,013117,1842.404839758716,1842.404839758716,1934.754952608012,1934.754952608012,2.047493806442693,0.01132193851634119,-1.5412444667550063,0.030238908236011552,-1.5662469692397305,1.128173733560131,121.8558717032652,67.74032599935602
13123,013123,1847.919204237398,1847.919204237398,1921.263788490785,1921.263788490785,2.044438354629837,-0.006856317126254376,-1.5601564303701785,0.017940294738900124,-1.5414667740539971,1.124371377834915,121.2376221304691,67.59771650670672
13141,013141,1842.404839758716,1842.404839758716,1934.754952608012,1934.754952608012,2.047493806442693,0.01132193851634119,-1.5412444667550063,0.030238908236011552,-1.5662469692397305,1.128173733560131,121.8558717032652,67.74032599935602
13153,013153,1857.34965296426,1857.34965296426,1917.924623722001,1917.924623722001,2.015306616523902,0.0004902130710700773,-1.5922332210785368,-0.014674245860053241,-1.5741902425771948,1.125060013269004,121.1604837134374,67.28731745081727
13217,013217,1857.34965296426,1857.34965296426,1917.924623722001,1917.924623722001,2.015306616523902,0.0004902130710700773,-1.5922332470746603,-0.014668153580254308,-1.5759355608146708,1.125060013269004,121.1604837134374,67.28731745081727
13221,013221,1863.741408936456,1863.741408936456,1907.013643152467,1907.013643152467,2.005329759075146,-0.003650044106571175,-1.5887481757638633,-0.014656299128578557,-1.575956084520097,1.11944171485232,120.9702880538638,67.1682674453265
13223,013223,1842.404839758716,1842.404839758716,1934.754952608012,1934.754952608012,2.049676593409205,0.00840991717115261,-1.5282289359939825,0.030133228316926594,-1.5689091484340498,1.12962535674074,121.8558717032652,67.74032599935602
13229,013229,1846.470459745119,1846.470459745119,1934.237294246353,1934.237294246353,2.053116246097614,0.007127191254660563,-1.5532465545489462,0.04239655825563713,-1.585496144359086,1.126073558516028,121.8482000805993,67.76262613512169
13231,013231,1842.404839758716,1842.404839758716,1934.754952608012,1934.754952608012,2.047493806442693,0.01132193851634119,-1.5412444667550063,0.030238908236011552,-1.5662469692397305,1.128173733560131,121.8558717032652,67.74032599935602
13234,013234,1859.746969636308,1859.746969636308,1914.204755444865,1914.204755444865,2.009231466004983,-0.002970823641278691,-1.5629319833589455,0.02952976018188684,-1.5422887360998494,1.136123277061316,120.581700743319,67.21490441580156
13260,013260,1866.254649589019,1866.254649589019,1919.254029415608,1919.254029415608,2.023073685447837,-0.001729120249509546,-1.569392313614426,0.013692241791982286,-1.5651287137304093,1.129930671152837,120.0310462140434,66.95362481129119
13268,013268,1863.741408936456,1863.741408936456,1907.013643152467,1907.013643152467,2.00447886760607,-0.01270781496313672,-1.5188653261385996,0.01643271269900077,-1.5727766151929443,1.102109518675779,120.9702880538638,67.1682674453265
13276,013276,1860.44342061537,1860.44342061537,1931.800446368316,1931.800446368316,2.014037351924079,-0.002481086856738699,-1.5657787946070796,0.024763195053972537,-1.5905180797729668,1.128847994220851,121.0847164834004,67.28639589561944
13283,013283,1860.44342061537,1860.44342061537,1931.800446368316,1931.800446368316,2.014037351924079,-0.002481086856738699,-1.5657787946070796,0.024763195053972537,-1.5905180797729668,1.128847994220851,121.0847164834004,67.28639589561944
13304,013304,1842.404839758716,1842.404839758716,1934.754952608012,1934.754952608012,2.045975662868765,-0.002400173486311045,-1.55338857412205,0.01825416843181658,-1.577136067995388,1.130651936362605,121.8558717032652,67.74032599935602
13307,013307,1866.254649589019,1866.254649589019,1919.254029415608,1919.254029415608,2.023073685447837,-0.001729120249509546,-1.5676469090071028,0.013673190861190706,-1.5633595192911118,1.129930671152837,120.0310462140434,66.95362481129119
13311,013311,1860.44342061537,1860.44342061537,1931.800446368316,1931.800446368316,2.014037351924079,-0.002481086856738699,-1.5657787946070796,0.024763195053972537,-1.5905180797729668,1.128847994220851,121.0847164834004,67.28639589561944
13317,013317,1866.254649589019,1866.254649589019,1919.254029415608,1919.254029415608,2.023073685447837,-0.001729120249509546,-1.5676469090071028,0.013673190861190706,-1.5633595192911118,1.129930671152837,120.0310462140434,66.95362481129119
13323,013323,1863.334264630649,1863.334264630649,1907.62696303471,1907.62696303471,2.015970272322051,0.008957195838649488,-1.5225925316185862,0.015377765957622191,-1.5681989866297787,1.131092790341723,121.100845132532,67.24295811544353
13343,013343,1842.404839758716,1842.404839758716,1934.754952608012,1934.754952608012,2.047493806442693,0.01132193851634119,-1.5412444667550063,0.030238908236011552,-1.5662469692397305,1.128173733560131,121.8558717032652,67.74032599935602
13362,013362,1863.741408936456,1863.741408936456,1907.013643152467,1907.013643152467,2.00447886760607,-0.01270781496313672,-1.5188653261385996,0.01643271269900077,-1.5727766151929443,1.102109518675779,120.9702880538638,67.1682674453265
13371,013371,1860.44342061537,1860.44342061537,1931.800446368316,1931.800446368316,2.014037351924079,-0.002481086856738699,-1.5657787946070796,0.024763195053972537,-1.5905180797729668,1.128847994220851,121.0847164834004,67.28639589561944
13381,013381,1846.470459745119,1846.470459745119,1934.237294246353,1934.237294246353,2.053116246097614,0.007127191254660563,-1.5532465545489462,0.04239655825563713,-1.585496144359086,1.126073558516028,121.8482000805993,67.76262613512169
13395,013395,1860.44342061537,1860.44342061537,1931.800446368316,1931.800446368316,2.014037351924079,-0.002481086856738699,-1.5657787946070796,0.024763195053972537,-1.5905180797729668,1.128847994220851,121.0847164834004,67.28639589561944
13420,013420,1857.479804288565,1857.479804288565,1922.888630990956,1922.888630990956,2.004635553476707,0.005137445956362164,-1.558016415459667,-0.0031506953783180715,-1.5647864995029954,1.146133774946981,120.7571865009013,67.36403230763489
13422,013422,1857.34965296426,1857.34965296426,1917.924623722001,1917.924623722001,2.015306616523902,0.0004902130710700773,-1.5922332210785368,-0.014674245860053241,-1.5741902425771948,1.125060013269004,121.1604837134374,67.28731745081727
13426,013426,1847.919204237398,1847.919204237398,1921.263788490785,1921.263788490785,2.044438354629837,-0.006856317126254376,-1.5601564303701785,0.017940294738900124,-1.5414667740539971,1.124371377834915,121.2376221304691,67.59771650670672
13439,013439,1846.470459745119,1846.470459745119,1934.237294246353,1934.237294246353,2.053116246097614,0.007127191254660563,-1.5532465545489462,0.04239655825563713,-1.585496144359086,1.126073558516028,121.8482000805993,67.76262613512169
13448,013448,1847.919204237398,1847.919204237398,1921.263788490785,1921.263788490785,2.044438354629837,-0.006856317126254376,-1.5601564303701785,0.017940294738900124,-1.5414667740539971,1.124371377834915,121.2376221304691,67.59771650670672
13458,013458,1842.404839758716,1842.404839758716,1934.754952608012,1934.754952608012,2.047493806442693,0.01132193851634119,-1.5412444667550063,0.030238908236011552,-1.5662469692397305,1.128173733560131,121.8558717032652,67.74032599935602
13478,013478,1863.741408936456,1863.741408936456,1907.013643152467,1907.013643152467,2.00447886760607,-0.01270781496313672,-1.520610887543998,0.0164292314171461,-1.5728052951803733,1.102109518675779,120.9702880538638,67.1682674453265
13510,013510,1846.470459745119,1846.470459745119,1934.237294246353,1934.237294246353,2.053116246097614,0.007127191254660563,-1.5532465545489462,0.04239655825563713,-1.585496144359086,1.126073558516028,121.8482000805993,67.76262613512169
13520,013520,1863.334264630649,1863.334264630649,1907.62696303471,1907.62696303471,2.015970272322051,0.008957195838649488,-1.5225925316185862,0.015377765957622191,-1.5681989866297787,1.131092790341723,121.100845132532,67.24295811544353
13540,013540,1842.404839758716,1842.404839758716,1934.754952608012,1934.754952608012,2.047493806442693,0.01132193851634119,-1.5412444667550063,0.030238908236011552,-1.5662469692397305,1.128173733560131,121.8558717032652,67.74032599935602
13554,013554,1857.34965296426,1857.34965296426,1917.924623722001,1917.924623722001,2.015306616523902,0.0004902130710700773,-1.5922332470746603,-0.014668153580254308,-1.5759355608146708,1.125060013269004,121.1604837134374,67.28731745081727
13565,013565,1847.919204237398,1847.919204237398,1921.263788490785,1921.263788490785,2.044438354629837,-0.006856317126254376,-1.5601564303701785,0.017940294738900124,-1.5414667740539971,1.124371377834915,121.2376221304691,67.59771650670672
13567,013567,1863.741408936456,1863.741408936456,1907.013643152467,1907.013643152467,2.00447886760607,-0.01270781496313672,-1.5188653261385996,0.01643271269900077,-1.5727766151929443,1.102109518675779,120.9702880538638,67.1682674453265
13569,013569,1842.404839758716,1842.404839758716,1934.754952608012,1934.754952608012,2.047493806442693,0.01132193851634119,-1.5412444667550063,0.030238908236011552,-1.5662469692397305,1.128173733560131,121.8558717032652,67.74032599935602
13578,013578,1846.470459745119,1846.470459745119,1934.237294246353,1934.237294246353,2.053116246097614,0.007127191254660563,-1.5532465545489462,0.04239655825563713,-1.585496144359086,1.126073558516028,121.8482000805993,67.76262613512169
13589,013589,1842.404839758716,1842.404839758716,1934.754952608012,1934.754952608012,2.047493806442693,0.01132193851634119,-1.5412444667550063,0.030238908236011552,-1.5662469692397305,1.128173733560131,121.8558717032652,67.74032599935602
13606,013606,1859.746969636308,1859.746969636308,1914.204755444865,1914.204755444865,2.009231466004983,-0.002970823641278691,-1.5629319833589455,0.02952976018188684,-1.5422887360998494,1.136123277061316,120.581700743319,67.21490441580156
13609,013609,1863.741408936456,1863.741408936456,1907.013643152467,1907.013643152467,2.00447886760607,-0.01270781496313672,-1.5188653261385996,0.01643271269900077,-1.5727766151929443,1.102109518675779,120.9702880538638,67.1682674453265
13619,013619,1866.254649589019,1866.254649589019,1919.254029415608,1919.254029415608,2.023073685447837,-0.001729120249509546,-1.569392313614426,0.013692241791982286,-1.5651287137304093,1.129930671152837,120.0310462140434,66.95362481129119
13625,013625,1857.34965296426,1857.34965296426,1917.924623722001,1917.924623722001,2.015306616523902,0.0004902130710700773,-1.5922332470746603,-0.014668153580254308,-1.5759355608146708,1.125060013269004,121.1604837134374,67.28731745081727
13633,013633,1846.470459745119,1846.470459745119,1934.237294246353,1934.237294246353,2.053116246097614,0.007127191254660563,-1.5532465545489462,0.04239655825563713,-1.585496144359086,1.126073558516028,121.8482000805993,67.76262613512169
13634,013634,1842.404839758716,1842.404839758716,1934.754952608012,1934.754952608012,2.047493806442693,0.01132193851634119,-1.5412444667550063,0.030238908236011552,-1.5662469692397305,1.128173733560131,121.8558717032652,67.74032599935602
13648,013648,1842.404839758716,1842.404839758716,1934.754952608012,1934.754952608012,2.047493806442693,0.01132193851634119,-1.5412444667550063,0.030238908236011552,-1.5662469692397305,1.128173733560131,121.8558717032652,67.74032599935602
13655,013655,1863.334264630649,1863.334264630649,1907.62696303471,1907.62696303471,2.015970272322051,0.008957195838649488,-1.5225925316185862,0.015377765957622191,-1.5681989866297787,1.131092790341723,121.100845132532,67.24295811544353
13656,013656,1857.34965296426,1857.34965296426,1917.924623722001,1917.924623722001,2.015306616523902,0.0004902130710700773,-1.5922332470746603,-0.014668153580254308,-1.5759355608146708,1.125060013269004,121.1604837134374,67.28731745081727
13687,013687,1859.633325720178,1859.633325720178,1926.337015754446,1926.337015754446,1.997003502293789,0.007118608021303436,-1.5655439822728348,-0.002684599072072188,-1.570856670035724,1.144582618675452,120.6792689337453,67.26448936786939
13704,013704,1863.741408936456,1863.741408936456,1907.013643152467,1907.013643152467,2.005329759075146,-0.003650044106571175,-1.5887481757638633,-0.014656299128578557,-1.575956084520097,1.11944171485232,120.9702880538638,67.1682674453265
13722,013722,1860.44342061537,1860.44342061537,1931.800446368316,1931.800446368316,2.014037351924079,-0.002481086856738699,-1.5657787946070796,0.024763195053972537,-1.5905180797729668,1.128847994220851,121.0847164834004,67.28639589561944
13729,013729,1866.254649589019,1866.254649589019,1919.254029415608,1919.254029415608,2.023073685447837,-0.001729120249509546,-1.569392313614426,0.013692241791982286,-1.5651287137304093,1.129930671152837,120.0310462140434,66.95362481129119
13748,013748,1858.597086427252,1858.597086427252,1924.42584741907,1924.42584741907,2.029652670668384,0.006069991084438096,-1.5481785083094486,0.042104190812269744,-1.5829092444598964,1.133153905263153,121.4569399168275,67.46593912807965
13755,013755,1859.746969636308,1859.746969636308,1914.204755444865,1914.204755444865,2.009231466004983,-0.002970823641278691,-1.5629319833589455,0.02952976018188684,-1.5422887360998494,1.136123277061316,120.581700743319,67.21490441580156
13768,013768,1863.741408936456,1863.741408936456,1907.013643152467,1907.013643152467,2.00447886760607,-0.01270781496313672,-1.5188653261385996,0.01643271269900077,-1.5727766151929443,1.102109518675779,120.9702880538638,67.1682674453265
13780,013780,1863.334264630649,1863.334264630649,1907.62696303471,1907.62696303471,2.015970272322051,0.008957195838649488,-1.5225925316185862,0.015377765957622191,-1.5681989866297787,1.131092790341723,121.100845132532,67.24295811544353
13781,013781,1859.746969636308,1859.746969636308,1914.204755444865,1914.204755444865,2.009231466004983,-0.002970823641278691,-1.5699128441987793,0.02975543926078322,-1.5477314577859038,1.136123277061316,120.581700743319,67.21490441580156
13796,013796,1846.470459745119,1846.470459745119,1934.237294246353,1934.237294246353,2.053116246097614,0.007127191254660563,-1.5532465545489462,0.04239655825563713,-1.585496144359086,1.126073558516028,121.8482000805993,67.76262613512169
13801,013801,1859.746969636308,1859.746969636308,1914.204755444865,1914.204755444865,2.009231466004983,-0.002970823641278691,-1.5629319833589455,0.02952976018188684,-1.5422887360998494,1.136123277061316,120.581700743319,67.21490441580156
13816,013816,1857.479804288565,1857.479804288565,1922.888630990956,1922.888630990956,2.004635553476707,0.005137445956362164,-1.558016415459667,-0.0031506953783180715,-1.5647864995029954,1.146133774946981,120.7571865009013,67.36403230763489
13823,013823,1859.746969636308,1859.746969636308,1914.204755444865,1914.204755444865,2.009231466004983,-0.002970823641278691,-1.5629319833589455,0.02952976018188684,-1.5422887360998494,1.136123277061316,120.581700743319,67.21490441580156
13853,013853,1857.479804288565,1857.479804288565,1922.888630990956,1922.888630990956,2.004635553476707,0.005137445956362164,-1.558016415459667,-0.0031506953783180715,-1.5647864995029954,1.146133774946981,120.7571865009013,67.36403230763489
13867,013867,1857.34965296426,1857.34965296426,1917.924623722001,1917.924623722001,2.015306616523902,0.0004902130710700773,-1.5922332210785368,-0.014674245860053241,-1.5741902425771948,1.125060013269004,121.1604837134374,67.28731745081727
13876,013876,1863.741408936456,1863.741408936456,1907.013643152467,1907.013643152467,2.00447886760607,-0.01270781496313672,-1.5188653261385996,0.01643271269900077,-1.5727766151929443,1.102109518675779,120.9702880538638,67.1682674453265
13881,013881,1866.254649589019,1866.254649589019,1919.254029415608,1919.254029415608,2.023073685447837,-0.001729120249509546,-1.569392313614426,0.013692241791982286,-1.5651287137304093,1.129930671152837,120.0310462140434,66.95362481129119
13899,013899,1880.974214387733,1880.974214387733,1915.779220181504,1915.779220181504,1.977851236897697,-0.006727592148754134,-1.569591747497633,-0.01629538688615913,-1.5688506905097992,1.100166968750412,119.4299449008713,66.58945770112874
13909,013909,1875.341941705681,1875.341941705681,1915.635705796355,1915.635705796355,1.982010734183471,-0.001951416398337044,-1.5952666133753044,0.07678052066715899,-1.6225170415384549,1.132630915685097,119.7869740687292,66.78209093962884
13915,013915,1863.741408936456,1863.741408936456,1907.013643152467,1907.013643152467,2.00447886760607,-0.01270781496313672,-1.5188653261385996,0.01643271269900077,-1.5727766151929443,1.102109518675779,120.9702880538638,67.1682674453265
13918,013918,1875.341941705681,1875.341941705681,1915.635705796355,1915.635705796355,1.982010734183471,-0.001951416398337044,-1.5952666133753044,0.07678052066715899,-1.6225170415384549,1.132630915685097,119.7869740687292,66.78209093962884
13921,013921,1857.34965296426,1857.34965296426,1917.924623722001,1917.924623722001,2.015306616523902,0.0004902130710700773,-1.5922332470746603,-0.014668153580254308,-1.5759355608146708,1.125060013269004,121.1604837134374,67.28731745081727
13926,013926,1866.254649589019,1866.254649589019,1919.254029415608,1919.254029415608,2.023073685447837,-0.001729120249509546,-1.569392313614426,0.013692241791982286,-1.5651287137304093,1.129930671152837,120.0310462140434,66.95362481129119
13930,013930,1846.470459745119,1846.470459745119,1934.237294246353,1934.237294246353,2.053116246097614,0.007127191254660563,-1.5532465545489462,0.04239655825563713,-1.585496144359086,1.126073558516028,121.8482000805993,67.76262613512169
13935,013935,1859.746969636308,1859.746969636308,1914.204755444865,1914.204755444865,2.009231466004983,-0.002970823641278691,-1.5629319833589455,0.02952976018188684,-1.5422887360998494,1.136123277061316,120.581700743319,67.21490441580156
13945,013945,1866.254649589019,1866.254649589019,1919.254029415608,1919.254029415608,2.023073685447837,-0.001729120249509546,-1.569392313614426,0.013692241791982286,-1.5651287137304093,1.129930671152837,120.0310462140434,66.95362481129119
13949,013949,1863.741408936456,1863.741408936456,1907.013643152467,1907.013643152467,2.00447886760607,-0.01270781496313672,-1.520610887543998,0.0164292314171461,-1.5728052951803733,1.102109518675779,120.9702880538638,67.1682674453265
13955,013955,1880.974214387733,1880.974214387733,1915.779220181504,1915.779220181504,1.977851236897697,-0.006727592148754134,-1.569591747497633,-0.01629538688615913,-1.5688506905097992,1.100166968750412,119.4299449008713,66.58945770112874
13968,013968,1859.633325720178,1859.633325720178,1926.337015754446,1926.337015754446,1.997003502293789,0.007118608021303436,-1.5655439822728348,-0.002684599072072188,-1.570856670035724,1.144582618675452,120.6792689337453,67.26448936786939
13981,013981,1842.404839758716,1842.404839758716,1934.754952608012,1934.754952608012,2.047493806442693,0.01132193851634119,-1.5412444667550063,0.030238908236011552,-1.5662469692397305,1.128173733560131,121.8558717032652,67.74032599935602
13984,013984,1857.34965296426,1857.34965296426,1917.924623722001,1917.924623722001,2.015306616523902,0.0004902130710700773,-1.5922332470746603,-0.014668153580254308,-1.5759355608146708,1.125060013269004,121.1604837134374,67.28731745081727
13994,013994,1842.404839758716,1842.404839758716,1934.754952608012,1934.754952608012,2.047493806442693,0.01132193851634119,-1.5412444667550063,0.030238908236011552,-1.5662469692397305,1.128173733560131,121.8558717032652,67.74032599935602
14001,014001,1842.404839758716,1842.404839758716,1934.754952608012,1934.754952608012,2.047493806442693,0.01132193851634119,-1.5412444667550063,0.030238908236011552,-1.5662469692397305,1.128173733560131,121.8558717032652,67.74032599935602
14037,014037,1866.254649589019,1866.254649589019,1919.254029415608,1919.254029415608,2.023073685447837,-0.001729120249509546,-1.569392313614426,0.013692241791982286,-1.5651287137304093,1.129930671152837,120.0310462140434,66.95362481129119
14042,014042,1857.34965296426,1857.34965296426,1917.924623722001,1917.924623722001,2.015306616523902,0.0004902130710700773,-1.5922332210785368,-0.014674245860053241,-1.5741902425771948,1.125060013269004,121.1604837134374,67.28731745081727
14049,014049,1859.633325720178,1859.633325720178,1926.337015754446,1926.337015754446,1.997003502293789,0.007118608021303436,-1.5655439822728348,-0.002684599072072188,-1.570856670035724,1.144582618675452,120.6792689337453,67.26448936786939
14055,014055,1842.404839758716,1842.404839758716,1934.754952608012,1934.754952608012,2.047493806442693,0.01132193851634119,-1.5412444667550063,0.030238908236011552,-1.5662469692397305,1.128173733560131,121.8558717032652,67.74032599935602
14061,014061,1859.746969636308,1859.746969636308,1914.204755444865,1914.204755444865,2.009231466004983,-0.002970823641278691,-1.5646779031491849,0.02956119474784027,-1.5405950950370737,1.136123277061316,120.581700743319,67.21490441580156
14072,014072,1859.746969636308,1859.746969636308,1914.204755444865,1914.204755444865,2.009231466004983,-0.002970823641278691,-1.5646779031491849,0.02956119474784027,-1.5405950950370737,1.136123277061316,120.581700743319,67.21490441580156
14078,014078,1866.254649589019,1866.254649589019,1919.254029415608,1919.254029415608,2.023073685447837,-0.001729120249509546,-1.5676469090071028,0.013673190861190706,-1.5633595192911118,1.129930671152837,120.0310462140434,66.95362481129119
14091,014091,1880.974214387733,1880.974214387733,1915.779220181504,1915.779220181504,1.977851236897697,-0.006727592148754134,-1.569591747497633,-0.01629538688615913,-1.5688506905097992,1.100166968750412,119.4299449008713,66.58945770112874
14108,014108,1842.404839758716,1842.404839758716,1934.754952608012,1934.754952608012,2.047493806442693,0.01132193851634119,-1.5412444667550063,0.030238908236011552,-1.5662469692397305,1.128173733560131,121.8558717032652,67.74032599935602
14112,014112,1863.334264630649,1863.334264630649,1907.62696303471,1907.62696303471,2.015970272322051,0.008957195838649488,-1.5225925316185862,0.015377765957622191,-1.5681989866297787,1.131092790341723,121.100845132532,67.24295811544353
14119,014119,1863.334264630649,1863.334264630649,1907.62696303471,1907.62696303471,2.015970272322051,0.008957195838649488,-1.5225925316185862,0.015377765957622191,-1.5681989866297787,1.131092790341723,121.100845132532,67.24295811544353
14128,014128,1859.746969636308,1859.746969636308,1914.204755444865,1914.204755444865,2.009231466004983,-0.002970823641278691,-1.5629319833589455,0.02952976018188684,-1.5422887360998494,1.136123277061316,120.581700743319,67.21490441580156
14133,014133,1846.470459745119,1846.470459745119,1934.237294246353,1934.237294246353,2.053116246097614,0.007127191254660563,-1.5532465545489462,0.04239655825563713,-1.585496144359086,1.126073558516028,121.8482000805993,67.76262613512169
14140,014140,1857.34965296426,1857.34965296426,1917.924623722001,1917.924623722001,2.015306616523902,0.0004902130710700773,-1.5922332470746603,-0.014668153580254308,-1.5759355608146708,1.125060013269004,121.1604837134374,67.28731745081727
14153,014153,1863.741408936456,1863.741408936456,1907.013643152467,1907.013643152467,2.00447886760607,-0.01270781496313672,-1.520610887543998,0.0164292314171461,-1.5728052951803733,1.102109518675779,120.9702880538638,67.1682674453265
14156,014156,1846.470459745119,1846.470459745119,1934.237294246353,1934.237294246353,2.053116246097614,0.007127191254660563,-1.5532465545489462,0.04239655825563713,-1.585496144359086,1.126073558516028,121.8482000805993,67.76262613512169
14161,014161,1859.746969636308,1859.746969636308,1914.204755444865,1914.204755444865,2.009231466004983,-0.002970823641278691,-1.5646779031491849,0.02956119474784027,-1.5405950950370737,1.136123277061316,120.581700743319,67.21490441580156
14197,014197,1846.470459745119,1846.470459745119,1934.237294246353,1934.237294246353,2.053116246097614,0.007127191254660563,-1.5532465545489462,0.04239655825563713,-1.585496144359086,1.126073558516028,121.8482000805993,67.76262613512169
14203,014203,1857.34965296426,1857.34965296426,1917.924623722001,1917.924623722001,2.015306616523902,0.0004902130710700773,-1.5922332210785368,-0.014674245860053241,-1.5741902425771948,1.125060013269004,121.1604837134374,67.28731745081727
14207,014207,1866.254649589019,1866.254649589019,1919.254029415608,1919.254029415608,2.023073685447837,-0.001729120249509546,-1.569392313614426,0.013692241791982286,-1.5651287137304093,1.129930671152837,120.0310462140434,66.95362481129119
14218,014218,1866.254649589019,1866.254649589019,1919.254029415608,1919.254029415608,2.023073685447837,-0.001729120249509546,-1.569392313614426,0.013692241791982286,-1.5651287137304093,1.129930671152837,120.0310462140434,66.95362481129119
14249,014249,1846.470459745119,1846.470459745119,1934.237294246353,1934.237294246353,2.053116246097614,0.007127191254660563,-1.5532465545489462,0.04239655825563713,-1.585496144359086,1.126073558516028,121.8482000805993,67.76262613512169
14252,014252,1866.254649589019,1866.254649589019,1919.254029415608,1919.254029415608,2.023073685447837,-0.001729120249509546,-1.569392313614426,0.013692241791982286,-1.5651287137304093,1.129930671152837,120.0310462140434,66.95362481129119
14264,014264,1857.479804288565,1857.479804288565,1922.888630990956,1922.888630990956,2.004635553476707,0.005137445956362164,-1.5510357394219714,-0.003256540141911394,-1.5595730426885313,1.146133774946981,120.7571865009013,67.36403230763489
14270,014270,1859.633325720178,1859.633325720178,1926.337015754446,1926.337015754446,1.997003502293789,0.007118608021303436,-1.5655439822728348,-0.002684599072072188,-1.570856670035724,1.144582618675452,120.6792689337453,67.26448936786939
14283,014283,1866.254649589019,1866.254649589019,1919.254029415608,1919.254029415608,2.023073685447837,-0.001729120249509546,-1.569392313614426,0.013692241791982286,-1.5651287137304093,1.129930671152837,120.0310462140434,66.95362481129119
14288,014288,1842.404839758716,1842.404839758716,1934.754952608012,1934.754952608012,2.047493806442693,0.01132193851634119,-1.5412444667550063,0.030238908236011552,-1.5662469692397305,1.128173733560131,121.8558717032652,67.74032599935602
14293,014293,1846.470459745119,1846.470459745119,1934.237294246353,1934.237294246353,2.053116246097614,0.007127191254660563,-1.5532465545489462,0.04239655825563713,-1.585496144359086,1.126073558516028,121.8482000805993,67.76262613512169
14298,014298,1846.470459745119,1846.470459745119,1934.237294246353,1934.237294246353,2.053116246097614,0.007127191254660563,-1.5532465545489462,0.04239655825563713,-1.585496144359086,1.126073558516028,121.8482000805993,67.76262613512169
14300,014300,1842.404839758716,1842.404839758716,1934.754952608012,1934.754952608012,2.047493806442693,0.01132193851634119,-1.5412444667550063,0.030238908236011552,-1.5662469692397305,1.128173733560131,121.8558717032652,67.74032599935602
14310,014310,1857.34965296426,1857.34965296426,1917.924623722001,1917.924623722001,2.015306616523902,0.0004902130710700773,-1.5922332470746603,-0.014668153580254308,-1.5759355608146708,1.125060013269004,121.1604837134374,67.28731745081727
14313,014313,1857.34965296426,1857.34965296426,1917.924623722001,1917.924623722001,2.015306616523902,0.0004902130710700773,-1.5922332210785368,-0.014674245860053241,-1.5741902425771948,1.125060013269004,121.1604837134374,67.28731745081727
14324,014324,1842.404839758716,1842.404839758716,1934.754952608012,1934.754952608012,2.047493806442693,0.01132193851634119,-1.5412444667550063,0.030238908236011552,-1.5662469692397305,1.128173733560131,121.8558717032652,67.74032599935602
14328,014328,1863.334264630649,1863.334264630649,1907.62696303471,1907.62696303471,2.015970272322051,0.008957195838649488,-1.5225925316185862,0.015377765957622191,-1.5681989866297787,1.131092790341723,121.100845132532,67.24295811544353
14336,014336,1863.741408936456,1863.741408936456,1907.013643152467,1907.013643152467,2.00447886760607,-0.01270781496313672,-1.5188653261385996,0.01643271269900077,-1.5727766151929443,1.102109518675779,120.9702880538638,67.1682674453265
14344,014344,1866.254649589019,1866.254649589019,1919.254029415608,1919.254029415608,2.023073685447837,-0.001729120249509546,-1.569392313614426,0.013692241791982286,-1.5651287137304093,1.129930671152837,120.0310462140434,66.95362481129119
14349,014349,1866.254649589019,1866.254649589019,1919.254029415608,1919.254029415608,2.023073685447837,-0.001729120249509546,-1.5676468490155226,0.013682329143988894,-1.5651048237980518,1.129930671152837,120.0310462140434,66.95362481129119
14393,014393,1842.404839758716,1842.404839758716,1934.754952608012,1934.754952608012,2.047493806442693,0.01132193851634119,-1.5412444667550063,0.030238908236011552,-1.5662469692397305,1.128173733560131,121.8558717032652,67.74032599935602
14401,014401,1842.404839758716,1842.404839758716,1934.754952608012,1934.754952608012,2.049676593409205,0.00840991717115261,-1.5282289359939825,0.030133228316926594,-1.5689091484340498,1.12962535674074,121.8558717032652,67.74032599935602
14405,014405,1863.741408936456,1863.741408936456,1907.013643152467,1907.013643152467,2.00447886760607,-0.01270781496313672,-1.5188653261385996,0.01643271269900077,-1.5727766151929443,1.102109518675779,120.9702880538638,67.1682674453265
14410,014410,1846.470459745119,1846.470459745119,1934.237294246353,1934.237294246353,2.053116246097614,0.007127191254660563,-1.5532465545489462,0.04239655825563713,-1.585496144359086,1.126073558516028,121.8482000805993,67.76262613512169
14417,014417,1846.470459745119,1846.470459745119,1934.237294246353,1934.237294246353,2.053116246097614,0.007127191254660563,-1.5532465545489462,0.04239655825563713,-1.585496144359086,1.126073558516028,121.8482000805993,67.76262613512169
14435,014435,1846.470459745119,1846.470459745119,1934.237294246353,1934.237294246353,2.053116246097614,0.007127191254660563,-1.5532465545489462,0.04239655825563713,-1.585496144359086,1.126073558516028,121.8482000805993,67.76262613512169
14436,014436,1857.479804288565,1857.479804288565,1922.888630990956,1922.888630990956,2.004635553476707,0.005137445956362164,-1.558016415459667,-0.0031506953783180715,-1.5647864995029954,1.146133774946981,120.7571865009013,67.36403230763489
14443,014443,1858.597086427252,1858.597086427252,1924.42584741907,1924.42584741907,2.029652670668384,0.006069991084438096,-1.5481785083094486,0.042104190812269744,-1.5829092444598964,1.133153905263153,121.4569399168275,67.46593912807965
14449,014449,1863.334264630649,1863.334264630649,1907.62696303471,1907.62696303471,2.015970272322051,0.008957195838649488,-1.5225925316185862,0.015377765957622191,-1.5681989866297787,1.131092790341723,121.100845132532,67.24295811544353
14459,014459,1880.974214387733,1880.974214387733,1915.779220181504,1915.779220181504,1.977851236897697,-0.006727592148754134,-1.5713373051013404,-0.016291966292714507,-1.5688222502099622,1.100166968750412,119.4299449008713,66.58945770112874
14461,014461,1857.34965296426,1857.34965296426,1917.924623722001,1917.924623722001,2.015306616523902,0.0004902130710700773,-1.5922332210785368,-0.014674245860053241,-1.5741902425771948,1.125060013269004,121.1604837134374,67.28731745081727
14468,014468,1859.633325720178,1859.633325720178,1926.337015754446,1926.337015754446,1.997003502293789,0.007118608021303436,-1.5655439822728348,-0.002684599072072188,-1.570856670035724,1.144582618675452,120.6792689337453,67.26448936786939
14480,014480,1863.334264630649,1863.334264630649,1907.62696303471,1907.62696303471,2.015970272322051,0.008957195838649488,-1.5225925316185862,0.015377765957622191,-1.5681989866297787,1.131092790341723,121.100845132532,67.24295811544353
14481,014481,1859.746969636308,1859.746969636308,1914.204755444865,1914.204755444865,2.009231466004983,-0.002970823641278691,-1.5629319833589455,0.02952976018188684,-1.5422887360998494,1.136123277061316,120.581700743319,67.21490441580156
14483,014483,1857.34965296426,1857.34965296426,1917.924623722001,1917.924623722001,2.015306616523902,0.0004902130710700773,-1.5922332210785368,-0.014674245860053241,-1.5741902425771948,1.125060013269004,121.1604837134374,67.28731745081727
14488,014488,1863.334264630649,1863.334264630649,1907.62696303471,1907.62696303471,2.015970272322051,0.008957195838649488,-1.5225925316185862,0.015377765957622191,-1.5681989866297787,1.131092790341723,121.100845132532,67.24295811544353
14493,014493,1857.34965296426,1857.34965296426,1917.924623722001,1917.924623722001,2.015306616523902,0.0004902130710700773,-1.5922332470746603,-0.014668153580254308,-1.5759355608146708,1.125060013269004,121.1604837134374,67.28731745081727
14504,014504,1866.254649589019,1866.254649589019,1919.254029415608,1919.254029415608,2.023073685447837,-0.001729120249509546,-1.5676469090071028,0.013673190861190706,-1.5633595192911118,1.129930671152837,120.0310462140434,66.95362481129119
14506,014506,1842.404839758716,1842.404839758716,1934.754952608012,1934.754952608012,2.047493806442693,0.01132193851634119,-1.5412444667550063,0.030238908236011552,-1.5662469692397305,1.128173733560131,121.8558717032652,67.74032599935602
14508,014508,1857.34965296426,1857.34965296426,1917.924623722001,1917.924623722001,2.015306616523902,0.0004902130710700773,-1.5922332210785368,-0.014674245860053241,-1.5741902425771948,1.125060013269004,121.1604837134374,67.28731745081727
14534,014534,1866.254649589019,1866.254649589019,1919.254029415608,1919.254029415608,2.023073685447837,-0.001729120249509546,-1.5676469090071028,0.013673190861190706,-1.5633595192911118,1.129930671152837,120.0310462140434,66.95362481129119
14560,014560,1859.746969636308,1859.746969636308,1914.204755444865,1914.204755444865,2.009231466004983,-0.002970823641278691,-1.5629319833589455,0.02952976018188684,-1.5422887360998494,1.136123277061316,120.581700743319,67.21490441580156
14570,014570,1860.44342061537,1860.44342061537,1931.800446368316,1931.800446368316,2.014037351924079,-0.002481086856738699,-1.5657787946070796,0.024763195053972537,-1.5905180797729668,1.128847994220851,121.0847164834004,67.28639589561944
14571,014571,1866.254649589019,1866.254649589019,1919.254029415608,1919.254029415608,2.023073685447837,-0.001729120249509546,-1.569392313614426,0.013692241791982286,-1.5651287137304093,1.129930671152837,120.0310462140434,66.95362481129119
14586,014586,1866.254649589019,1866.254649589019,1919.254029415608,1919.254029415608,2.023073685447837,-0.001729120249509546,-1.569392313614426,0.013692241791982286,-1.5651287137304093,1.129930671152837,120.0310462140434,66.95362481129119
14587,014587,1863.334264630649,1863.334264630649,1907.62696303471,1907.62696303471,2.015970272322051,0.008957195838649488,-1.5225925316185862,0.015377765957622191,-1.5681989866297787,1.131092790341723,121.100845132532,67.24295811544353
14603,014603,1863.741408936456,1863.741408936456,1907.013643152467,1907.013643152467,2.005329759075146,-0.003650044106571175,-1.5887481757638633,-0.014656299128578557,-1.575956084520097,1.11944171485232,120.9702880538638,67.1682674453265
14612,014612,1863.334264630649,1863.334264630649,1907.62696303471,1907.62696303471,2.015970272322051,0.008957195838649488,-1.5225925316185862,0.015377765957622191,-1.5681989866297787,1.131092790341723,121.100845132532,67.24295811544353
14630,014630,1842.404839758716,1842.404839758716,1934.754952608012,1934.754952608012,2.045975662868765,-0.002400173486311045,-1.55338857412205,0.01825416843181658,-1.577136067995388,1.130651936362605,121.8558717032652,67.74032599935602
14644,014644,1842.404839758716,1842.404839758716,1934.754952608012,1934.754952608012,2.049676593409205,0.00840991717115261,-1.5282289359939825,0.030133228316926594,-1.5689091484340498,1.12962535674074,121.8558717032652,67.74032599935602
14645,014645,1842.404839758716,1842.404839758716,1934.754952608012,1934.754952608012,2.047493806442693,0.01132193851634119,-1.5412444667550063,0.030238908236011552,-1.5662469692397305,1.128173733560131,121.8558717032652,67.74032599935602
14653,014653,1857.479804288565,1857.479804288565,1922.888630990956,1922.888630990956,2.004635553476707,0.005137445956362164,-1.558016415459667,-0.0031506953783180715,-1.5647864995029954,1.146133774946981,120.7571865009013,67.36403230763489
14672,014672,1842.404839758716,1842.404839758716,1934.754952608012,1934.754952608012,2.047493806442693,0.01132193851634119,-1.5412444667550063,0.030238908236011552,-1.5662469692397305,1.128173733560131,121.8558717032652,67.74032599935602
14680,014680,1857.479804288565,1857.479804288565,1922.888630990956,1922.888630990956,2.004635553476707,0.005137445956362164,-1.5510357394219714,-0.003256540141911394,-1.5595730426885313,1.146133774946981,120.7571865009013,67.36403230763489
14681,014681,1847.919204237398,1847.919204237398,1921.263788490785,1921.263788490785,2.044438354629837,-0.006856317126254376,-1.5601564303701785,0.017940294738900124,-1.5414667740539971,1.124371377834915,121.2376221304691,67.59771650670672
14684,014684,1847.919204237398,1847.919204237398,1921.263788490785,1921.263788490785,2.044438354629837,-0.006856317126254376,-1.5601564303701785,0.017940294738900124,-1.5414667740539971,1.124371377834915,121.2376221304691,67.59771650670672
14687,014687,1880.974214387733,1880.974214387733,1915.779220181504,1915.779220181504,1.977851236897697,-0.006727592148754134,-1.569591747497633,-0.01629538688615913,-1.5688506905097992,1.100166968750412,119.4299449008713,66.58945770112874
14727,014727,1866.254649589019,1866.254649589019,1919.254029415608,1919.254029415608,2.023073685447837,-0.001729120249509546,-1.569392313614426,0.013692241791982286,-1.5651287137304093,1.129930671152837,120.0310462140434,66.95362481129119
14736,014736,1860.44342061537,1860.44342061537,1931.800446368316,1931.800446368316,2.014037351924079,-0.002481086856738699,-1.5657787946070796,0.024763195053972537,-1.5905180797729668,1.128847994220851,121.0847164834004,67.28639589561944
14745,014745,1842.404839758716,1842.404839758716,1934.754952608012,1934.754952608012,2.049676593409205,0.00840991717115261,-1.5282289359939825,0.030133228316926594,-1.5689091484340498,1.12962535674074,121.8558717032652,67.74032599935602
14750,014750,1857.34965296426,1857.34965296426,1917.924623722001,1917.924623722001,2.015306616523902,0.0004902130710700773,-1.5922332470746603,-0.014668153580254308,-1.5759355608146708,1.125060013269004,121.1604837134374,67.28731745081727
14779,014779,1842.404839758716,1842.404839758716,1934.754952608012,1934.754952608012,2.047493806442693,0.01132193851634119,-1.5412444667550063,0.030238908236011552,-1.5662469692397305,1.128173733560131,121.8558717032652,67.74032599935602
14793,014793,1857.34965296426,1857.34965296426,1917.924623722001,1917.924623722001,2.015306616523902,0.0004902130710700773,-1.5922332210785368,-0.014674245860053241,-1.5741902425771948,1.125060013269004,121.1604837134374,67.28731745081727
14800,014800,1863.741408936456,1863.741408936456,1907.013643152467,1907.013643152467,2.00447886760607,-0.01270781496313672,-1.5188653261385996,0.01643271269900077,-1.5727766151929443,1.102109518675779,120.9702880538638,67.1682674453265
14830,014830,1842.404839758716,1842.404839758716,1934.754952608012,1934.754952608012,2.049676593409205,0.00840991717115261,-1.5282289359939825,0.030133228316926594,-1.5689091484340498,1.12962535674074,121.8558717032652,67.74032599935602
14833,014833,1863.334264630649,1863.334264630649,1907.62696303471,1907.62696303471,2.015970272322051,0.008957195838649488,-1.5225925316185862,0.015377765957622191,-1.5681989866297787,1.131092790341723,121.100845132532,67.24295811544353
14840,014840,1863.741408936456,1863.741408936456,1907.013643152467,1907.013643152467,2.00447886760607,-0.01270781496313672,-1.520610887543998,0.0164292314171461,-1.5728052951803733,1.102109518675779,120.9702880538638,67.1682674453265
14841,014841,1842.404839758716,1842.404839758716,1934.754952608012,1934.754952608012,2.047493806442693,0.01132193851634119,-1.5412444667550063,0.030238908236011552,-1.5662469692397305,1.128173733560131,121.8558717032652,67.74032599935602
14845,014845,1842.404839758716,1842.404839758716,1934.754952608012,1934.754952608012,2.047493806442693,0.01132193851634119,-1.5412444667550063,0.030238908236011552,-1.5662469692397305,1.128173733560131,121.8558717032652,67.74032599935602
14848,014848,1847.919204237398,1847.919204237398,1921.263788490785,1921.263788490785,2.044438354629837,-0.006856317126254376,-1.5601564303701785,0.017940294738900124,-1.5414667740539971,1.124371377834915,121.2376221304691,67.59771650670672
14871,014871,1863.741408936456,1863.741408936456,1907.013643152467,1907.013643152467,2.005329759075146,-0.003650044106571175,-1.5887481757638633,-0.014656299128578557,-1.575956084520097,1.11944171485232,120.9702880538638,67.1682674453265
14881,014881,1880.974214387733,1880.974214387733,1915.779220181504,1915.779220181504,1.977851236897697,-0.006727592148754134,-1.569591747497633,-0.01629538688615913,-1.5688506905097992,1.100166968750412,119.4299449008713,66.58945770112874
14882,014882,1857.34965296426,1857.34965296426,1917.924623722001,1917.924623722001,2.015306616523902,0.0004902130710700773,-1.5922332210785368,-0.014674245860053241,-1.5741902425771948,1.125060013269004,121.1604837134374,67.28731745081727
14929,014929,1846.470459745119,1846.470459745119,1934.237294246353,1934.237294246353,2.053116246097614,0.007127191254660563,-1.5532465545489462,0.04239655825563713,-1.585496144359086,1.126073558516028,121.8482000805993,67.76262613512169
14935,014935,1857.479804288565,1857.479804288565,1922.888630990956,1922.888630990956,2.004635553476707,0.005137445956362164,-1.558016415459667,-0.0031506953783180715,-1.5647864995029954,1.146133774946981,120.7571865009013,67.36403230763489
14952,014952,1858.597086427252,1858.597086427252,1924.42584741907,1924.42584741907,2.029652670668384,0.006069991084438096,-1.551672000605969,0.04206165324630392,-1.5795655590792688,1.133153905263153,121.4569399168275,67.46593912807965
14956,014956,1859.633325720178,1859.633325720178,1926.337015754446,1926.337015754446,1.997003502293789,0.007118608021303436,-1.5655439822728348,-0.002684599072072188,-1.570856670035724,1.144582618675452,120.6792689337453,67.26448936786939
14965,014965,1842.404839758716,1842.404839758716,1934.754952608012,1934.754952608012,2.047493806442693,0.01132193851634119,-1.5412444667550063,0.030238908236011552,-1.5662469692397305,1.128173733560131,121.8558717032652,67.74032599935602
14976,014976,1859.746969636308,1859.746969636308,1914.204755444865,1914.204755444865,2.009231466004983,-0.002970823641278691,-1.5629319833589455,0.02952976018188684,-1.5422887360998494,1.136123277061316,120.581700743319,67.21490441580156
14992,014992,1880.974214387733,1880.974214387733,1915.779220181504,1915.779220181504,1.977851236897697,-0.006727592148754134,-1.569591747497633,-0.01629538688615913,-1.5688506905097992,1.100166968750412,119.4299449008713,66.58945770112874
14997,014997,1859.746969636308,1859.746969636308,1914.204755444865,1914.204755444865,2.009231466004983,-0.002970823641278691,-1.5629319833589455,0.02952976018188684,-1.5422887360998494,1.136123277061316,120.581700743319,67.21490441580156
14998,014998,1846.470459745119,1846.470459745119,1934.237294246353,1934.237294246353,2.053116246097614,0.007127191254660563,-1.5532465545489462,0.04239655825563713,-1.585496144359086,1.126073558516028,121.8482000805993,67.76262613512169
15000,015000,1846.470459745119,1846.470459745119,1934.237294246353,1934.237294246353,2.053116246097614,0.007127191254660563,-1.5532465545489462,0.04239655825563713,-1.585496144359086,1.126073558516028,121.8482000805993,67.76262613512169
15004,015004,1863.741408936456,1863.741408936456,1907.013643152467,1907.013643152467,2.00447886760607,-0.01270781496313672,-1.5188653261385996,0.01643271269900077,-1.5727766151929443,1.102109518675779,120.9702880538638,67.1682674453265
15037,015037,1846.470459745119,1846.470459745119,1934.237294246353,1934.237294246353,2.053116246097614,0.007127191254660563,-1.5532465545489462,0.04239655825563713,-1.585496144359086,1.126073558516028,121.8482000805993,67.76262613512169
15042,015042,1842.404839758716,1842.404839758716,1934.754952608012,1934.754952608012,2.049676593409205,0.00840991717115261,-1.5282289359939825,0.030133228316926594,-1.5689091484340498,1.12962535674074,121.8558717032652,67.74032599935602
15043,015043,1857.34965296426,1857.34965296426,1917.924623722001,1917.924623722001,2.015306616523902,0.0004902130710700773,-1.5922332210785368,-0.014674245860053241,-1.5741902425771948,1.125060013269004,121.1604837134374,67.28731745081727
15048,015048,1842.404839758716,1842.404839758716,1934.754952608012,1934.754952608012,2.049676593409205,0.00840991717115261,-1.5282289359939825,0.030133228316926594,-1.5689091484340498,1.12962535674074,121.8558717032652,67.74032599935602
15053,015053,1863.334264630649,1863.334264630649,1907.62696303471,1907.62696303471,2.015970272322051,0.008957195838649488,-1.5225925316185862,0.015377765957622191,-1.5681989866297787,1.131092790341723,121.100845132532,67.24295811544353
15054,015054,1863.334264630649,1863.334264630649,1907.62696303471,1907.62696303471,2.015970272322051,0.008957195838649488,-1.5225925316185862,0.015377765957622191,-1.5681989866297787,1.131092790341723,121.100845132532,67.24295811544353
15090,015090,1842.404839758716,1842.404839758716,1934.754952608012,1934.754952608012,2.047493806442693,0.01132193851634119,-1.5412444667550063,0.030238908236011552,-1.5662469692397305,1.128173733560131,121.8558717032652,67.74032599935602
15094,015094,1859.746969636308,1859.746969636308,1914.204755444865,1914.204755444865,2.009231466004983,-0.002970823641278691,-1.5699128441987793,0.02975543926078322,-1.5477314577859038,1.136123277061316,120.581700743319,67.21490441580156
15101,015101,1880.974214387733,1880.974214387733,1915.779220181504,1915.779220181504,1.977851236897697,-0.006727592148754134,-1.569591747497633,-0.01629538688615913,-1.5688506905097992,1.100166968750412,119.4299449008713,66.58945770112874
15106,015106,1857.34965296426,1857.34965296426,1917.924623722001,1917.924623722001,2.015306616523902,0.0004902130710700773,-1.5922332210785368,-0.014674245860053241,-1.5741902425771948,1.125060013269004,121.1604837134374,67.28731745081727
15123,015123,1846.470459745119,1846.470459745119,1934.237294246353,1934.237294246353,2.053116246097614,0.007127191254660563,-1.5532465545489462,0.04239655825563713,-1.585496144359086,1.126073558516028,121.8482000805993,67.76262613512169
15128,015128,1857.34965296426,1857.34965296426,1917.924623722001,1917.924623722001,2.015306616523902,0.0004902130710700773,-1.5922332210785368,-0.014674245860053241,-1.5741902425771948,1.125060013269004,121.1604837134374,67.28731745081727
15145,015145,1863.334264630649,1863.334264630649,1907.62696303471,1907.62696303471,2.015970272322051,0.008957195838649488,-1.5225925316185862,0.015377765957622191,-1.5681989866297787,1.131092790341723,121.100845132532,67.24295811544353
15149,015149,1857.479804288565,1857.479804288565,1922.888630990956,1922.888630990956,2.004635553476707,0.005137445956362164,-1.558016415459667,-0.0031506953783180715,-1.5647864995029954,1.146133774946981,120.7571865009013,67.36403230763489
15150,015150,1842.404839758716,1842.404839758716,1934.754952608012,1934.754952608012,2.047493806442693,0.01132193851634119,-1.5412444667550063,0.030238908236011552,-1.5662469692397305,1.128173733560131,121.8558717032652,67.74032599935602
15151,015151,1857.34965296426,1857.34965296426,1917.924623722001,1917.924623722001,2.015306616523902,0.0004902130710700773,-1.5922332470746603,-0.014668153580254308,-1.5759355608146708,1.125060013269004,121.1604837134374,67.28731745081727
15161,015161,1857.34965296426,1857.34965296426,1917.924623722001,1917.924623722001,2.015306616523902,0.0004902130710700773,-1.5922332210785368,-0.014674245860053241,-1.5741902425771948,1.125060013269004,121.1604837134374,67.28731745081727
15165,015165,1859.633325720178,1859.633325720178,1926.337015754446,1926.337015754446,1.997003502293789,0.007118608021303436,-1.5655439822728348,-0.002684599072072188,-1.570856670035724,1.144582618675452,120.6792689337453,67.26448936786939
15176,015176,1847.919204237398,1847.919204237398,1921.263788490785,1921.263788490785,2.044438354629837,-0.006856317126254376,-1.5601564303701785,0.017940294738900124,-1.5414667740539971,1.124371377834915,121.2376221304691,67.59771650670672
15178,015178,1857.34965296426,1857.34965296426,1917.924623722001,1917.924623722001,2.015306616523902,0.0004902130710700773,-1.5922332470746603,-0.014668153580254308,-1.5759355608146708,1.125060013269004,121.1604837134374,67.28731745081727
15193,015193,1857.479804288565,1857.479804288565,1922.888630990956,1922.888630990956,2.004635553476707,0.005137445956362164,-1.558016415459667,-0.0031506953783180715,-1.5647864995029954,1.146133774946981,120.7571865009013,67.36403230763489
15205,015205,1863.741408936456,1863.741408936456,1907.013643152467,1907.013643152467,2.005329759075146,-0.003650044106571175,-1.5887481757638633,-0.014656299128578557,-1.575956084520097,1.11944171485232,120.9702880538638,67.1682674453265
15215,015215,1859.746969636308,1859.746969636308,1914.204755444865,1914.204755444865,2.009231466004983,-0.002970823641278691,-1.5646779031491849,0.02956119474784027,-1.5405950950370737,1.136123277061316,120.581700743319,67.21490441580156
15216,015216,1846.470459745119,1846.470459745119,1934.237294246353,1934.237294246353,2.053116246097614,0.007127191254660563,-1.5532465545489462,0.04239655825563713,-1.585496144359086,1.126073558516028,121.8482000805993,67.76262613512169
15218,015218,1857.479804288565,1857.479804288565,1922.888630990956,1922.888630990956,2.004635553476707,0.005137445956362164,-1.558016415459667,-0.0031506953783180715,-1.5647864995029954,1.146133774946981,120.7571865009013,67.36403230763489
15220,015220,1863.741408936456,1863.741408936456,1907.013643152467,1907.013643152467,2.00447886760607,-0.01270781496313672,-1.5188653261385996,0.01643271269900077,-1.5727766151929443,1.102109518675779,120.9702880538638,67.1682674453265
15236,015236,1863.334264630649,1863.334264630649,1907.62696303471,1907.62696303471,2.015970272322051,0.008957195838649488,-1.5225925316185862,0.015377765957622191,-1.5681989866297787,1.131092790341723,121.100845132532,67.24295811544353
15242,015242,1846.470459745119,1846.470459745119,1934.237294246353,1934.237294246353,2.053116246097614,0.007127191254660563,-1.5532465545489462,0.04239655825563713,-1.585496144359086,1.126073558516028,121.8482000805993,67.76262613512169
15245,015245,1866.254649589019,1866.254649589019,1919.254029415608,1919.254029415608,2.023073685447837,-0.001729120249509546,-1.5676468490155226,0.013682329143988894,-1.5651048237980518,1.129930671152837,120.0310462140434,66.95362481129119
15256,015256,1842.404839758716,1842.404839758716,1934.754952608012,1934.754952608012,2.047493806442693,0.01132193851634119,-1.5412444667550063,0.030238908236011552,-1.5662469692397305,1.128173733560131,121.8558717032652,67.74032599935602
15263,015263,1858.597086427252,1858.597086427252,1924.42584741907,1924.42584741907,2.029652670668384,0.006069991084438096,-1.551672000605969,0.04206165324630392,-1.5795655590792688,1.133153905263153,121.4569399168275,67.46593912807965
15291,015291,1842.404839758716,1842.404839758716,1934.754952608012,1934.754952608012,2.047493806442693,0.01132193851634119,-1.5412444667550063,0.030238908236011552,-1.5662469692397305,1.128173733560131,121.8558717032652,67.74032599935602
15292,015292,1857.34965296426,1857.34965296426,1917.924623722001,1917.924623722001,2.015306616523902,0.0004902130710700773,-1.5922332470746603,-0.014668153580254308,-1.5759355608146708,1.125060013269004,121.1604837134374,67.28731745081727
15301,015301,1863.741408936456,1863.741408936456,1907.013643152467,1907.013643152467,2.005329759075146,-0.003650044106571175,-1.5887481757638633,-0.014656299128578557,-1.575956084520097,1.11944171485232,120.9702880538638,67.1682674453265
15316,015316,1863.741408936456,1863.741408936456,1907.013643152467,1907.013643152467,2.00447886760607,-0.01270781496313672,-1.5188653261385996,0.01643271269900077,-1.5727766151929443,1.102109518675779,120.9702880538638,67.1682674453265
15317,015317,1863.334264630649,1863.334264630649,1907.62696303471,1907.62696303471,2.015970272322051,0.008957195838649488,-1.5225925316185862,0.015377765957622191,-1.5681989866297787,1.131092790341723,121.100845132532,67.24295811544353
15319,015319,1866.254649589019,1866.254649589019,1919.254029415608,1919.254029415608,2.023073685447837,-0.001729120249509546,-1.5676469090071028,0.013673190861190706,-1.5633595192911118,1.129930671152837,120.0310462140434,66.95362481129119
15320,015320,1863.741408936456,1863.741408936456,1907.013643152467,1907.013643152467,2.005329759075146,-0.003650044106571175,-1.5887481757638633,-0.014656299128578557,-1.575956084520097,1.11944171485232,120.9702880538638,67.1682674453265
15327,015327,1846.470459745119,1846.470459745119,1934.237294246353,1934.237294246353,2.053116246097614,0.007127191254660563,-1.5532465545489462,0.04239655825563713,-1.585496144359086,1.126073558516028,121.8482000805993,67.76262613512169
15332,015332,1846.470459745119,1846.470459745119,1934.237294246353,1934.237294246353,2.053116246097614,0.007127191254660563,-1.5532465545489462,0.04239655825563713,-1.585496144359086,1.126073558516028,121.8482000805993,67.76262613512169
15352,015352,1846.470459745119,1846.470459745119,1934.237294246353,1934.237294246353,2.053116246097614,0.007127191254660563,-1.5532465545489462,0.04239655825563713,-1.585496144359086,1.126073558516028,121.8482000805993,67.76262613512169
15357,015357,1857.34965296426,1857.34965296426,1917.924623722001,1917.924623722001,2.015306616523902,0.0004902130710700773,-1.5922332470746603,-0.014668153580254308,-1.5759355608146708,1.125060013269004,121.1604837134374,67.28731745081727
15364,015364,1847.919204237398,1847.919204237398,1921.263788490785,1921.263788490785,2.044438354629837,-0.006856317126254376,-1.5601564303701785,0.017940294738900124,-1.5414667740539971,1.124371377834915,121.2376221304691,67.59771650670672
15366,015366,1857.34965296426,1857.34965296426,1917.924623722001,1917.924623722001,2.015306616523902,0.0004902130710700773,-1.5922332210785368,-0.014674245860053241,-1.5741902425771948,1.125060013269004,121.1604837134374,67.28731745081727
15386,015386,1859.746969636308,1859.746969636308,1914.204755444865,1914.204755444865,2.009231466004983,-0.002970823641278691,-1.5646779031491849,0.02956119474784027,-1.5405950950370737,1.136123277061316,120.581700743319,67.21490441580156
15407,015407,1842.404839758716,1842.404839758716,1934.754952608012,1934.754952608012,2.048990724305743,0.001072998664298168,-1.572216906112501,0.005096192184355016,-1.5088385307464232,1.12456066455856,121.8558717032652,67.74032599935602
15424,015424,1875.341941705681,1875.341941705681,1915.635705796355,1915.635705796355,1.982010734183471,-0.001951416398337044,-1.5952666133753044,0.07678052066715899,-1.6225170415384549,1.132630915685097,119.7869740687292,66.78209093962884
15429,015429,1842.404839758716,1842.404839758716,1934.754952608012,1934.754952608012,2.047493806442693,0.01132193851634119,-1.5412444667550063,0.030238908236011552,-1.5662469692397305,1.128173733560131,121.8558717032652,67.74032599935602
15431,015431,1842.404839758716,1842.404839758716,1934.754952608012,1934.754952608012,2.049676593409205,0.00840991717115261,-1.5282289359939825,0.030133228316926594,-1.5689091484340498,1.12962535674074,121.8558717032652,67.74032599935602
15455,015455,1857.479804288565,1857.479804288565,1922.888630990956,1922.888630990956,2.004635553476707,0.005137445956362164,-1.558016415459667,-0.0031506953783180715,-1.5647864995029954,1.146133774946981,120.7571865009013,67.36403230763489
15461,015461,1842.404839758716,1842.404839758716,1934.754952608012,1934.754952608012,2.047493806442693,0.01132193851634119,-1.5412444667550063,0.030238908236011552,-1.5662469692397305,1.128173733560131,121.8558717032652,67.74032599935602
15465,015465,1858.597086427252,1858.597086427252,1924.42584741907,1924.42584741907,2.029652670668384,0.006069991084438096,-1.5481785083094486,0.042104190812269744,-1.5829092444598964,1.133153905263153,121.4569399168275,67.46593912807965
15502,015502,1857.479804288565,1857.479804288565,1922.888630990956,1922.888630990956,2.004635553476707,0.005137445956362164,-1.558016415459667,-0.0031506953783180715,-1.5647864995029954,1.146133774946981,120.7571865009013,67.36403230763489
15508,015508,1846.470459745119,1846.470459745119,1934.237294246353,1934.237294246353,2.053116246097614,0.007127191254660563,-1.5532465545489462,0.04239655825563713,-1.585496144359086,1.126073558516028,121.8482000805993,67.76262613512169
15511,015511,1846.470459745119,1846.470459745119,1934.237294246353,1934.237294246353,2.053116246097614,0.007127191254660563,-1.5532465545489462,0.04239655825563713,-1.585496144359086,1.126073558516028,121.8482000805993,67.76262613512169
15520,015520,1842.404839758716,1842.404839758716,1934.754952608012,1934.754952608012,2.049676593409205,0.00840991717115261,-1.5282289359939825,0.030133228316926594,-1.5689091484340498,1.12962535674074,121.8558717032652,67.74032599935602
15526,015526,1857.479804288565,1857.479804288565,1922.888630990956,1922.888630990956,2.004635553476707,0.005137445956362164,-1.558016415459667,-0.0031506953783180715,-1.5647864995029954,1.146133774946981,120.7571865009013,67.36403230763489
15538,015538,1842.404839758716,1842.404839758716,1934.754952608012,1934.754952608012,2.047493806442693,0.01132193851634119,-1.5412444667550063,0.030238908236011552,-1.5662469692397305,1.128173733560131,121.8558717032652,67.74032599935602
15546,015546,1857.479804288565,1857.479804288565,1922.888630990956,1922.888630990956,2.004635553476707,0.005137445956362164,-1.558016415459667,-0.0031506953783180715,-1.5647864995029954,1.146133774946981,120.7571865009013,67.36403230763489
15548,015548,1857.34965296426,1857.34965296426,1917.924623722001,1917.924623722001,2.015306616523902,0.0004902130710700773,-1.5922332210785368,-0.014674245860053241,-1.5741902425771948,1.125060013269004,121.1604837134374,67.28731745081727
15562,015562,1863.741408936456,1863.741408936456,1907.013643152467,1907.013643152467,2.00447886760607,-0.01270781496313672,-1.5188653261385996,0.01643271269900077,-1.5727766151929443,1.102109518675779,120.9702880538638,67.1682674453265
15566,015566,1860.44342061537,1860.44342061537,1931.800446368316,1931.800446368316,2.014037351924079,-0.002481086856738699,-1.5657787946070796,0.024763195053972537,-1.5905180797729668,1.128847994220851,121.0847164834004,67.28639589561944
15571,015571,1842.404839758716,1842.404839758716,1934.754952608012,1934.754952608012,2.047493806442693,0.01132193851634119,-1.5412444667550063,0.030238908236011552,-1.5662469692397305,1.128173733560131,121.8558717032652,67.74032599935602
15579,015579,1863.334264630649,1863.334264630649,1907.62696303471,1907.62696303471,2.015970272322051,0.008957195838649488,-1.5225925316185862,0.015377765957622191,-1.5681989866297787,1.131092790341723,121.100845132532,67.24295811544353
15583,015583,1859.746969636308,1859.746969636308,1914.204755444865,1914.204755444865,2.009231466004983,-0.002970823641278691,-1.5629319833589455,0.02952976018188684,-1.5422887360998494,1.136123277061316,120.581700743319,67.21490441580156
15595,015595,1859.746969636308,1859.746969636308,1914.204755444865,1914.204755444865,2.009231466004983,-0.002970823641278691,-1.5629319833589455,0.02952976018188684,-1.5422887360998494,1.136123277061316,120.581700743319,67.21490441580156
15597,015597,1857.34965296426,1857.34965296426,1917.924623722001,1917.924623722001,2.015306616523902,0.0004902130710700773,-1.5922332210785368,-0.014674245860053241,-1.5741902425771948,1.125060013269004,121.1604837134374,67.28731745081727
15599,015599,1842.404839758716,1842.404839758716,1934.754952608012,1934.754952608012,2.047493806442693,0.01132193851634119,-1.5412444667550063,0.030238908236011552,-1.5662469692397305,1.128173733560131,121.8558717032652,67.74032599935602
15606,015606,1866.254649589019,1866.254649589019,1919.254029415608,1919.254029415608,2.023073685447837,-0.001729120249509546,-1.5676469090071028,0.013673190861190706,-1.5633595192911118,1.129930671152837,120.0310462140434,66.95362481129119
15607,015607,1880.974214387733,1880.974214387733,1915.779220181504,1915.779220181504,1.977851236897697,-0.006727592148754134,-1.569591747497633,-0.01629538688615913,-1.5688506905097992,1.100166968750412,119.4299449008713,66.58945770112874
15617,015617,1863.334264630649,1863.334264630649,1907.62696303471,1907.62696303471,2.015970272322051,0.008957195838649488,-1.5225925316185862,0.015377765957622191,-1.5681989866297787,1.131092790341723,121.100845132532,67.24295811544353
15620,015620,1863.334264630649,1863.334264630649,1907.62696303471,1907.62696303471,2.015970272322051,0.008957195838649488,-1.5225925316185862,0.015377765957622191,-1.5681989866297787,1.131092790341723,121.100845132532,67.24295811544353
15628,015628,1857.34965296426,1857.34965296426,1917.924623722001,1917.924623722001,2.015306616523902,0.0004902130710700773,-1.5922332210785368,-0.014674245860053241,-1.5741902425771948,1.125060013269004,121.1604837134374,67.28731745081727
15657,015657,1866.254649589019,1866.254649589019,1919.254029415608,1919.254029415608,2.023073685447837,-0.001729120249509546,-1.569392313614426,0.013692241791982286,-1.5651287137304093,1.129930671152837,120.0310462140434,66.95362481129119
15668,015668,1842.404839758716,1842.404839758716,1934.754952608012,1934.754952608012,2.047493806442693,0.01132193851634119,-1.5412444667550063,0.030238908236011552,-1.5662469692397305,1.128173733560131,121.8558717032652,67.74032599935602
15689,015689,1846.470459745119,1846.470459745119,1934.237294246353,1934.237294246353,2.053116246097614,0.007127191254660563,-1.5532465545489462,0.04239655825563713,-1.585496144359086,1.126073558516028,121.8482000805993,67.76262613512169
15697,015697,1857.479804288565,1857.479804288565,1922.888630990956,1922.888630990956,2.004635553476707,0.005137445956362164,-1.5510357394219714,-0.003256540141911394,-1.5595730426885313,1.146133774946981,120.7571865009013,67.36403230763489
15714,015714,1857.479804288565,1857.479804288565,1922.888630990956,1922.888630990956,2.004635553476707,0.005137445956362164,-1.558016415459667,-0.0031506953783180715,-1.5647864995029954,1.146133774946981,120.7571865009013,67.36403230763489
15715,015715,1842.404839758716,1842.404839758716,1934.754952608012,1934.754952608012,2.047493806442693,0.01132193851634119,-1.5412444667550063,0.030238908236011552,-1.5662469692397305,1.128173733560131,121.8558717032652,67.74032599935602
15716,015716,1842.404839758716,1842.404839758716,1934.754952608012,1934.754952608012,2.049676593409205,0.00840991717115261,-1.5282289359939825,0.030133228316926594,-1.5689091484340498,1.12962535674074,121.8558717032652,67.74032599935602
15723,015723,1857.479804288565,1857.479804288565,1922.888630990956,1922.888630990956,2.004635553476707,0.005137445956362164,-1.558016415459667,-0.0031506953783180715,-1.5647864995029954,1.146133774946981,120.7571865009013,67.36403230763489
15736,015736,1860.44342061537,1860.44342061537,1931.800446368316,1931.800446368316,2.014037351924079,-0.002481086856738699,-1.5657787946070796,0.024763195053972537,-1.5905180797729668,1.128847994220851,121.0847164834004,67.28639589561944
15775,015775,1863.741408936456,1863.741408936456,1907.013643152467,1907.013643152467,2.00447886760607,-0.01270781496313672,-1.520610887543998,0.0164292314171461,-1.5728052951803733,1.102109518675779,120.9702880538638,67.1682674453265
15788,015788,1866.254649589019,1866.254649589019,1919.254029415608,1919.254029415608,2.023073685447837,-0.001729120249509546,-1.569392313614426,0.013692241791982286,-1.5651287137304093,1.129930671152837,120.0310462140434,66.95362481129119
15803,015803,1863.741408936456,1863.741408936456,1907.013643152467,1907.013643152467,2.00447886760607,-0.01270781496313672,-1.5188653261385996,0.01643271269900077,-1.5727766151929443,1.102109518675779,120.9702880538638,67.1682674453265
15827,015827,1859.746969636308,1859.746969636308,1914.204755444865,1914.204755444865,2.009231466004983,-0.002970823641278691,-1.5629326100062055,0.029508446697819848,-1.5405435555976825,1.136123277061316,120.581700743319,67.21490441580156
15833,015833,1866.254649589019,1866.254649589019,1919.254029415608,1919.254029415608,2.023073685447837,-0.001729120249509546,-1.569392313614426,0.013692241791982286,-1.5651287137304093,1.129930671152837,120.0310462140434,66.95362481129119
15834,015834,1842.404839758716,1842.404839758716,1934.754952608012,1934.754952608012,2.047493806442693,0.01132193851634119,-1.5412444667550063,0.030238908236011552,-1.5662469692397305,1.128173733560131,121.8558717032652,67.74032599935602
15837,015837,1863.334264630649,1863.334264630649,1907.62696303471,1907.62696303471,2.015970272322051,0.008957195838649488,-1.5225925316185862,0.015377765957622191,-1.5681989866297787,1.131092790341723,121.100845132532,67.24295811544353
15841,015841,1846.470459745119,1846.470459745119,1934.237294246353,1934.237294246353,2.053116246097614,0.007127191254660563,-1.5532465545489462,0.04239655825563713,-1.585496144359086,1.126073558516028,121.8482000805993,67.76262613512169
15845,015845,1863.741408936456,1863.741408936456,1907.013643152467,1907.013643152467,2.00447886760607,-0.01270781496313672,-1.5188653261385996,0.01643271269900077,-1.5727766151929443,1.102109518675779,120.9702880538638,67.1682674453265
15865,015865,1842.404839758716,1842.404839758716,1934.754952608012,1934.754952608012,2.047493806442693,0.01132193851634119,-1.5412444667550063,0.030238908236011552,-1.5662469692397305,1.128173733560131,121.8558717032652,67.74032599935602
15879,015879,1858.597086427252,1858.597086427252,1924.42584741907,1924.42584741907,2.029652670668384,0.006069991084438096,-1.5481785083094486,0.042104190812269744,-1.5829092444598964,1.133153905263153,121.4569399168275,67.46593912807965
15884,015884,1863.334264630649,1863.334264630649,1907.62696303471,1907.62696303471,2.015970272322051,0.008957195838649488,-1.5225925316185862,0.015377765957622191,-1.5681989866297787,1.131092790341723,121.100845132532,67.24295811544353
15889,015889,1860.44342061537,1860.44342061537,1931.800446368316,1931.800446368316,2.014037351924079,-0.002481086856738699,-1.5657787946070796,0.024763195053972537,-1.5905180797729668,1.128847994220851,121.0847164834004,67.28639589561944
15890,015890,1859.746969636308,1859.746969636308,1914.204755444865,1914.204755444865,2.009231466004983,-0.002970823641278691,-1.5629319833589455,0.02952976018188684,-1.5422887360998494,1.136123277061316,120.581700743319,67.21490441580156
15913,015913,1860.44342061537,1860.44342061537,1931.800446368316,1931.800446368316,2.014037351924079,-0.002481086856738699,-1.5657787946070796,0.024763195053972537,-1.5905180797729668,1.128847994220851,121.0847164834004,67.28639589561944
15914,015914,1863.741408936456,1863.741408936456,1907.013643152467,1907.013643152467,2.00447886760607,-0.01270781496313672,-1.5188653261385996,0.01643271269900077,-1.5727766151929443,1.102109518675779,120.9702880538638,67.1682674453265
15925,015925,1863.334264630649,1863.334264630649,1907.62696303471,1907.62696303471,2.015970272322051,0.008957195838649488,-1.5225925316185862,0.015377765957622191,-1.5681989866297787,1.131092790341723,121.100845132532,67.24295811544353
15927,015927,1847.919204237398,1847.919204237398,1921.263788490785,1921.263788490785,2.044438354629837,-0.006856317126254376,-1.56190185876231,0.01797318165006547,-1.538007519872931,1.124371377834915,121.2376221304691,67.59771650670672
15938,015938,1866.254649589019,1866.254649589019,1919.254029415608,1919.254029415608,2.023073685447837,-0.001729120249509546,-1.5676469090071028,0.013673190861190706,-1.5633595192911118,1.129930671152837,120.0310462140434,66.95362481129119
15977,015977,1857.34965296426,1857.34965296426,1917.924623722001,1917.924623722001,2.015306616523902,0.0004902130710700773,-1.5922332470746603,-0.014668153580254308,-1.5759355608146708,1.125060013269004,121.1604837134374,67.28731745081727
15980,015980,1880.974214387733,1880.974214387733,1915.779220181504,1915.779220181504,1.977851236897697,-0.006727592148754134,-1.569591747497633,-0.01629538688615913,-1.5688506905097992,1.100166968750412,119.4299449008713,66.58945770112874
15999,015999,1857.479804288565,1857.479804288565,1922.888630990956,1922.888630990956,2.004635553476707,0.005137445956362164,-1.558016415459667,-0.0031506953783180715,-1.5647864995029954,1.146133774946981,120.7571865009013,67.36403230763489
16004,016004,1860.44342061537,1860.44342061537,1931.800446368316,1931.800446368316,2.014037351924079,-0.002481086856738699,-1.5657787946070796,0.024763195053972537,-1.5905180797729668,1.128847994220851,121.0847164834004,67.28639589561944
16019,016019,1857.34965296426,1857.34965296426,1917.924623722001,1917.924623722001,2.015306616523902,0.0004902130710700773,-1.5922332210785368,-0.014674245860053241,-1.5741902425771948,1.125060013269004,121.1604837134374,67.28731745081727
16034,016034,1863.741408936456,1863.741408936456,1907.013643152467,1907.013643152467,2.00447886760607,-0.01270781496313672,-1.5188653261385996,0.01643271269900077,-1.5727766151929443,1.102109518675779,120.9702880538638,67.1682674453265
16036,016036,1842.404839758716,1842.404839758716,1934.754952608012,1934.754952608012,2.047493806442693,0.01132193851634119,-1.5412444667550063,0.030238908236011552,-1.5662469692397305,1.128173733560131,121.8558717032652,67.74032599935602
16039,016039,1846.470459745119,1846.470459745119,1934.237294246353,1934.237294246353,2.053116246097614,0.007127191254660563,-1.5532465545489462,0.04239655825563713,-1.585496144359086,1.126073558516028,121.8482000805993,67.76262613512169
16044,016044,1842.404839758716,1842.404839758716,1934.754952608012,1934.754952608012,2.049676593409205,0.00840991717115261,-1.5282289359939825,0.030133228316926594,-1.5689091484340498,1.12962535674074,121.8558717032652,67.74032599935602
16045,016045,1842.404839758716,1842.404839758716,1934.754952608012,1934.754952608012,2.047493806442693,0.01132193851634119,-1.5412444667550063,0.030238908236011552,-1.5662469692397305,1.128173733560131,121.8558717032652,67.74032599935602
16046,016046,1863.741408936456,1863.741408936456,1907.013643152467,1907.013643152467,2.00447886760607,-0.01270781496313672,-1.5188653261385996,0.01643271269900077,-1.5727766151929443,1.102109518675779,120.9702880538638,67.1682674453265
16048,016048,1880.974214387733,1880.974214387733,1915.779220181504,1915.779220181504,1.977851236897697,-0.006727592148754134,-1.5695917278837737,-0.016277110187861606,-1.570595924383754,1.100166968750412,119.4299449008713,66.58945770112874
16094,016094,1846.470459745119,1846.470459745119,1934.237294246353,1934.237294246353,2.053116246097614,0.007127191254660563,-1.5532465545489462,0.04239655825563713,-1.585496144359086,1.126073558516028,121.8482000805993,67.76262613512169
16109,016109,1880.974214387733,1880.974214387733,1915.779220181504,1915.779220181504,1.977851236897697,-0.006727592148754134,-1.569591747497633,-0.01629538688615913,-1.5688506905097992,1.100166968750412,119.4299449008713,66.58945770112874
16116,016116,1842.404839758716,1842.404839758716,1934.754952608012,1934.754952608012,2.049676593409205,0.00840991717115261,-1.5282289359939825,0.030133228316926594,-1.5689091484340498,1.12962535674074,121.8558717032652,67.74032599935602
16119,016119,1842.404839758716,1842.404839758716,1934.754952608012,1934.754952608012,2.049676593409205,0.00840991717115261,-1.5282289359939825,0.030133228316926594,-1.5689091484340498,1.12962535674074,121.8558717032652,67.74032599935602
16120,016120,1846.470459745119,1846.470459745119,1934.237294246353,1934.237294246353,2.053116246097614,0.007127191254660563,-1.5532465545489462,0.04239655825563713,-1.585496144359086,1.126073558516028,121.8482000805993,67.76262613512169
16127,016127,1859.746969636308,1859.746969636308,1914.204755444865,1914.204755444865,2.009231466004983,-0.002970823641278691,-1.5629319833589455,0.02952976018188684,-1.5422887360998494,1.136123277061316,120.581700743319,67.21490441580156
16128,016128,1858.597086427252,1858.597086427252,1924.42584741907,1924.42584741907,2.029652670668384,0.006069991084438096,-1.5481785083094486,0.042104190812269744,-1.5829092444598964,1.133153905263153,121.4569399168275,67.46593912807965
16144,016144,1847.919204237398,1847.919204237398,1921.263788490785,1921.263788490785,2.044438354629837,-0.006856317126254376,-1.5601564303701785,0.017940294738900124,-1.5414667740539971,1.124371377834915,121.2376221304691,67.59771650670672
16155,016155,1857.34965296426,1857.34965296426,1917.924623722001,1917.924623722001,2.015306616523902,0.0004902130710700773,-1.5922332470746603,-0.014668153580254308,-1.5759355608146708,1.125060013269004,121.1604837134374,67.28731745081727
16156,016156,1847.919204237398,1847.919204237398,1921.263788490785,1921.263788490785,2.044438354629837,-0.006856317126254376,-1.5601564303701785,0.017940294738900124,-1.5414667740539971,1.124371377834915,121.2376221304691,67.59771650670672
16162,016162,1857.479804288565,1857.479804288565,1922.888630990956,1922.888630990956,2.004635553476707,0.005137445956362164,-1.558016415459667,-0.0031506953783180715,-1.5647864995029954,1.146133774946981,120.7571865009013,67.36403230763489
16228,016228,1880.974214387733,1880.974214387733,1915.779220181504,1915.779220181504,1.977851236897697,-0.006727592148754134,-1.569591747497633,-0.01629538688615913,-1.5688506905097992,1.100166968750412,119.4299449008713,66.58945770112874
16233,016233,1842.404839758716,1842.404839758716,1934.754952608012,1934.754952608012,2.047493806442693,0.01132193851634119,-1.5412444667550063,0.030238908236011552,-1.5662469692397305,1.128173733560131,121.8558717032652,67.74032599935602
16244,016244,1863.741408936456,1863.741408936456,1907.013643152467,1907.013643152467,2.005329759075146,-0.003650044106571175,-1.5887481757638633,-0.014656299128578557,-1.575956084520097,1.11944171485232,120.9702880538638,67.1682674453265
16251,016251,1859.633325720178,1859.633325720178,1926.337015754446,1926.337015754446,1.997003502293789,0.007118608021303436,-1.5655439822728348,-0.002684599072072188,-1.570856670035724,1.144582618675452,120.6792689337453,67.26448936786939
16253,016253,1842.404839758716,1842.404839758716,1934.754952608012,1934.754952608012,2.047493806442693,0.01132193851634119,-1.5412444667550063,0.030238908236011552,-1.5662469692397305,1.128173733560131,121.8558717032652,67.74032599935602
16254,016254,1842.404839758716,1842.404839758716,1934.754952608012,1934.754952608012,2.047493806442693,0.01132193851634119,-1.5412444667550063,0.030238908236011552,-1.5662469692397305,1.128173733560131,121.8558717032652,67.74032599935602
16284,016284,1842.404839758716,1842.404839758716,1934.754952608012,1934.754952608012,2.047493806442693,0.01132193851634119,-1.5412444667550063,0.030238908236011552,-1.5662469692397305,1.128173733560131,121.8558717032652,67.74032599935602
16299,016299,1842.404839758716,1842.404839758716,1934.754952608012,1934.754952608012,2.049676593409205,0.00840991717115261,-1.5282289359939825,0.030133228316926594,-1.5689091484340498,1.12962535674074,121.8558717032652,67.74032599935602
16303,016303,1857.34965296426,1857.34965296426,1917.924623722001,1917.924623722001,2.015306616523902,0.0004902130710700773,-1.5922332210785368,-0.014674245860053241,-1.5741902425771948,1.125060013269004,121.1604837134374,67.28731745081727
16305,016305,1857.479804288565,1857.479804288565,1922.888630990956,1922.888630990956,2.004635553476707,0.005137445956362164,-1.5580163224699002,-0.003123280124826136,-1.570022415777389,1.146133774946981,120.7571865009013,67.36403230763489
16320,016320,1866.254649589019,1866.254649589019,1919.254029415608,1919.254029415608,2.023073685447837,-0.001729120249509546,-1.5676469090071028,0.013673190861190706,-1.5633595192911118,1.129930671152837,120.0310462140434,66.95362481129119
16335,016335,1863.741408936456,1863.741408936456,1907.013643152467,1907.013643152467,2.00447886760607,-0.01270781496313672,-1.5188653261385996,0.01643271269900077,-1.5727766151929443,1.102109518675779,120.9702880538638,67.1682674453265
16351,016351,1857.479804288565,1857.479804288565,1922.888630990956,1922.888630990956,2.004635553476707,0.005137445956362164,-1.558016415459667,-0.0031506953783180715,-1.5647864995029954,1.146133774946981,120.7571865009013,67.36403230763489
16354,016354,1880.974214387733,1880.974214387733,1915.779220181504,1915.779220181504,1.977851236897697,-0.006727592148754134,-1.569591747497633,-0.01629538688615913,-1.5688506905097992,1.100166968750412,119.4299449008713,66.58945770112874
16382,016382,1863.741408936456,1863.741408936456,1907.013643152467,1907.013643152467,2.005329759075146,-0.003650044106571175,-1.5887481757638633,-0.014656299128578557,-1.575956084520097,1.11944171485232,120.9702880538638,67.1682674453265
16390,016390,1842.404839758716,1842.404839758716,1934.754952608012,1934.754952608012,2.047493806442693,0.01132193851634119,-1.5412444667550063,0.030238908236011552,-1.5662469692397305,1.128173733560131,121.8558717032652,67.74032599935602
16405,016405,1863.334264630649,1863.334264630649,1907.62696303471,1907.62696303471,2.015970272322051,0.008957195838649488,-1.5225925316185862,0.015377765957622191,-1.5681989866297787,1.131092790341723,121.100845132532,67.24295811544353
16435,016435,1859.746969636308,1859.746969636308,1914.204755444865,1914.204755444865,2.009231466004983,-0.002970823641278691,-1.5629319833589455,0.02952976018188684,-1.5422887360998494,1.136123277061316,120.581700743319,67.21490441580156
16440,016440,1846.470459745119,1846.470459745119,1934.237294246353,1934.237294246353,2.053116246097614,0.007127191254660563,-1.5532465545489462,0.04239655825563713,-1.585496144359086,1.126073558516028,121.8482000805993,67.76262613512169
16453,016453,1863.741408936456,1863.741408936456,1907.013643152467,1907.013643152467,2.00447886760607,-0.01270781496313672,-1.520610887543998,0.0164292314171461,-1.5728052951803733,1.102109518675779,120.9702880538638,67.1682674453265
16466,016466,1860.44342061537,1860.44342061537,1931.800446368316,1931.800446368316,2.014037351924079,-0.002481086856738699,-1.5657787946070796,0.024763195053972537,-1.5905180797729668,1.128847994220851,121.0847164834004,67.28639589561944
16491,016491,1846.470459745119,1846.470459745119,1934.237294246353,1934.237294246353,2.053116246097614,0.007127191254660563,-1.5532465545489462,0.04239655825563713,-1.585496144359086,1.126073558516028,121.8482000805993,67.76262613512169
16494,016494,1863.334264630649,1863.334264630649,1907.62696303471,1907.62696303471,2.015970272322051,0.008957195838649488,-1.5225925316185862,0.015377765957622191,-1.5681989866297787,1.131092790341723,121.100845132532,67.24295811544353
16516,016516,1846.470459745119,1846.470459745119,1934.237294246353,1934.237294246353,2.053116246097614,0.007127191254660563,-1.5532465545489462,0.04239655825563713,-1.585496144359086,1.126073558516028,121.8482000805993,67.76262613512169
16525,016525,1863.741408936456,1863.741408936456,1907.013643152467,1907.013643152467,2.005329759075146,-0.003650044106571175,-1.5887481757638633,-0.014656299128578557,-1.575956084520097,1.11944171485232,120.9702880538638,67.1682674453265
16531,016531,1857.479804288565,1857.479804288565,1922.888630990956,1922.888630990956,2.004635553476707,0.005137445956362164,-1.558016415459667,-0.0031506953783180715,-1.5647864995029954,1.146133774946981,120.7571865009013,67.36403230763489
16540,016540,1846.470459745119,1846.470459745119,1934.237294246353,1934.237294246353,2.053116246097614,0.007127191254660563,-1.5532465545489462,0.04239655825563713,-1.585496144359086,1.126073558516028,121.8482000805993,67.76262613512169
16542,016542,1863.334264630649,1863.334264630649,1907.62696303471,1907.62696303471,2.015970272322051,0.008957195838649488,-1.5225925316185862,0.015377765957622191,-1.5681989866297787,1.131092790341723,121.100845132532,67.24295811544353
16546,016546,1866.254649589019,1866.254649589019,1919.254029415608,1919.254029415608,2.022382969590999,-0.003597953696000636,-1.5700586556197347,0.014603913747234055,-1.5640112962393267,1.130147879676854,120.0310462140434,66.95362481129119
16561,016561,1863.741408936456,1863.741408936456,1907.013643152467,1907.013643152467,2.00447886760607,-0.01270781496313672,-1.5188653261385996,0.01643271269900077,-1.5727766151929443,1.102109518675779,120.9702880538638,67.1682674453265
16602,016602,1857.479804288565,1857.479804288565,1922.888630990956,1922.888630990956,2.004635553476707,0.005137445956362164,-1.558016415459667,-0.0031506953783180715,-1.5647864995029954,1.146133774946981,120.7571865009013,67.36403230763489
16613,016613,1857.34965296426,1857.34965296426,1917.924623722001,1917.924623722001,2.015306616523902,0.0004902130710700773,-1.5922332210785368,-0.014674245860053241,-1.5741902425771948,1.125060013269004,121.1604837134374,67.28731745081727
16621,016621,1880.974214387733,1880.974214387733,1915.779220181504,1915.779220181504,1.977851236897697,-0.006727592148754134,-1.569591747497633,-0.01629538688615913,-1.5688506905097992,1.100166968750412,119.4299449008713,66.58945770112874
16629,016629,1863.741408936456,1863.741408936456,1907.013643152467,1907.013643152467,2.00447886760607,-0.01270781496313672,-1.5188653261385996,0.01643271269900077,-1.5727766151929443,1.102109518675779,120.9702880538638,67.1682674453265
16636,016636,1866.254649589019,1866.254649589019,1919.254029415608,1919.254029415608,2.023073685447837,-0.001729120249509546,-1.569392313614426,0.013692241791982286,-1.5651287137304093,1.129930671152837,120.0310462140434,66.95362481129119
16640,016640,1846.470459745119,1846.470459745119,1934.237294246353,1934.237294246353,2.053116246097614,0.007127191254660563,-1.5532465545489462,0.04239655825563713,-1.585496144359086,1.126073558516028,121.8482000805993,67.76262613512169
16645,016645,1842.404839758716,1842.404839758716,1934.754952608012,1934.754952608012,2.047493806442693,0.01132193851634119,-1.5412444667550063,0.030238908236011552,-1.5662469692397305,1.128173733560131,121.8558717032652,67.74032599935602
16665,016665,1857.479804288565,1857.479804288565,1922.888630990956,1922.888630990956,2.004635553476707,0.005137445956362164,-1.5510357394219714,-0.003256540141911394,-1.5595730426885313,1.146133774946981,120.7571865009013,67.36403230763489
16666,016666,1842.404839758716,1842.404839758716,1934.754952608012,1934.754952608012,2.047493806442693,0.01132193851634119,-1.5412444667550063,0.030238908236011552,-1.5662469692397305,1.128173733560131,121.8558717032652,67.74032599935602
16721,016721,1857.34965296426,1857.34965296426,1917.924623722001,1917.924623722001,2.015306616523902,0.0004902130710700773,-1.5922332470746603,-0.014668153580254308,-1.5759355608146708,1.125060013269004,121.1604837134374,67.28731745081727
16724,016724,1846.470459745119,1846.470459745119,1934.237294246353,1934.237294246353,2.053116246097614,0.007127191254660563,-1.5532465545489462,0.04239655825563713,-1.585496144359086,1.126073558516028,121.8482000805993,67.76262613512169
16726,016726,1842.404839758716,1842.404839758716,1934.754952608012,1934.754952608012,2.049676593409205,0.00840991717115261,-1.5282289359939825,0.030133228316926594,-1.5689091484340498,1.12962535674074,121.8558717032652,67.74032599935602
16734,016734,1857.34965296426,1857.34965296426,1917.924623722001,1917.924623722001,2.015306616523902,0.0004902130710700773,-1.5922332210785368,-0.014674245860053241,-1.5741902425771948,1.125060013269004,121.1604837134374,67.28731745081727
16736,016736,1863.334264630649,1863.334264630649,1907.62696303471,1907.62696303471,2.015970272322051,0.008957195838649488,-1.5225925316185862,0.015377765957622191,-1.5681989866297787,1.131092790341723,121.100845132532,67.24295811544353
16745,016745,1846.470459745119,1846.470459745119,1934.237294246353,1934.237294246353,2.053116246097614,0.007127191254660563,-1.5532465545489462,0.04239655825563713,-1.585496144359086,1.126073558516028,121.8482000805993,67.76262613512169
16762,016762,1880.974214387733,1880.974214387733,1915.779220181504,1915.779220181504,1.977851236897697,-0.006727592148754134,-1.569591747497633,-0.01629538688615913,-1.5688506905097992,1.100166968750412,119.4299449008713,66.58945770112874
16776,016776,1842.404839758716,1842.404839758716,1934.754952608012,1934.754952608012,2.047493806442693,0.01132193851634119,-1.5412444667550063,0.030238908236011552,-1.5662469692397305,1.128173733560131,121.8558717032652,67.74032599935602
16779,016779,1866.254649589019,1866.254649589019,1919.254029415608,1919.254029415608,2.023073685447837,-0.001729120249509546,-1.5676469090071028,0.013673190861190706,-1.5633595192911118,1.129930671152837,120.0310462140434,66.95362481129119
16795,016795,1847.919204237398,1847.919204237398,1921.263788490785,1921.263788490785,2.044438354629837,-0.006856317126254376,-1.5601564303701785,0.017940294738900124,-1.5414667740539971,1.124371377834915,121.2376221304691,67.59771650670672
16821,016821,1863.741408936456,1863.741408936456,1907.013643152467,1907.013643152467,2.00447886760607,-0.01270781496313672,-1.5188653261385996,0.01643271269900077,-1.5727766151929443,1.102109518675779,120.9702880538638,67.1682674453265
16874,016874,1859.633325720178,1859.633325720178,1926.337015754446,1926.337015754446,1.997003502293789,0.007118608021303436,-1.5655439822728348,-0.002684599072072188,-1.570856670035724,1.144582618675452,120.6792689337453,67.26448936786939
16877,016877,1846.470459745119,1846.470459745119,1934.237294246353,1934.237294246353,2.053116246097614,0.007127191254660563,-1.5532465545489462,0.04239655825563713,-1.585496144359086,1.126073558516028,121.8482000805993,67.76262613512169
16881,016881,1860.44342061537,1860.44342061537,1931.800446368316,1931.800446368316,2.015408304393497,-0.0003830991732733452,-1.5666469810877037,0.024691876202095925,-1.593157160429589,1.13414802111517,121.0847164834004,67.28639589561944
16883,016883,1866.254649589019,1866.254649589019,1919.254029415608,1919.254029415608,2.023073685447837,-0.001729120249509546,-1.569392313614426,0.013692241791982286,-1.5651287137304093,1.129930671152837,120.0310462140434,66.95362481129119
16884,016884,1880.974214387733,1880.974214387733,1915.779220181504,1915.779220181504,1.977851236897697,-0.006727592148754134,-1.569591747497633,-0.01629538688615913,-1.5688506905097992,1.100166968750412,119.4299449008713,66.58945770112874
16909,016909,1863.334264630649,1863.334264630649,1907.62696303471,1907.62696303471,2.015970272322051,0.008957195838649488,-1.5225925316185862,0.015377765957622191,-1.5681989866297787,1.131092790341723,121.100845132532,67.24295811544353
16912,016912,1859.633325720178,1859.633325720178,1926.337015754446,1926.337015754446,1.997003502293789,0.007118608021303436,-1.5655439822728348,-0.002684599072072188,-1.570856670035724,1.144582618675452,120.6792689337453,67.26448936786939
16930,016930,1866.254649589019,1866.254649589019,1919.254029415608,1919.254029415608,2.023073685447837,-0.001729120249509546,-1.569392313614426,0.013692241791982286,-1.5651287137304093,1.129930671152837,120.0310462140434,66.95362481129119
16935,016935,1857.34965296426,1857.34965296426,1917.924623722001,1917.924623722001,2.015306616523902,0.0004902130710700773,-1.5922332470746603,-0.014668153580254308,-1.5759355608146708,1.125060013269004,121.1604837134374,67.28731745081727
16936,016936,1859.746969636308,1859.746969636308,1914.204755444865,1914.204755444865,2.009231466004983,-0.002970823641278691,-1.5629319833589455,0.02952976018188684,-1.5422887360998494,1.136123277061316,120.581700743319,67.21490441580156
16941,016941,1863.741408936456,1863.741408936456,1907.013643152467,1907.013643152467,2.005329759075146,-0.003650044106571175,-1.5887481757638633,-0.014656299128578557,-1.575956084520097,1.11944171485232,120.9702880538638,67.1682674453265
16947,016947,1842.404839758716,1842.404839758716,1934.754952608012,1934.754952608012,2.047493806442693,0.01132193851634119,-1.5412444667550063,0.030238908236011552,-1.5662469692397305,1.128173733560131,121.8558717032652,67.74032599935602
16951,016951,1866.254649589019,1866.254649589019,1919.254029415608,1919.254029415608,2.023073685447837,-0.001729120249509546,-1.569392313614426,0.013692241791982286,-1.5651287137304093,1.129930671152837,120.0310462140434,66.95362481129119
16962,016962,1858.597086427252,1858.597086427252,1924.42584741907,1924.42584741907,2.029652670668384,0.006069991084438096,-1.5481785083094486,0.042104190812269744,-1.5829092444598964,1.133153905263153,121.4569399168275,67.46593912807965
16966,016966,1847.919204237398,1847.919204237398,1921.263788490785,1921.263788490785,2.044438354629837,-0.006856317126254376,-1.5601564303701785,0.017940294738900124,-1.5414667740539971,1.124371377834915,121.2376221304691,67.59771650670672
16972,016972,1866.254649589019,1866.254649589019,1919.254029415608,1919.254029415608,2.023073685447837,-0.001729120249509546,-1.569392313614426,0.013692241791982286,-1.5651287137304093,1.129930671152837,120.0310462140434,66.95362481129119
16993,016993,1880.974214387733,1880.974214387733,1915.779220181504,1915.779220181504,1.977851236897697,-0.006727592148754134,-1.5713373051013404,-0.016291966292714507,-1.5688222502099622,1.100166968750412,119.4299449008713,66.58945770112874
16996,016996,1857.34965296426,1857.34965296426,1917.924623722001,1917.924623722001,2.015306616523902,0.0004902130710700773,-1.5922332210785368,-0.014674245860053241,-1.5741902425771948,1.125060013269004,121.1604837134374,67.28731745081727
16997,016997,1860.44342061537,1860.44342061537,1931.800446368316,1931.800446368316,2.014037351924079,-0.002481086856738699,-1.5657787946070796,0.024763195053972537,-1.5905180797729668,1.128847994220851,121.0847164834004,67.28639589561944
17007,017007,1858.597086427252,1858.597086427252,1924.42584741907,1924.42584741907,2.029652670668384,0.006069991084438096,-1.551672000605969,0.04206165324630392,-1.5795655590792688,1.133153905263153,121.4569399168275,67.46593912807965
17029,017029,1846.470459745119,1846.470459745119,1934.237294246353,1934.237294246353,2.053116246097614,0.007127191254660563,-1.5532465545489462,0.04239655825563713,-1.585496144359086,1.126073558516028,121.8482000805993,67.76262613512169
17034,017034,1866.254649589019,1866.254649589019,1919.254029415608,1919.254029415608,2.023073685447837,-0.001729120249509546,-1.569392313614426,0.013692241791982286,-1.5651287137304093,1.129930671152837,120.0310462140434,66.95362481129119
17059,017059,1857.34965296426,1857.34965296426,1917.924623722001,1917.924623722001,2.015306616523902,0.0004902130710700773,-1.5922332210785368,-0.014674245860053241,-1.5741902425771948,1.125060013269004,121.1604837134374,67.28731745081727
17061,017061,1847.919204237398,1847.919204237398,1921.263788490785,1921.263788490785,2.044438354629837,-0.006856317126254376,-1.5601564303701785,0.017940294738900124,-1.5414667740539971,1.124371377834915,121.2376221304691,67.59771650670672
17062,017062,1866.254649589019,1866.254649589019,1919.254029415608,1919.254029415608,2.023073685447837,-0.001729120249509546,-1.5676469090071028,0.013673190861190706,-1.5633595192911118,1.129930671152837,120.0310462140434,66.95362481129119
17064,017064,1863.741408936456,1863.741408936456,1907.013643152467,1907.013643152467,2.005329759075146,-0.003650044106571175,-1.5887481757638633,-0.014656299128578557,-1.575956084520097,1.11944171485232,120.9702880538638,67.1682674453265
17067,017067,1842.404839758716,1842.404839758716,1934.754952608012,1934.754952608012,2.047493806442693,0.01132193851634119,-1.5412444667550063,0.030238908236011552,-1.5662469692397305,1.128173733560131,121.8558717032652,67.74032599935602
17078,017078,1866.254649589019,1866.254649589019,1919.254029415608,1919.254029415608,2.023073685447837,-0.001729120249509546,-1.569392313614426,0.013692241791982286,-1.5651287137304093,1.129930671152837,120.0310462140434,66.95362481129119
17090,017090,1842.404839758716,1842.404839758716,1934.754952608012,1934.754952608012,2.049676593409205,0.00840991717115261,-1.5282289359939825,0.030133228316926594,-1.5689091484340498,1.12962535674074,121.8558717032652,67.74032599935602
17096,017096,1857.34965296426,1857.34965296426,1917.924623722001,1917.924623722001,2.015306616523902,0.0004902130710700773,-1.5922332210785368,-0.014674245860053241,-1.5741902425771948,1.125060013269004,121.1604837134374,67.28731745081727
17099,017099,1863.741408936456,1863.741408936456,1907.013643152467,1907.013643152467,2.00447886760607,-0.01270781496313672,-1.5188653261385996,0.01643271269900077,-1.5727766151929443,1.102109518675779,120.9702880538638,67.1682674453265
17101,017101,1857.34965296426,1857.34965296426,1917.924623722001,1917.924623722001,2.015306616523902,0.0004902130710700773,-1.5922332470746603,-0.014668153580254308,-1.5759355608146708,1.125060013269004,121.1604837134374,67.28731745081727
17116,017116,1846.470459745119,1846.470459745119,1934.237294246353,1934.237294246353,2.053116246097614,0.007127191254660563,-1.5532465545489462,0.04239655825563713,-1.585496144359086,1.126073558516028,121.8482000805993,67.76262613512169
17118,017118,1866.254649589019,1866.254649589019,1919.254029415608,1919.254029415608,2.023073685447837,-0.001729120249509546,-1.569392313614426,0.013692241791982286,-1.5651287137304093,1.129930671152837,120.0310462140434,66.95362481129119
17120,017120,1846.470459745119,1846.470459745119,1934.237294246353,1934.237294246353,2.053116246097614,0.007127191254660563,-1.5532465545489462,0.04239655825563713,-1.585496144359086,1.126073558516028,121.8482000805993,67.76262613512169
17139,017139,1863.334264630649,1863.334264630649,1907.62696303471,1907.62696303471,2.015970272322051,0.008957195838649488,-1.5225925316185862,0.015377765957622191,-1.5681989866297787,1.131092790341723,121.100845132532,67.24295811544353
17152,017152,1880.974214387733,1880.974214387733,1915.779220181504,1915.779220181504,1.977851236897697,-0.006727592148754134,-1.569591747497633,-0.01629538688615913,-1.5688506905097992,1.100166968750412,119.4299449008713,66.58945770112874
17159,017159,1859.746969636308,1859.746969636308,1914.204755444865,1914.204755444865,2.009231466004983,-0.002970823641278691,-1.5629319833589455,0.02952976018188684,-1.5422887360998494,1.136123277061316,120.581700743319,67.21490441580156
17166,017166,1863.741408936456,1863.741408936456,1907.013643152467,1907.013643152467,2.00447886760607,-0.01270781496313672,-1.520610887543998,0.0164292314171461,-1.5728052951803733,1.102109518675779,120.9702880538638,67.1682674453265
17186,017186,1842.404839758716,1842.404839758716,1934.754952608012,1934.754952608012,2.047493806442693,0.01132193851634119,-1.5412444667550063,0.030238908236011552,-1.5662469692397305,1.128173733560131,121.8558717032652,67.74032599935602
17206,017206,1863.741408936456,1863.741408936456,1907.013643152467,1907.013643152467,2.00447886760607,-0.01270781496313672,-1.5188653261385996,0.01643271269900077,-1.5727766151929443,1.102109518675779,120.9702880538638,67.1682674453265
17212,017212,1842.404839758716,1842.404839758716,1934.754952608012,1934.754952608012,2.049676593409205,0.00840991717115261,-1.5282289359939825,0.030133228316926594,-1.5689091484340498,1.12962535674074,121.8558717032652,67.74032599935602
17220,017220,1860.44342061537,1860.44342061537,1931.800446368316,1931.800446368316,2.014037351924079,-0.002481086856738699,-1.5657787946070796,0.024763195053972537,-1.5905180797729668,1.128847994220851,121.0847164834004,67.28639589561944
17221,017221,1863.741408936456,1863.741408936456,1907.013643152467,1907.013643152467,2.00447886760607,-0.01270781496313672,-1.5188653261385996,0.01643271269900077,-1.5727766151929443,1.102109518675779,120.9702880538638,67.1682674453265
17240,017240,1863.741408936456,1863.741408936456,1907.013643152467,1907.013643152467,2.00447886760607,-0.01270781496313672,-1.5188653261385996,0.01643271269900077,-1.5727766151929443,1.102109518675779,120.9702880538638,67.1682674453265
17252,017252,1842.404839758716,1842.404839758716,1934.754952608012,1934.754952608012,2.049676593409205,0.00840991717115261,-1.5282289359939825,0.030133228316926594,-1.5689091484340498,1.12962535674074,121.8558717032652,67.74032599935602
17253,017253,1863.334264630649,1863.334264630649,1907.62696303471,1907.62696303471,2.015970272322051,0.008957195838649488,-1.5225925316185862,0.015377765957622191,-1.5681989866297787,1.131092790341723,121.100845132532,67.24295811544353
17275,017275,1863.741408936456,1863.741408936456,1907.013643152467,1907.013643152467,2.005329759075146,-0.003650044106571175,-1.5887481757638633,-0.014656299128578557,-1.575956084520097,1.11944171485232,120.9702880538638,67.1682674453265
17299,017299,1880.974214387733,1880.974214387733,1915.779220181504,1915.779220181504,1.977851236897697,-0.006727592148754134,-1.5713373051013404,-0.016291966292714507,-1.5688222502099622,1.100166968750412,119.4299449008713,66.58945770112874
17306,017306,1880.974214387733,1880.974214387733,1915.779220181504,1915.779220181504,1.977851236897697,-0.006727592148754134,-1.569591747497633,-0.01629538688615913,-1.5688506905097992,1.100166968750412,119.4299449008713,66.58945770112874
17321,017321,1857.479804288565,1857.479804288565,1922.888630990956,1922.888630990956,2.004635553476707,0.005137445956362164,-1.558016415459667,-0.0031506953783180715,-1.5647864995029954,1.146133774946981,120.7571865009013,67.36403230763489
17331,017331,1842.404839758716,1842.404839758716,1934.754952608012,1934.754952608012,2.047493806442693,0.01132193851634119,-1.5412444667550063,0.030238908236011552,-1.5662469692397305,1.128173733560131,121.8558717032652,67.74032599935602
17344,017344,1857.479804288565,1857.479804288565,1922.888630990956,1922.888630990956,2.004635553476707,0.005137445956362164,-1.558016415459667,-0.0031506953783180715,-1.5647864995029954,1.146133774946981,120.7571865009013,67.36403230763489
17351,017351,1866.254649589019,1866.254649589019,1919.254029415608,1919.254029415608,2.023073685447837,-0.001729120249509546,-1.569392313614426,0.013692241791982286,-1.5651287137304093,1.129930671152837,120.0310462140434,66.95362481129119
17356,017356,1863.741408936456,1863.741408936456,1907.013643152467,1907.013643152467,2.00447886760607,-0.01270781496313672,-1.520610887543998,0.0164292314171461,-1.5728052951803733,1.102109518675779,120.9702880538638,67.1682674453265
17361,017361,1842.404839758716,1842.404839758716,1934.754952608012,1934.754952608012,2.049676593409205,0.00840991717115261,-1.5282289359939825,0.030133228316926594,-1.5689091484340498,1.12962535674074,121.8558717032652,67.74032599935602
17390,017390,1846.470459745119,1846.470459745119,1934.237294246353,1934.237294246353,2.053116246097614,0.007127191254660563,-1.5532465545489462,0.04239655825563713,-1.585496144359086,1.126073558516028,121.8482000805993,67.76262613512169
17398,017398,1842.404839758716,1842.404839758716,1934.754952608012,1934.754952608012,2.049676593409205,0.00840991717115261,-1.5282289359939825,0.030133228316926594,-1.5689091484340498,1.12962535674074,121.8558717032652,67.74032599935602
17402,017402,1857.479804288565,1857.479804288565,1922.888630990956,1922.888630990956,2.004635553476707,0.005137445956362164,-1.558016415459667,-0.0031506953783180715,-1.5647864995029954,1.146133774946981,120.7571865009013,67.36403230763489
17403,017403,1863.741408936456,1863.741408936456,1907.013643152467,1907.013643152467,2.005329759075146,-0.003650044106571175,-1.5887481757638633,-0.014656299128578557,-1.575956084520097,1.11944171485232,120.9702880538638,67.1682674453265
17425,017425,1842.404839758716,1842.404839758716,1934.754952608012,1934.754952608012,2.047493806442693,0.01132193851634119,-1.5412444667550063,0.030238908236011552,-1.5662469692397305,1.128173733560131,121.8558717032652,67.74032599935602
17429,017429,1863.334264630649,1863.334264630649,1907.62696303471,1907.62696303471,2.015970272322051,0.008957195838649488,-1.5225925316185862,0.015377765957622191,-1.5681989866297787,1.131092790341723,121.100845132532,67.24295811544353
17431,017431,1863.741408936456,1863.741408936456,1907.013643152467,1907.013643152467,2.00447886760607,-0.01270781496313672,-1.5188653261385996,0.01643271269900077,-1.5727766151929443,1.102109518675779,120.9702880538638,67.1682674453265
17493,017493,1842.404839758716,1842.404839758716,1934.754952608012,1934.754952608012,2.047493806442693,0.01132193851634119,-1.5412444667550063,0.030238908236011552,-1.5662469692397305,1.128173733560131,121.8558717032652,67.74032599935602
17503,017503,1842.404839758716,1842.404839758716,1934.754952608012,1934.754952608012,2.045975662868765,-0.002400173486311045,-1.55338857412205,0.01825416843181658,-1.577136067995388,1.130651936362605,121.8558717032652,67.74032599935602
17532,017532,1846.470459745119,1846.470459745119,1934.237294246353,1934.237294246353,2.053116246097614,0.007127191254660563,-1.5532465545489462,0.04239655825563713,-1.585496144359086,1.126073558516028,121.8482000805993,67.76262613512169
17538,017538,1863.741408936456,1863.741408936456,1907.013643152467,1907.013643152467,2.005329759075146,-0.003650044106571175,-1.5887481941415185,-0.014653253011738941,-1.5777014108444942,1.11944171485232,120.9702880538638,67.1682674453265
17544,017544,1880.974214387733,1880.974214387733,1915.779220181504,1915.779220181504,1.977851236897697,-0.006727592148754134,-1.5713373051013404,-0.016291966292714507,-1.5688222502099622,1.100166968750412,119.4299449008713,66.58945770112874
17554,017554,1859.746969636308,1859.746969636308,1914.204755444865,1914.204755444865,2.009231466004983,-0.002970823641278691,-1.5629319833589455,0.02952976018188684,-1.5422887360998494,1.136123277061316,120.581700743319,67.21490441580156
17559,017559,1858.597086427252,1858.597086427252,1924.42584741907,1924.42584741907,2.029652670668384,0.006069991084438096,-1.5481785083094486,0.042104190812269744,-1.5829092444598964,1.133153905263153,121.4569399168275,67.46593912807965
17567,017567,1863.741408936456,1863.741408936456,1907.013643152467,1907.013643152467,2.00447886760607,-0.01270781496313672,-1.5188653261385996,0.01643271269900077,-1.5727766151929443,1.102109518675779,120.9702880538638,67.1682674453265
17572,017572,1857.34965296426,1857.34965296426,1917.924623722001,1917.924623722001,2.015306616523902,0.0004902130710700773,-1.5922332210785368,-0.014674245860053241,-1.5741902425771948,1.125060013269004,121.1604837134374,67.28731745081727
17573,017573,1859.633325720178,1859.633325720178,1926.337015754446,1926.337015754446,1.997003502293789,0.007118608021303436,-1.5655439822728348,-0.002684599072072188,-1.570856670035724,1.144582618675452,120.6792689337453,67.26448936786939
17578,017578,1866.254649589019,1866.254649589019,1919.254029415608,1919.254029415608,2.022382969590999,-0.003597953696000636,-1.5700586556197347,0.014603913747234055,-1.5640112962393267,1.130147879676854,120.0310462140434,66.95362481129119
17606,017606,1863.741408936456,1863.741408936456,1907.013643152467,1907.013643152467,2.00447886760607,-0.01270781496313672,-1.5188653261385996,0.01643271269900077,-1.5727766151929443,1.102109518675779,120.9702880538638,67.1682674453265
17609,017609,1842.404839758716,1842.404839758716,1934.754952608012,1934.754952608012,2.047493806442693,0.01132193851634119,-1.5412444667550063,0.030238908236011552,-1.5662469692397305,1.128173733560131,121.8558717032652,67.74032599935602
17613,017613,1863.334264630649,1863.334264630649,1907.62696303471,1907.62696303471,2.015970272322051,0.008957195838649488,-1.5225925316185862,0.015377765957622191,-1.5681989866297787,1.131092790341723,121.100845132532,67.24295811544353
17649,017649,1880.974214387733,1880.974214387733,1915.779220181504,1915.779220181504,1.977851236897697,-0.006727592148754134,-1.569591747497633,-0.01629538688615913,-1.5688506905097992,1.100166968750412,119.4299449008713,66.58945770112874
17659,017659,1846.470459745119,1846.470459745119,1934.237294246353,1934.237294246353,2.053116246097614,0.007127191254660563,-1.5532465545489462,0.04239655825563713,-1.585496144359086,1.126073558516028,121.8482000805993,67.76262613512169
17669,017669,1846.470459745119,1846.470459745119,1934.237294246353,1934.237294246353,2.053116246097614,0.007127191254660563,-1.5532465545489462,0.04239655825563713,-1.585496144359086,1.126073558516028,121.8482000805993,67.76262613512169
17670,017670,1880.974214387733,1880.974214387733,1915.779220181504,1915.779220181504,1.977851236897697,-0.006727592148754134,-1.5695917278837737,-0.016277110187861606,-1.570595924383754,1.100166968750412,119.4299449008713,66.58945770112874
17704,017704,1847.919204237398,1847.919204237398,1921.263788490785,1921.263788490785,2.044438354629837,-0.006856317126254376,-1.5601557581409167,0.017964654651584994,-1.5449573354257424,1.124371377834915,121.2376221304691,67.59771650670672
17706,017706,1880.974214387733,1880.974214387733,1915.779220181504,1915.779220181504,1.977851236897697,-0.006727592148754134,-1.569591747497633,-0.01629538688615913,-1.5688506905097992,1.100166968750412,119.4299449008713,66.58945770112874
17708,017708,1842.404839758716,1842.404839758716,1934.754952608012,1934.754952608012,2.047493806442693,0.01132193851634119,-1.5412444667550063,0.030238908236011552,-1.5662469692397305,1.128173733560131,121.8558717032652,67.74032599935602
17714,017714,1857.34965296426,1857.34965296426,1917.924623722001,1917.924623722001,2.015306616523902,0.0004902130710700773,-1.5922332210785368,-0.014674245860053241,-1.5741902425771948,1.125060013269004,121.1604837134374,67.28731745081727
17723,017723,1846.470459745119,1846.470459745119,1934.237294246353,1934.237294246353,2.053116246097614,0.007127191254660563,-1.5532465545489462,0.04239655825563713,-1.585496144359086,1.126073558516028,121.8482000805993,67.76262613512169
17725,017725,1857.479804288565,1857.479804288565,1922.888630990956,1922.888630990956,2.004635553476707,0.005137445956362164,-1.5510357394219714,-0.003256540141911394,-1.5595730426885313,1.146133774946981,120.7571865009013,67.36403230763489
17735,017735,1866.254649589019,1866.254649589019,1919.254029415608,1919.254029415608,2.023073685447837,-0.001729120249509546,-1.5676469090071028,0.013673190861190706,-1.5633595192911118,1.129930671152837,120.0310462140434,66.95362481129119
17737,017737,1863.334264630649,1863.334264630649,1907.62696303471,1907.62696303471,2.015970272322051,0.008957195838649488,-1.5225925316185862,0.015377765957622191,-1.5681989866297787,1.131092790341723,121.100845132532,67.24295811544353
17765,017765,1859.746969636308,1859.746969636308,1914.204755444865,1914.204755444865,2.009231466004983,-0.002970823641278691,-1.5629319833589455,0.02952976018188684,-1.5422887360998494,1.136123277061316,120.581700743319,67.21490441580156
17775,017775,1857.479804288565,1857.479804288565,1922.888630990956,1922.888630990956,2.004635553476707,0.005137445956362164,-1.5510357394219714,-0.003256540141911394,-1.5595730426885313,1.146133774946981,120.7571865009013,67.36403230763489
17790,017790,1842.404839758716,1842.404839758716,1934.754952608012,1934.754952608012,2.047493806442693,0.01132193851634119,-1.5412444667550063,0.030238908236011552,-1.5662469692397305,1.128173733560131,121.8558717032652,67.74032599935602
17808,017808,1866.254649589019,1866.254649589019,1919.254029415608,1919.254029415608,2.023073685447837,-0.001729120249509546,-1.569392313614426,0.013692241791982286,-1.5651287137304093,1.129930671152837,120.0310462140434,66.95362481129119
17834,017834,1842.404839758716,1842.404839758716,1934.754952608012,1934.754952608012,2.047493806442693,0.01132193851634119,-1.5412444667550063,0.030238908236011552,-1.5662469692397305,1.128173733560131,121.8558717032652,67.74032599935602
17843,017843,1866.254649589019,1866.254649589019,1919.254029415608,1919.254029415608,2.022382969590999,-0.003597953696000636,-1.5700586556197347,0.014603913747234055,-1.5640112962393267,1.130147879676854,120.0310462140434,66.95362481129119
17865,017865,1880.974214387733,1880.974214387733,1915.779220181504,1915.779220181504,1.977851236897697,-0.006727592148754134,-1.569591747497633,-0.01629538688615913,-1.5688506905097992,1.100166968750412,119.4299449008713,66.58945770112874
17867,017867,1846.470459745119,1846.470459745119,1934.237294246353,1934.237294246353,2.053116246097614,0.007127191254660563,-1.5532465545489462,0.04239655825563713,-1.585496144359086,1.126073558516028,121.8482000805993,67.76262613512169
17879,017879,1846.470459745119,1846.470459745119,1934.237294246353,1934.237294246353,2.053116246097614,0.007127191254660563,-1.5532465545489462,0.04239655825563713,-1.585496144359086,1.126073558516028,121.8482000805993,67.76262613512169
17897,017897,1863.741408936456,1863.741408936456,1907.013643152467,1907.013643152467,2.00447886760607,-0.01270781496313672,-1.5188653261385996,0.01643271269900077,-1.5727766151929443,1.102109518675779,120.9702880538638,67.1682674453265
17915,017915,1863.741408936456,1863.741408936456,1907.013643152467,1907.013643152467,2.005329759075146,-0.003650044106571175,-1.5887481757638633,-0.014656299128578557,-1.575956084520097,1.11944171485232,120.9702880538638,67.1682674453265
17949,017949,1863.741408936456,1863.741408936456,1907.013643152467,1907.013643152467,2.00447886760607,-0.01270781496313672,-1.5188653261385996,0.01643271269900077,-1.5727766151929443,1.102109518675779,120.9702880538638,67.1682674453265
17958,017958,1857.34965296426,1857.34965296426,1917.924623722001,1917.924623722001,2.015306616523902,0.0004902130710700773,-1.5922332210785368,-0.014674245860053241,-1.5741902425771948,1.125060013269004,121.1604837134374,67.28731745081727
17963,017963,1859.746969636308,1859.746969636308,1914.204755444865,1914.204755444865,2.009231466004983,-0.002970823641278691,-1.5629319833589455,0.02952976018188684,-1.5422887360998494,1.136123277061316,120.581700743319,67.21490441580156
17977,017977,1863.741408936456,1863.741408936456,1907.013643152467,1907.013643152467,2.00447886760607,-0.01270781496313672,-1.5188653261385996,0.01643271269900077,-1.5727766151929443,1.102109518675779,120.9702880538638,67.1682674453265
17987,017987,1842.404839758716,1842.404839758716,1934.754952608012,1934.754952608012,2.047493806442693,0.01132193851634119,-1.5412444667550063,0.030238908236011552,-1.5662469692397305,1.128173733560131,121.8558717032652,67.74032599935602
17989,017989,1842.404839758716,1842.404839758716,1934.754952608012,1934.754952608012,2.047493806442693,0.01132193851634119,-1.5412444667550063,0.030238908236011552,-1.5662469692397305,1.128173733560131,121.8558717032652,67.74032599935602
17998,017998,1863.334264630649,1863.334264630649,1907.62696303471,1907.62696303471,2.015970272322051,0.008957195838649488,-1.5225925316185862,0.015377765957622191,-1.5681989866297787,1.131092790341723,121.100845132532,67.24295811544353
18002,018002,1857.479804288565,1857.479804288565,1922.888630990956,1922.888630990956,2.004635553476707,0.005137445956362164,-1.558016415459667,-0.0031506953783180715,-1.5647864995029954,1.146133774946981,120.7571865009013,67.36403230763489
18011,018011,1858.597086427252,1858.597086427252,1924.42584741907,1924.42584741907,2.029652670668384,0.006069991084438096,-1.5481785083094486,0.042104190812269744,-1.5829092444598964,1.133153905263153,121.4569399168275,67.46593912807965
18012,018012,1863.741408936456,1863.741408936456,1907.013643152467,1907.013643152467,2.00447886760607,-0.01270781496313672,-1.5188653261385996,0.01643271269900077,-1.5727766151929443,1.102109518675779,120.9702880538638,67.1682674453265
18014,018014,1863.741408936456,1863.741408936456,1907.013643152467,1907.013643152467,2.005329759075146,-0.003650044106571175,-1.5887481757638633,-0.014656299128578557,-1.575956084520097,1.11944171485232,120.9702880538638,67.1682674453265
18023,018023,1842.404839758716,1842.404839758716,1934.754952608012,1934.754952608012,2.049676593409205,0.00840991717115261,-1.5282289359939825,0.030133228316926594,-1.5689091484340498,1.12962535674074,121.8558717032652,67.74032599935602
18024,018024,1857.479804288565,1857.479804288565,1922.888630990956,1922.888630990956,2.004635553476707,0.005137445956362164,-1.558016415459667,-0.0031506953783180715,-1.5647864995029954,1.146133774946981,120.7571865009013,67.36403230763489
18025,018025,1866.254649589019,1866.254649589019,1919.254029415608,1919.254029415608,2.023073685447837,-0.001729120249509546,-1.569392313614426,0.013692241791982286,-1.5651287137304093,1.129930671152837,120.0310462140434,66.95362481129119
18029,018029,1857.34965296426,1857.34965296426,1917.924623722001,1917.924623722001,2.015306616523902,0.0004902130710700773,-1.5922332470746603,-0.014668153580254308,-1.5759355608146708,1.125060013269004,121.1604837134374,67.28731745081727
18030,018030,1863.741408936456,1863.741408936456,1907.013643152467,1907.013643152467,2.00447886760607,-0.01270781496313672,-1.5188653261385996,0.01643271269900077,-1.5727766151929443,1.102109518675779,120.9702880538638,67.1682674453265
18037,018037,1842.404839758716,1842.404839758716,1934.754952608012,1934.754952608012,2.049676593409205,0.00840991717115261,-1.5282289359939825,0.030133228316926594,-1.5689091484340498,1.12962535674074,121.8558717032652,67.74032599935602
18038,018038,1846.470459745119,1846.470459745119,1934.237294246353,1934.237294246353,2.053116246097614,0.007127191254660563,-1.5532465545489462,0.04239655825563713,-1.585496144359086,1.126073558516028,121.8482000805993,67.76262613512169
18051,018051,1846.470459745119,1846.470459745119,1934.237294246353,1934.237294246353,2.053116246097614,0.007127191254660563,-1.5532465545489462,0.04239655825563713,-1.585496144359086,1.126073558516028,121.8482000805993,67.76262613512169
18076,018076,1863.741408936456,1863.741408936456,1907.013643152467,1907.013643152467,2.00447886760607,-0.01270781496313672,-1.5188653261385996,0.01643271269900077,-1.5727766151929443,1.102109518675779,120.9702880538638,67.1682674453265
18081,018081,1842.404839758716,1842.404839758716,1934.754952608012,1934.754952608012,2.047493806442693,0.01132193851634119,-1.5412444667550063,0.030238908236011552,-1.5662469692397305,1.128173733560131,121.8558717032652,67.74032599935602
18083,018083,1863.741408936456,1863.741408936456,1907.013643152467,1907.013643152467,2.00447886760607,-0.01270781496313672,-1.5188653261385996,0.01643271269900077,-1.5727766151929443,1.102109518675779,120.9702880538638,67.1682674453265
18084,018084,1863.741408936456,1863.741408936456,1907.013643152467,1907.013643152467,2.00447886760607,-0.01270781496313672,-1.520610887543998,0.0164292314171461,-1.5728052951803733,1.102109518675779,120.9702880538638,67.1682674453265
18088,018088,1847.919204237398,1847.919204237398,1921.263788490785,1921.263788490785,2.044438354629837,-0.006856317126254376,-1.56190185876231,0.01797318165006547,-1.538007519872931,1.124371377834915,121.2376221304691,67.59771650670672
18093,018093,1857.34965296426,1857.34965296426,1917.924623722001,1917.924623722001,2.015306616523902,0.0004902130710700773,-1.5922332210785368,-0.014674245860053241,-1.5741902425771948,1.125060013269004,121.1604837134374,67.28731745081727
18105,018105,1857.34965296426,1857.34965296426,1917.924623722001,1917.924623722001,2.015306616523902,0.0004902130710700773,-1.5922332210785368,-0.014674245860053241,-1.5741902425771948,1.125060013269004,121.1604837134374,67.28731745081727
18126,018126,1866.254649589019,1866.254649589019,1919.254029415608,1919.254029415608,2.023073685447837,-0.001729120249509546,-1.569392313614426,0.013692241791982286,-1.5651287137304093,1.129930671152837,120.0310462140434,66.95362481129119
18139,018139,1846.470459745119,1846.470459745119,1934.237294246353,1934.237294246353,2.053116246097614,0.007127191254660563,-1.5532465545489462,0.04239655825563713,-1.585496144359086,1.126073558516028,121.8482000805993,67.76262613512169
18141,018141,1866.254649589019,1866.254649589019,1919.254029415608,1919.254029415608,2.023073685447837,-0.001729120249509546,-1.5676469090071028,0.013673190861190706,-1.5633595192911118,1.129930671152837,120.0310462140434,66.95362481129119
18145,018145,1842.404839758716,1842.404839758716,1934.754952608012,1934.754952608012,2.047493806442693,0.01132193851634119,-1.5412444667550063,0.030238908236011552,-1.5662469692397305,1.128173733560131,121.8558717032652,67.74032599935602
18160,018160,1842.404839758716,1842.404839758716,1934.754952608012,1934.754952608012,2.049676593409205,0.00840991717115261,-1.5282289359939825,0.030133228316926594,-1.5689091484340498,1.12962535674074,121.8558717032652,67.74032599935602
18165,018165,1860.44342061537,1860.44342061537,1931.800446368316,1931.800446368316,2.014037351924079,-0.002481086856738699,-1.5657787946070796,0.024763195053972537,-1.5905180797729668,1.128847994220851,121.0847164834004,67.28639589561944
18167,018167,1857.34965296426,1857.34965296426,1917.924623722001,1917.924623722001,2.015306616523902,0.0004902130710700773,-1.5922332210785368,-0.014674245860053241,-1.5741902425771948,1.125060013269004,121.1604837134374,67.28731745081727
18183,018183,1842.404839758716,1842.404839758716,1934.754952608012,1934.754952608012,2.047493806442693,0.01132193851634119,-1.5412444667550063,0.030238908236011552,-1.5662469692397305,1.128173733560131,121.8558717032652,67.74032599935602
18187,018187,1842.404839758716,1842.404839758716,1934.754952608012,1934.754952608012,2.047493806442693,0.01132193851634119,-1.5412444667550063,0.030238908236011552,-1.5662469692397305,1.128173733560131,121.8558717032652,67.74032599935602
18208,018208,1863.334264630649,1863.334264630649,1907.62696303471,1907.62696303471,2.015970272322051,0.008957195838649488,-1.5225925316185862,0.015377765957622191,-1.5681989866297787,1.131092790341723,121.100845132532,67.24295811544353
18209,018209,1842.404839758716,1842.404839758716,1934.754952608012,1934.754952608012,2.047493806442693,0.01132193851634119,-1.5412444667550063,0.030238908236011552,-1.5662469692397305,1.128173733560131,121.8558717032652,67.74032599935602
18211,018211,1859.746969636308,1859.746969636308,1914.204755444865,1914.204755444865,2.009231466004983,-0.002970823641278691,-1.5646779031491849,0.02956119474784027,-1.5405950950370737,1.136123277061316,120.581700743319,67.21490441580156
18215,018215,1857.479804288565,1857.479804288565,1922.888630990956,1922.888630990956,2.004635553476707,0.005137445956362164,-1.558016415459667,-0.0031506953783180715,-1.5647864995029954,1.146133774946981,120.7571865009013,67.36403230763489
18219,018219,1866.254649589019,1866.254649589019,1919.254029415608,1919.254029415608,2.023073685447837,-0.001729120249509546,-1.569392313614426,0.013692241791982286,-1.5651287137304093,1.129930671152837,120.0310462140434,66.95362481129119
18236,018236,1859.746969636308,1859.746969636308,1914.204755444865,1914.204755444865,2.009231466004983,-0.002970823641278691,-1.5629319833589455,0.02952976018188684,-1.5422887360998494,1.136123277061316,120.581700743319,67.21490441580156
18263,018263,1857.479804288565,1857.479804288565,1922.888630990956,1922.888630990956,2.004635553476707,0.005137445956362164,-1.558016415459667,-0.0031506953783180715,-1.5647864995029954,1.146133774946981,120.7571865009013,67.36403230763489
18283,018283,1842.404839758716,1842.404839758716,1934.754952608012,1934.754952608012,2.047493806442693,0.01132193851634119,-1.5412444667550063,0.030238908236011552,-1.5662469692397305,1.128173733560131,121.8558717032652,67.74032599935602
18286,018286,1866.254649589019,1866.254649589019,1919.254029415608,1919.254029415608,2.023073685447837,-0.001729120249509546,-1.5676469090071028,0.013673190861190706,-1.5633595192911118,1.129930671152837,120.0310462140434,66.95362481129119
18290,018290,1863.741408936456,1863.741408936456,1907.013643152467,1907.013643152467,2.00447886760607,-0.01270781496313672,-1.5188653261385996,0.01643271269900077,-1.5727766151929443,1.102109518675779,120.9702880538638,67.1682674453265
18299,018299,1860.44342061537,1860.44342061537,1931.800446368316,1931.800446368316,2.014037351924079,-0.002481086856738699,-1.5657787946070796,0.024763195053972537,-1.5905180797729668,1.128847994220851,121.0847164834004,67.28639589561944
18303,018303,1857.34965296426,1857.34965296426,1917.924623722001,1917.924623722001,2.015306616523902,0.0004902130710700773,-1.5922332470746603,-0.014668153580254308,-1.5759355608146708,1.125060013269004,121.1604837134374,67.28731745081727
18305,018305,1846.470459745119,1846.470459745119,1934.237294246353,1934.237294246353,2.053116246097614,0.007127191254660563,-1.5532465545489462,0.04239655825563713,-1.585496144359086,1.126073558516028,121.8482000805993,67.76262613512169
18341,018341,1863.741408936456,1863.741408936456,1907.013643152467,1907.013643152467,2.00447886760607,-0.01270781496313672,-1.5188653261385996,0.01643271269900077,-1.5727766151929443,1.102109518675779,120.9702880538638,67.1682674453265
18346,018346,1858.597086427252,1858.597086427252,1924.42584741907,1924.42584741907,2.029652670668384,0.006069991084438096,-1.5481785083094486,0.042104190812269744,-1.5829092444598964,1.133153905263153,121.4569399168275,67.46593912807965
18349,018349,1866.254649589019,1866.254649589019,1919.254029415608,1919.254029415608,2.023073685447837,-0.001729120249509546,-1.569392313614426,0.013692241791982286,-1.5651287137304093,1.129930671152837,120.0310462140434,66.95362481129119
18353,018353,1857.34965296426,1857.34965296426,1917.924623722001,1917.924623722001,2.015306616523902,0.0004902130710700773,-1.5922332470746603,-0.014668153580254308,-1.5759355608146708,1.125060013269004,121.1604837134374,67.28731745081727
18355,018355,1863.741408936456,1863.741408936456,1907.013643152467,1907.013643152467,2.005329759075146,-0.003650044106571175,-1.5887481757638633,-0.014656299128578557,-1.575956084520097,1.11944171485232,120.9702880538638,67.1682674453265
18360,018360,1846.470459745119,1846.470459745119,1934.237294246353,1934.237294246353,2.053116246097614,0.007127191254660563,-1.5532465545489462,0.04239655825563713,-1.585496144359086,1.126073558516028,121.8482000805993,67.76262613512169
18363,018363,1863.741408936456,1863.741408936456,1907.013643152467,1907.013643152467,2.00447886760607,-0.01270781496313672,-1.5188653261385996,0.01643271269900077,-1.5727766151929443,1.102109518675779,120.9702880538638,67.1682674453265
18369,018369,1857.34965296426,1857.34965296426,1917.924623722001,1917.924623722001,2.015306616523902,0.0004902130710700773,-1.5922332210785368,-0.014674245860053241,-1.5741902425771948,1.125060013269004,121.1604837134374,67.28731745081727
18378,018378,1846.470459745119,1846.470459745119,1934.237294246353,1934.237294246353,2.053116246097614,0.007127191254660563,-1.5532465545489462,0.04239655825563713,-1.585496144359086,1.126073558516028,121.8482000805993,67.76262613512169
18387,018387,1857.479804288565,1857.479804288565,1922.888630990956,1922.888630990956,2.004635553476707,0.005137445956362164,-1.558016415459667,-0.0031506953783180715,-1.5647864995029954,1.146133774946981,120.7571865009013,67.36403230763489
18396,018396,1857.34965296426,1857.34965296426,1917.924623722001,1917.924623722001,2.015306616523902,0.0004902130710700773,-1.5922332210785368,-0.014674245860053241,-1.5741902425771948,1.125060013269004,121.1604837134374,67.28731745081727
18426,018426,1880.974214387733,1880.974214387733,1915.779220181504,1915.779220181504,1.977851236897697,-0.006727592148754134,-1.5713373051013404,-0.016291966292714507,-1.5688222502099622,1.100166968750412,119.4299449008713,66.58945770112874
18455,018455,1880.974214387733,1880.974214387733,1915.779220181504,1915.779220181504,1.977851236897697,-0.006727592148754134,-1.569591747497633,-0.01629538688615913,-1.5688506905097992,1.100166968750412,119.4299449008713,66.58945770112874
18472,018472,1866.254649589019,1866.254649589019,1919.254029415608,1919.254029415608,2.022382969590999,-0.003597953696000636,-1.5700586556197347,0.014603913747234055,-1.5640112962393267,1.130147879676854,120.0310462140434,66.95362481129119
18482,018482,1846.470459745119,1846.470459745119,1934.237294246353,1934.237294246353,2.053116246097614,0.007127191254660563,-1.5532465545489462,0.04239655825563713,-1.585496144359086,1.126073558516028,121.8482000805993,67.76262613512169
18499,018499,1863.334264630649,1863.334264630649,1907.62696303471,1907.62696303471,2.015970272322051,0.008957195838649488,-1.5225925316185862,0.015377765957622191,-1.5681989866297787,1.131092790341723,121.100845132532,67.24295811544353
18503,018503,1857.479804288565,1857.479804288565,1922.888630990956,1922.888630990956,2.004635553476707,0.005137445956362164,-1.558016415459667,-0.0031506953783180715,-1.5647864995029954,1.146133774946981,120.7571865009013,67.36403230763489
18509,018509,1863.741408936456,1863.741408936456,1907.013643152467,1907.013643152467,2.005329759075146,-0.003650044106571175,-1.5887481757638633,-0.014656299128578557,-1.575956084520097,1.11944171485232,120.9702880538638,67.1682674453265
18519,018519,1863.741408936456,1863.741408936456,1907.013643152467,1907.013643152467,2.005329759075146,-0.003650044106571175,-1.5887481757638633,-0.014656299128578557,-1.575956084520097,1.11944171485232,120.9702880538638,67.1682674453265
18536,018536,1863.334264630649,1863.334264630649,1907.62696303471,1907.62696303471,2.015970272322051,0.008957195838649488,-1.5225925316185862,0.015377765957622191,-1.5681989866297787,1.131092790341723,121.100845132532,67.24295811544353
18557,018557,1842.404839758716,1842.404839758716,1934.754952608012,1934.754952608012,2.047493806442693,0.01132193851634119,-1.5412444667550063,0.030238908236011552,-1.5662469692397305,1.128173733560131,121.8558717032652,67.74032599935602
18560,018560,1875.341941705681,1875.341941705681,1915.635705796355,1915.635705796355,1.982010734183471,-0.001951416398337044,-1.5952666133753044,0.07678052066715899,-1.6225170415384549,1.132630915685097,119.7869740687292,66.78209093962884
18563,018563,1859.633325720178,1859.633325720178,1926.337015754446,1926.337015754446,1.997003502293789,0.007118608021303436,-1.5655439822728348,-0.002684599072072188,-1.570856670035724,1.144582618675452,120.6792689337453,67.26448936786939
18583,018583,1880.974214387733,1880.974214387733,1915.779220181504,1915.779220181504,1.977851236897697,-0.006727592148754134,-1.5695917278837737,-0.016277110187861606,-1.570595924383754,1.100166968750412,119.4299449008713,66.58945770112874
18613,018613,1857.479804288565,1857.479804288565,1922.888630990956,1922.888630990956,2.004635553476707,0.005137445956362164,-1.5580163224699002,-0.003123280124826136,-1.570022415777389,1.146133774946981,120.7571865009013,67.36403230763489
18623,018623,1880.974214387733,1880.974214387733,1915.779220181504,1915.779220181504,1.977851236897697,-0.006727592148754134,-1.569591747497633,-0.01629538688615913,-1.5688506905097992,1.100166968750412,119.4299449008713,66.58945770112874
18630,018630,1875.341941705681,1875.341941705681,1915.635705796355,1915.635705796355,1.982010734183471,-0.001951416398337044,-1.5952666133753044,0.07678052066715899,-1.6225170415384549,1.132630915685097,119.7869740687292,66.78209093962884
18636,018636,1866.254649589019,1866.254649589019,1919.254029415608,1919.254029415608,2.023073685447837,-0.001729120249509546,-1.569392313614426,0.013692241791982286,-1.5651287137304093,1.129930671152837,120.0310462140434,66.95362481129119
18639,018639,1860.44342061537,1860.44342061537,1931.800446368316,1931.800446368316,2.014037351924079,-0.002481086856738699,-1.5657787946070796,0.024763195053972537,-1.5905180797729668,1.128847994220851,121.0847164834004,67.28639589561944
18655,018655,1863.741408936456,1863.741408936456,1907.013643152467,1907.013643152467,2.00447886760607,-0.01270781496313672,-1.5188653261385996,0.01643271269900077,-1.5727766151929443,1.102109518675779,120.9702880538638,67.1682674453265
18656,018656,1863.741408936456,1863.741408936456,1907.013643152467,1907.013643152467,2.00447886760607,-0.01270781496313672,-1.520610887543998,0.0164292314171461,-1.5728052951803733,1.102109518675779,120.9702880538638,67.1682674453265
18660,018660,1866.254649589019,1866.254649589019,1919.254029415608,1919.254029415608,2.023073685447837,-0.001729120249509546,-1.5676469090071028,0.013673190861190706,-1.5633595192911118,1.129930671152837,120.0310462140434,66.95362481129119
18668,018668,1842.404839758716,1842.404839758716,1934.754952608012,1934.754952608012,2.047493806442693,0.01132193851634119,-1.5412444667550063,0.030238908236011552,-1.5662469692397305,1.128173733560131,121.8558717032652,67.74032599935602
18669,018669,1857.34965296426,1857.34965296426,1917.924623722001,1917.924623722001,2.015306616523902,0.0004902130710700773,-1.5922332210785368,-0.014674245860053241,-1.5741902425771948,1.125060013269004,121.1604837134374,67.28731745081727
18678,018678,1858.597086427252,1858.597086427252,1924.42584741907,1924.42584741907,2.029652670668384,0.006069991084438096,-1.551672000605969,0.04206165324630392,-1.5795655590792688,1.133153905263153,121.4569399168275,67.46593912807965
18684,018684,1859.633325720178,1859.633325720178,1926.337015754446,1926.337015754446,1.997003502293789,0.007118608021303436,-1.5655439822728348,-0.002684599072072188,-1.570856670035724,1.144582618675452,120.6792689337453,67.26448936786939
18691,018691,1857.34965296426,1857.34965296426,1917.924623722001,1917.924623722001,2.015306616523902,0.0004902130710700773,-1.5922332470746603,-0.014668153580254308,-1.5759355608146708,1.125060013269004,121.1604837134374,67.28731745081727
18706,018706,1859.746969636308,1859.746969636308,1914.204755444865,1914.204755444865,2.009231466004983,-0.002970823641278691,-1.5646779031491849,0.02956119474784027,-1.5405950950370737,1.136123277061316,120.581700743319,67.21490441580156
18711,018711,1847.919204237398,1847.919204237398,1921.263788490785,1921.263788490785,2.044438354629837,-0.006856317126254376,-1.5601564303701785,0.017940294738900124,-1.5414667740539971,1.124371377834915,121.2376221304691,67.59771650670672
18752,018752,1842.404839758716,1842.404839758716,1934.754952608012,1934.754952608012,2.049676593409205,0.00840991717115261,-1.5282289359939825,0.030133228316926594,-1.5689091484340498,1.12962535674074,121.8558717032652,67.74032599935602
18762,018762,1846.470459745119,1846.470459745119,1934.237294246353,1934.237294246353,2.053116246097614,0.007127191254660563,-1.5532465545489462,0.04239655825563713,-1.585496144359086,1.126073558516028,121.8482000805993,67.76262613512169
18770,018770,1857.479804288565,1857.479804288565,1922.888630990956,1922.888630990956,2.004635553476707,0.005137445956362164,-1.5510357394219714,-0.003256540141911394,-1.5595730426885313,1.146133774946981,120.7571865009013,67.36403230763489
18771,018771,1859.633325720178,1859.633325720178,1926.337015754446,1926.337015754446,1.997003502293789,0.007118608021303436,-1.5655439822728348,-0.002684599072072188,-1.570856670035724,1.144582618675452,120.6792689337453,67.26448936786939
18799,018799,1863.334264630649,1863.334264630649,1907.62696303471,1907.62696303471,2.015970272322051,0.008957195838649488,-1.5225925316185862,0.015377765957622191,-1.5681989866297787,1.131092790341723,121.100845132532,67.24295811544353
18819,018819,1863.741408936456,1863.741408936456,1907.013643152467,1907.013643152467,2.005329759075146,-0.003650044106571175,-1.5887481757638633,-0.014656299128578557,-1.575956084520097,1.11944171485232,120.9702880538638,67.1682674453265
18855,018855,1863.741408936456,1863.741408936456,1907.013643152467,1907.013643152467,2.005329759075146,-0.003650044106571175,-1.5887481941415185,-0.014653253011738941,-1.5777014108444942,1.11944171485232,120.9702880538638,67.1682674453265
18863,018863,1860.44342061537,1860.44342061537,1931.800446368316,1931.800446368316,2.014037351924079,-0.002481086856738699,-1.5657787946070796,0.024763195053972537,-1.5905180797729668,1.128847994220851,121.0847164834004,67.28639589561944
18868,018868,1847.919204237398,1847.919204237398,1921.263788490785,1921.263788490785,2.044438354629837,-0.006856317126254376,-1.5601557581409167,0.017964654651584994,-1.5449573354257424,1.124371377834915,121.2376221304691,67.59771650670672
18886,018886,1860.44342061537,1860.44342061537,1931.800446368316,1931.800446368316,2.014037351924079,-0.002481086856738699,-1.5657787946070796,0.024763195053972537,-1.5905180797729668,1.128847994220851,121.0847164834004,67.28639589561944
18887,018887,1863.334264630649,1863.334264630649,1907.62696303471,1907.62696303471,2.015970272322051,0.008957195838649488,-1.5225925316185862,0.015377765957622191,-1.5681989866297787,1.131092790341723,121.100845132532,67.24295811544353
18889,018889,1859.633325720178,1859.633325720178,1926.337015754446,1926.337015754446,1.997003502293789,0.007118608021303436,-1.5655439822728348,-0.002684599072072188,-1.570856670035724,1.144582618675452,120.6792689337453,67.26448936786939
18891,018891,1857.34965296426,1857.34965296426,1917.924623722001,1917.924623722001,2.015306616523902,0.0004902130710700773,-1.5922332210785368,-0.014674245860053241,-1.5741902425771948,1.125060013269004,121.1604837134374,67.28731745081727
18896,018896,1863.741408936456,1863.741408936456,1907.013643152467,1907.013643152467,2.00447886760607,-0.01270781496313672,-1.5188653261385996,0.01643271269900077,-1.5727766151929443,1.102109518675779,120.9702880538638,67.1682674453265
18899,018899,1860.44342061537,1860.44342061537,1931.800446368316,1931.800446368316,2.014037351924079,-0.002481086856738699,-1.5657787946070796,0.024763195053972537,-1.5905180797729668,1.128847994220851,121.0847164834004,67.28639589561944
18937,018937,1846.470459745119,1846.470459745119,1934.237294246353,1934.237294246353,2.053116246097614,0.007127191254660563,-1.5532465545489462,0.04239655825563713,-1.585496144359086,1.126073558516028,121.8482000805993,67.76262613512169
18943,018943,1842.404839758716,1842.404839758716,1934.754952608012,1934.754952608012,2.045975662868765,-0.002400173486311045,-1.55338857412205,0.01825416843181658,-1.577136067995388,1.130651936362605,121.8558717032652,67.74032599935602
18947,018947,1863.334264630649,1863.334264630649,1907.62696303471,1907.62696303471,2.015970272322051,0.008957195838649488,-1.5225925316185862,0.015377765957622191,-1.5681989866297787,1.131092790341723,121.100845132532,67.24295811544353
18950,018950,1857.34965296426,1857.34965296426,1917.924623722001,1917.924623722001,2.015306616523902,0.0004902130710700773,-1.5922332210785368,-0.014674245860053241,-1.5741902425771948,1.125060013269004,121.1604837134374,67.28731745081727
18956,018956,1863.741408936456,1863.741408936456,1907.013643152467,1907.013643152467,2.005329759075146,-0.003650044106571175,-1.588748162703272,-0.014659345272850233,-1.5742107581178222,1.11944171485232,120.9702880538638,67.1682674453265
18967,018967,1866.254649589019,1866.254649589019,1919.254029415608,1919.254029415608,2.023073685447837,-0.001729120249509546,-1.569392313614426,0.013692241791982286,-1.5651287137304093,1.129930671152837,120.0310462140434,66.95362481129119
18987,018987,1863.334264630649,1863.334264630649,1907.62696303471,1907.62696303471,2.015970272322051,0.008957195838649488,-1.5225925316185862,0.015377765957622191,-1.5681989866297787,1.131092790341723,121.100845132532,67.24295811544353
18998,018998,1857.479804288565,1857.479804288565,1922.888630990956,1922.888630990956,2.004635553476707,0.005137445956362164,-1.558016415459667,-0.0031506953783180715,-1.5647864995029954,1.146133774946981,120.7571865009013,67.36403230763489
19016,019016,1842.404839758716,1842.404839758716,1934.754952608012,1934.754952608012,2.047493806442693,0.01132193851634119,-1.5412444667550063,0.030238908236011552,-1.5662469692397305,1.128173733560131,121.8558717032652,67.74032599935602
19022,019022,1846.470459745119,1846.470459745119,1934.237294246353,1934.237294246353,2.053116246097614,0.007127191254660563,-1.5532465545489462,0.04239655825563713,-1.585496144359086,1.126073558516028,121.8482000805993,67.76262613512169
19023,019023,1857.34965296426,1857.34965296426,1917.924623722001,1917.924623722001,2.015306616523902,0.0004902130710700773,-1.5922332210785368,-0.014674245860053241,-1.5741902425771948,1.125060013269004,121.1604837134374,67.28731745081727
19024,019024,1857.479804288565,1857.479804288565,1922.888630990956,1922.888630990956,2.004635553476707,0.005137445956362164,-1.558016415459667,-0.0031506953783180715,-1.5647864995029954,1.146133774946981,120.7571865009013,67.36403230763489
19031,019031,1842.404839758716,1842.404839758716,1934.754952608012,1934.754952608012,2.049676593409205,0.00840991717115261,-1.5282289359939825,0.030133228316926594,-1.5689091484340498,1.12962535674074,121.8558717032652,67.74032599935602
19041,019041,1863.741408936456,1863.741408936456,1907.013643152467,1907.013643152467,2.00447886760607,-0.01270781496313672,-1.5188653261385996,0.01643271269900077,-1.5727766151929443,1.102109518675779,120.9702880538638,67.1682674453265
19055,019055,1846.470459745119,1846.470459745119,1934.237294246353,1934.237294246353,2.053116246097614,0.007127191254660563,-1.5532465545489462,0.04239655825563713,-1.585496144359086,1.126073558516028,121.8482000805993,67.76262613512169
19060,019060,1863.741408936456,1863.741408936456,1907.013643152467,1907.013643152467,2.005329759075146,-0.003650044106571175,-1.5887481757638633,-0.014656299128578557,-1.575956084520097,1.11944171485232,120.9702880538638,67.1682674453265
19064,019064,1857.34965296426,1857.34965296426,1917.924623722001,1917.924623722001,2.015306616523902,0.0004902130710700773,-1.5922332470746603,-0.014668153580254308,-1.5759355608146708,1.125060013269004,121.1604837134374,67.28731745081727
19069,019069,1863.334264630649,1863.334264630649,1907.62696303471,1907.62696303471,2.015970272322051,0.008957195838649488,-1.5225925316185862,0.015377765957622191,-1.5681989866297787,1.131092790341723,121.100845132532,67.24295811544353
19080,019080,1857.479804288565,1857.479804288565,1922.888630990956,1922.888630990956,2.004635553476707,0.005137445956362164,-1.558016415459667,-0.0031506953783180715,-1.5647864995029954,1.146133774946981,120.7571865009013,67.36403230763489
19085,019085,1863.741408936456,1863.741408936456,1907.013643152467,1907.013643152467,2.00447886760607,-0.01270781496313672,-1.5188653261385996,0.01643271269900077,-1.5727766151929443,1.102109518675779,120.9702880538638,67.1682674453265
19100,019100,1842.404839758716,1842.404839758716,1934.754952608012,1934.754952608012,2.049676593409205,0.00840991717115261,-1.5282289359939825,0.030133228316926594,-1.5689091484340498,1.12962535674074,121.8558717032652,67.74032599935602
19130,019130,1860.44342061537,1860.44342061537,1931.800446368316,1931.800446368316,2.014037351924079,-0.002481086856738699,-1.5657787946070796,0.024763195053972537,-1.5905180797729668,1.128847994220851,121.0847164834004,67.28639589561944
19137,019137,1842.404839758716,1842.404839758716,1934.754952608012,1934.754952608012,2.049676593409205,0.00840991717115261,-1.5282289359939825,0.030133228316926594,-1.5689091484340498,1.12962535674074,121.8558717032652,67.74032599935602
19154,019154,1858.597086427252,1858.597086427252,1924.42584741907,1924.42584741907,2.029652670668384,0.006069991084438096,-1.5481785083094486,0.042104190812269744,-1.5829092444598964,1.133153905263153,121.4569399168275,67.46593912807965
19158,019158,1863.741408936456,1863.741408936456,1907.013643152467,1907.013643152467,2.00447886760607,-0.01270781496313672,-1.5188653261385996,0.01643271269900077,-1.5727766151929443,1.102109518675779,120.9702880538638,67.1682674453265
19167,019167,1858.597086427252,1858.597086427252,1924.42584741907,1924.42584741907,2.029652670668384,0.006069991084438096,-1.5481785083094486,0.042104190812269744,-1.5829092444598964,1.133153905263153,121.4569399168275,67.46593912807965
19171,019171,1880.974214387733,1880.974214387733,1915.779220181504,1915.779220181504,1.977851236897697,-0.006727592148754134,-1.5695917278837737,-0.016277110187861606,-1.570595924383754,1.100166968750412,119.4299449008713,66.58945770112874
19175,019175,1866.254649589019,1866.254649589019,1919.254029415608,1919.254029415608,2.023073685447837,-0.001729120249509546,-1.5676469090071028,0.013673190861190706,-1.5633595192911118,1.129930671152837,120.0310462140434,66.95362481129119
19179,019179,1880.974214387733,1880.974214387733,1915.779220181504,1915.779220181504,1.977851236897697,-0.006727592148754134,-1.569591747497633,-0.01629538688615913,-1.5688506905097992,1.100166968750412,119.4299449008713,66.58945770112874
19181,019181,1860.44342061537,1860.44342061537,1931.800446368316,1931.800446368316,2.014037351924079,-0.002481086856738699,-1.5657787946070796,0.024763195053972537,-1.5905180797729668,1.128847994220851,121.0847164834004,67.28639589561944
19193,019193,1842.404839758716,1842.404839758716,1934.754952608012,1934.754952608012,2.047493806442693,0.01132193851634119,-1.5412444667550063,0.030238908236011552,-1.5662469692397305,1.128173733560131,121.8558717032652,67.74032599935602
19212,019212,1846.470459745119,1846.470459745119,1934.237294246353,1934.237294246353,2.053116246097614,0.007127191254660563,-1.5532465545489462,0.04239655825563713,-1.585496144359086,1.126073558516028,121.8482000805993,67.76262613512169
19223,019223,1859.746969636308,1859.746969636308,1914.204755444865,1914.204755444865,2.009231466004983,-0.002970823641278691,-1.5699128441987793,0.02975543926078322,-1.5477314577859038,1.136123277061316,120.581700743319,67.21490441580156
19231,019231,1857.34965296426,1857.34965296426,1917.924623722001,1917.924623722001,2.015306616523902,0.0004902130710700773,-1.5922332210785368,-0.014674245860053241,-1.5741902425771948,1.125060013269004,121.1604837134374,67.28731745081727
19237,019237,1880.974214387733,1880.974214387733,1915.779220181504,1915.779220181504,1.977851236897697,-0.006727592148754134,-1.569591747497633,-0.01629538688615913,-1.5688506905097992,1.100166968750412,119.4299449008713,66.58945770112874
19245,019245,1866.254649589019,1866.254649589019,1919.254029415608,1919.254029415608,2.023073685447837,-0.001729120249509546,-1.5676469090071028,0.013673190861190706,-1.5633595192911118,1.129930671152837,120.0310462140434,66.95362481129119
19249,019249,1860.44342061537,1860.44342061537,1931.800446368316,1931.800446368316,2.014037351924079,-0.002481086856738699,-1.5657787946070796,0.024763195053972537,-1.5905180797729668,1.128847994220851,121.0847164834004,67.28639589561944
19255,019255,1880.974214387733,1880.974214387733,1915.779220181504,1915.779220181504,1.977851236897697,-0.006727592148754134,-1.5713373051013404,-0.016291966292714507,-1.5688222502099622,1.100166968750412,119.4299449008713,66.58945770112874
19260,019260,1866.254649589019,1866.254649589019,1919.254029415608,1919.254029415608,2.023073685447837,-0.001729120249509546,-1.569392313614426,0.013692241791982286,-1.5651287137304093,1.129930671152837,120.0310462140434,66.95362481129119
19261,019261,1842.404839758716,1842.404839758716,1934.754952608012,1934.754952608012,2.047493806442693,0.01132193851634119,-1.5412444667550063,0.030238908236011552,-1.5662469692397305,1.128173733560131,121.8558717032652,67.74032599935602
19264,019264,1842.404839758716,1842.404839758716,1934.754952608012,1934.754952608012,2.047493806442693,0.01132193851634119,-1.5412444667550063,0.030238908236011552,-1.5662469692397305,1.128173733560131,121.8558717032652,67.74032599935602
19266,019266,1842.404839758716,1842.404839758716,1934.754952608012,1934.754952608012,2.047493806442693,0.01132193851634119,-1.5412444667550063,0.030238908236011552,-1.5662469692397305,1.128173733560131,121.8558717032652,67.74032599935602
19271,019271,1857.34965296426,1857.34965296426,1917.924623722001,1917.924623722001,2.015306616523902,0.0004902130710700773,-1.5922332210785368,-0.014674245860053241,-1.5741902425771948,1.125060013269004,121.1604837134374,67.28731745081727
19275,019275,1863.334264630649,1863.334264630649,1907.62696303471,1907.62696303471,2.015970272322051,0.008957195838649488,-1.5225925316185862,0.015377765957622191,-1.5681989866297787,1.131092790341723,121.100845132532,67.24295811544353
19289,019289,1857.34965296426,1857.34965296426,1917.924623722001,1917.924623722001,2.015306616523902,0.0004902130710700773,-1.5922332470746603,-0.014668153580254308,-1.5759355608146708,1.125060013269004,121.1604837134374,67.28731745081727
19293,019293,1863.741408936456,1863.741408936456,1907.013643152467,1907.013643152467,2.00447886760607,-0.01270781496313672,-1.5188653261385996,0.01643271269900077,-1.5727766151929443,1.102109518675779,120.9702880538638,67.1682674453265
19341,019341,1863.741408936456,1863.741408936456,1907.013643152467,1907.013643152467,2.00447886760607,-0.01270781496313672,-1.520610887543998,0.0164292314171461,-1.5728052951803733,1.102109518675779,120.9702880538638,67.1682674453265
19347,019347,1859.633325720178,1859.633325720178,1926.337015754446,1926.337015754446,1.997003502293789,0.007118608021303436,-1.5655439822728348,-0.002684599072072188,-1.570856670035724,1.144582618675452,120.6792689337453,67.26448936786939
19375,019375,1863.334264630649,1863.334264630649,1907.62696303471,1907.62696303471,2.015970272322051,0.008957195838649488,-1.5225925316185862,0.015377765957622191,-1.5681989866297787,1.131092790341723,121.100845132532,67.24295811544353
19385,019385,1857.479804288565,1857.479804288565,1922.888630990956,1922.888630990956,2.004635553476707,0.005137445956362164,-1.5510357394219714,-0.003256540141911394,-1.5595730426885313,1.146133774946981,120.7571865009013,67.36403230763489
19388,019388,1863.334264630649,1863.334264630649,1907.62696303471,1907.62696303471,2.015970272322051,0.008957195838649488,-1.5225925316185862,0.015377765957622191,-1.5681989866297787,1.131092790341723,121.100845132532,67.24295811544353
19399,019399,1859.633325720178,1859.633325720178,1926.337015754446,1926.337015754446,1.997003502293789,0.007118608021303436,-1.5655439822728348,-0.002684599072072188,-1.570856670035724,1.144582618675452,120.6792689337453,67.26448936786939
19409,019409,1859.633325720178,1859.633325720178,1926.337015754446,1926.337015754446,1.997003502293789,0.007118608021303436,-1.5655439822728348,-0.002684599072072188,-1.570856670035724,1.144582618675452,120.6792689337453,67.26448936786939
19410,019410,1857.479804288565,1857.479804288565,1922.888630990956,1922.888630990956,2.004635553476707,0.005137445956362164,-1.5510357394219714,-0.003256540141911394,-1.5595730426885313,1.146133774946981,120.7571865009013,67.36403230763489
19416,019416,1842.404839758716,1842.404839758716,1934.754952608012,1934.754952608012,2.049676593409205,0.00840991717115261,-1.5282289359939825,0.030133228316926594,-1.5689091484340498,1.12962535674074,121.8558717032652,67.74032599935602
19423,019423,1842.404839758716,1842.404839758716,1934.754952608012,1934.754952608012,2.047493806442693,0.01132193851634119,-1.5412444667550063,0.030238908236011552,-1.5662469692397305,1.128173733560131,121.8558717032652,67.74032599935602
19430,019430,1846.470459745119,1846.470459745119,1934.237294246353,1934.237294246353,2.053116246097614,0.007127191254660563,-1.5532465545489462,0.04239655825563713,-1.585496144359086,1.126073558516028,121.8482000805993,67.76262613512169
19447,019447,1863.741408936456,1863.741408936456,1907.013643152467,1907.013643152467,2.005329759075146,-0.003650044106571175,-1.5887481757638633,-0.014656299128578557,-1.575956084520097,1.11944171485232,120.9702880538638,67.1682674453265
19466,019466,1880.974214387733,1880.974214387733,1915.779220181504,1915.779220181504,1.977851236897697,-0.006727592148754134,-1.569591747497633,-0.01629538688615913,-1.5688506905097992,1.100166968750412,119.4299449008713,66.58945770112874
19490,019490,1863.741408936456,1863.741408936456,1907.013643152467,1907.013643152467,2.00447886760607,-0.01270781496313672,-1.5188653261385996,0.01643271269900077,-1.5727766151929443,1.102109518675779,120.9702880538638,67.1682674453265
19497,019497,1860.44342061537,1860.44342061537,1931.800446368316,1931.800446368316,2.014037351924079,-0.002481086856738699,-1.5657787946070796,0.024763195053972537,-1.5905180797729668,1.128847994220851,121.0847164834004,67.28639589561944
19504,019504,1863.741408936456,1863.741408936456,1907.013643152467,1907.013643152467,2.00447886760607,-0.01270781496313672,-1.5188653261385996,0.01643271269900077,-1.5727766151929443,1.102109518675779,120.9702880538638,67.1682674453265
19511,019511,1857.34965296426,1857.34965296426,1917.924623722001,1917.924623722001,2.015306616523902,0.0004902130710700773,-1.5922332210785368,-0.014674245860053241,-1.5741902425771948,1.125060013269004,121.1604837134374,67.28731745081727
19561,019561,1863.741408936456,1863.741408936456,1907.013643152467,1907.013643152467,2.005329759075146,-0.003650044106571175,-1.5887481757638633,-0.014656299128578557,-1.575956084520097,1.11944171485232,120.9702880538638,67.1682674453265
19567,019567,1866.254649589019,1866.254649589019,1919.254029415608,1919.254029415608,2.023073685447837,-0.001729120249509546,-1.5676469090071028,0.013673190861190706,-1.5633595192911118,1.129930671152837,120.0310462140434,66.95362481129119
19570,019570,1846.470459745119,1846.470459745119,1934.237294246353,1934.237294246353,2.053116246097614,0.007127191254660563,-1.5532465545489462,0.04239655825563713,-1.585496144359086,1.126073558516028,121.8482000805993,67.76262613512169
19578,019578,1857.34965296426,1857.34965296426,1917.924623722001,1917.924623722001,2.015306616523902,0.0004902130710700773,-1.5922332210785368,-0.014674245860053241,-1.5741902425771948,1.125060013269004,121.1604837134374,67.28731745081727
19583,019583,1863.741408936456,1863.741408936456,1907.013643152467,1907.013643152467,2.00447886760607,-0.01270781496313672,-1.5188653261385996,0.01643271269900077,-1.5727766151929443,1.102109518675779,120.9702880538638,67.1682674453265
19584,019584,1857.479804288565,1857.479804288565,1922.888630990956,1922.888630990956,2.004635553476707,0.005137445956362164,-1.5510357394219714,-0.003256540141911394,-1.5595730426885313,1.146133774946981,120.7571865009013,67.36403230763489
19585,019585,1846.470459745119,1846.470459745119,1934.237294246353,1934.237294246353,2.053116246097614,0.007127191254660563,-1.5532465545489462,0.04239655825563713,-1.585496144359086,1.126073558516028,121.8482000805993,67.76262613512169
19591,019591,1859.746969636308,1859.746969636308,1914.204755444865,1914.204755444865,2.009231466004983,-0.002970823641278691,-1.56293139392435,0.02955107472663299,-1.5440339176877833,1.136123277061316,120.581700743319,67.21490441580156
19593,019593,1860.44342061537,1860.44342061537,1931.800446368316,1931.800446368316,2.014037351924079,-0.002481086856738699,-1.5657787946070796,0.024763195053972537,-1.5905180797729668,1.128847994220851,121.0847164834004,67.28639589561944
19598,019598,1846.470459745119,1846.470459745119,1934.237294246353,1934.237294246353,2.053116246097614,0.007127191254660563,-1.5532465545489462,0.04239655825563713,-1.585496144359086,1.126073558516028,121.8482000805993,67.76262613512169
19603,019603,1857.34965296426,1857.34965296426,1917.924623722001,1917.924623722001,2.015306616523902,0.0004902130710700773,-1.5922332470746603,-0.014668153580254308,-1.5759355608146708,1.125060013269004,121.1604837134374,67.28731745081727
19606,019606,1857.479804288565,1857.479804288565,1922.888630990956,1922.888630990956,2.004635553476707,0.005137445956362164,-1.558016415459667,-0.0031506953783180715,-1.5647864995029954,1.146133774946981,120.7571865009013,67.36403230763489
19611,019611,1842.404839758716,1842.404839758716,1934.754952608012,1934.754952608012,2.049676593409205,0.00840991717115261,-1.5282289359939825,0.030133228316926594,-1.5689091484340498,1.12962535674074,121.8558717032652,67.74032599935602
19613,019613,1842.404839758716,1842.404839758716,1934.754952608012,1934.754952608012,2.047493806442693,0.01132193851634119,-1.5412444667550063,0.030238908236011552,-1.5662469692397305,1.128173733560131,121.8558717032652,67.74032599935602
19616,019616,1842.404839758716,1842.404839758716,1934.754952608012,1934.754952608012,2.047493806442693,0.01132193851634119,-1.5412444667550063,0.030238908236011552,-1.5662469692397305,1.128173733560131,121.8558717032652,67.74032599935602
19617,019617,1846.470459745119,1846.470459745119,1934.237294246353,1934.237294246353,2.053116246097614,0.007127191254660563,-1.5532465545489462,0.04239655825563713,-1.585496144359086,1.126073558516028,121.8482000805993,67.76262613512169
19619,019619,1863.741408936456,1863.741408936456,1907.013643152467,1907.013643152467,2.00447886760607,-0.01270781496313672,-1.5188653261385996,0.01643271269900077,-1.5727766151929443,1.102109518675779,120.9702880538638,67.1682674453265
19627,019627,1857.34965296426,1857.34965296426,1917.924623722001,1917.924623722001,2.015306616523902,0.0004902130710700773,-1.5922332470746603,-0.014668153580254308,-1.5759355608146708,1.125060013269004,121.1604837134374,67.28731745081727
19629,019629,1857.479804288565,1857.479804288565,1922.888630990956,1922.888630990956,2.004635553476707,0.005137445956362164,-1.5510357394219714,-0.003256540141911394,-1.5595730426885313,1.146133774946981,120.7571865009013,67.36403230763489
19631,019631,1863.741408936456,1863.741408936456,1907.013643152467,1907.013643152467,2.005329759075146,-0.003650044106571175,-1.5887481757638633,-0.014656299128578557,-1.575956084520097,1.11944171485232,120.9702880538638,67.1682674453265
19634,019634,1860.44342061537,1860.44342061537,1931.800446368316,1931.800446368316,2.014037351924079,-0.002481086856738699,-1.5657787946070796,0.024763195053972537,-1.5905180797729668,1.128847994220851,121.0847164834004,67.28639589561944
19649,019649,1842.404839758716,1842.404839758716,1934.754952608012,1934.754952608012,2.047493806442693,0.01132193851634119,-1.5412444667550063,0.030238908236011552,-1.5662469692397305,1.128173733560131,121.8558717032652,67.74032599935602
19656,019656,1842.404839758716,1842.404839758716,1934.754952608012,1934.754952608012,2.047493806442693,0.01132193851634119,-1.5412444667550063,0.030238908236011552,-1.5662469692397305,1.128173733560131,121.8558717032652,67.74032599935602
19664,019664,1842.404839758716,1842.404839758716,1934.754952608012,1934.754952608012,2.047493806442693,0.01132193851634119,-1.5412444667550063,0.030238908236011552,-1.5662469692397305,1.128173733560131,121.8558717032652,67.74032599935602
19668,019668,1880.974214387733,1880.974214387733,1915.779220181504,1915.779220181504,1.977851236897697,-0.006727592148754134,-1.5713373051013404,-0.016291966292714507,-1.5688222502099622,1.100166968750412,119.4299449008713,66.58945770112874
19694,019694,1842.404839758716,1842.404839758716,1934.754952608012,1934.754952608012,2.049676593409205,0.00840991717115261,-1.5282289359939825,0.030133228316926594,-1.5689091484340498,1.12962535674074,121.8558717032652,67.74032599935602
19697,019697,1842.404839758716,1842.404839758716,1934.754952608012,1934.754952608012,2.047493806442693,0.01132193851634119,-1.5412444667550063,0.030238908236011552,-1.5662469692397305,1.128173733560131,121.8558717032652,67.74032599935602
19727,019727,1863.334264630649,1863.334264630649,1907.62696303471,1907.62696303471,2.015970272322051,0.008957195838649488,-1.5225925316185862,0.015377765957622191,-1.5681989866297787,1.131092790341723,121.100845132532,67.24295811544353
19729,019729,1847.919204237398,1847.919204237398,1921.263788490785,1921.263788490785,2.044438354629837,-0.006856317126254376,-1.56190185876231,0.01797318165006547,-1.538007519872931,1.124371377834915,121.2376221304691,67.59771650670672
19731,019731,1866.254649589019,1866.254649589019,1919.254029415608,1919.254029415608,2.023073685447837,-0.001729120249509546,-1.5676469090071028,0.013673190861190706,-1.5633595192911118,1.129930671152837,120.0310462140434,66.95362481129119
19743,019743,1866.254649589019,1866.254649589019,1919.254029415608,1919.254029415608,2.023073685447837,-0.001729120249509546,-1.569392313614426,0.013692241791982286,-1.5651287137304093,1.129930671152837,120.0310462140434,66.95362481129119
19754,019754,1842.404839758716,1842.404839758716,1934.754952608012,1934.754952608012,2.047493806442693,0.01132193851634119,-1.5412444667550063,0.030238908236011552,-1.5662469692397305,1.128173733560131,121.8558717032652,67.74032599935602
19761,019761,1842.404839758716,1842.404839758716,1934.754952608012,1934.754952608012,2.047493806442693,0.01132193851634119,-1.5412444667550063,0.030238908236011552,-1.5662469692397305,1.128173733560131,121.8558717032652,67.74032599935602
19770,019770,1857.34965296426,1857.34965296426,1917.924623722001,1917.924623722001,2.015306616523902,0.0004902130710700773,-1.5922332210785368,-0.014674245860053241,-1.5741902425771948,1.125060013269004,121.1604837134374,67.28731745081727
19780,019780,1863.741408936456,1863.741408936456,1907.013643152467,1907.013643152467,2.005329759075146,-0.003650044106571175,-1.5887481757638633,-0.014656299128578557,-1.575956084520097,1.11944171485232,120.9702880538638,67.1682674453265
19784,019784,1863.741408936456,1863.741408936456,1907.013643152467,1907.013643152467,2.00447886760607,-0.01270781496313672,-1.5188653261385996,0.01643271269900077,-1.5727766151929443,1.102109518675779,120.9702880538638,67.1682674453265
19796,019796,1880.974214387733,1880.974214387733,1915.779220181504,1915.779220181504,1.977851236897697,-0.006727592148754134,-1.569591747497633,-0.01629538688615913,-1.5688506905097992,1.100166968750412,119.4299449008713,66.58945770112874
19800,019800,1846.470459745119,1846.470459745119,1934.237294246353,1934.237294246353,2.053116246097614,0.007127191254660563,-1.5532465545489462,0.04239655825563713,-1.585496144359086,1.126073558516028,121.8482000805993,67.76262613512169
19802,019802,1863.741408936456,1863.741408936456,1907.013643152467,1907.013643152467,2.00447886760607,-0.01270781496313672,-1.5188653261385996,0.01643271269900077,-1.5727766151929443,1.102109518675779,120.9702880538638,67.1682674453265
19807,019807,1859.746969636308,1859.746969636308,1914.204755444865,1914.204755444865,2.009231466004983,-0.002970823641278691,-1.5646779031491849,0.02956119474784027,-1.5405950950370737,1.136123277061316,120.581700743319,67.21490441580156
19813,019813,1863.741408936456,1863.741408936456,1907.013643152467,1907.013643152467,2.00447886760607,-0.01270781496313672,-1.5188653261385996,0.01643271269900077,-1.5727766151929443,1.102109518675779,120.9702880538638,67.1682674453265
19816,019816,1863.334264630649,1863.334264630649,1907.62696303471,1907.62696303471,2.015970272322051,0.008957195838649488,-1.5225925316185862,0.015377765957622191,-1.5681989866297787,1.131092790341723,121.100845132532,67.24295811544353
19819,019819,1846.470459745119,1846.470459745119,1934.237294246353,1934.237294246353,2.053116246097614,0.007127191254660563,-1.5532465545489462,0.04239655825563713,-1.585496144359086,1.126073558516028,121.8482000805993,67.76262613512169
19824,019824,1860.44342061537,1860.44342061537,1931.800446368316,1931.800446368316,2.015408304393497,-0.0003830991732733452,-1.5666471279812573,0.02469796677423977,-1.5966478172441692,1.13414802111517,121.0847164834004,67.28639589561944
19825,019825,1863.741408936456,1863.741408936456,1907.013643152467,1907.013643152467,2.00447886760607,-0.01270781496313672,-1.5188653261385996,0.01643271269900077,-1.5727766151929443,1.102109518675779,120.9702880538638,67.1682674453265
19835,019835,1857.479804288565,1857.479804288565,1922.888630990956,1922.888630990956,2.004635553476707,0.005137445956362164,-1.558016415459667,-0.0031506953783180715,-1.5647864995029954,1.146133774946981,120.7571865009013,67.36403230763489
19855,019855,1863.741408936456,1863.741408936456,1907.013643152467,1907.013643152467,2.00447886760607,-0.01270781496313672,-1.5188653261385996,0.01643271269900077,-1.5727766151929443,1.102109518675779,120.9702880538638,67.1682674453265
19864,019864,1842.404839758716,1842.404839758716,1934.754952608012,1934.754952608012,2.049676593409205,0.00840991717115261,-1.5282289359939825,0.030133228316926594,-1.5689091484340498,1.12962535674074,121.8558717032652,67.74032599935602
19874,019874,1863.741408936456,1863.741408936456,1907.013643152467,1907.013643152467,2.00447886760607,-0.01270781496313672,-1.5188653261385996,0.01643271269900077,-1.5727766151929443,1.102109518675779,120.9702880538638,67.1682674453265
19885,019885,1860.44342061537,1860.44342061537,1931.800446368316,1931.800446368316,2.014037351924079,-0.002481086856738699,-1.5657787946070796,0.024763195053972537,-1.5905180797729668,1.128847994220851,121.0847164834004,67.28639589561944
19890,019890,1863.741408936456,1863.741408936456,1907.013643152467,1907.013643152467,2.00447886760607,-0.01270781496313672,-1.5188653261385996,0.01643271269900077,-1.5727766151929443,1.102109518675779,120.9702880538638,67.1682674453265
19912,019912,1857.479804288565,1857.479804288565,1922.888630990956,1922.888630990956,2.004635553476707,0.005137445956362164,-1.558016415459667,-0.0031506953783180715,-1.5647864995029954,1.146133774946981,120.7571865009013,67.36403230763489
19921,019921,1860.44342061537,1860.44342061537,1931.800446368316,1931.800446368316,2.014037351924079,-0.002481086856738699,-1.5657787946070796,0.024763195053972537,-1.5905180797729668,1.128847994220851,121.0847164834004,67.28639589561944
19928,019928,1866.254649589019,1866.254649589019,1919.254029415608,1919.254029415608,2.022382969590999,-0.003597953696000636,-1.5700586556197347,0.014603913747234055,-1.5640112962393267,1.130147879676854,120.0310462140434,66.95362481129119
19941,019941,1866.254649589019,1866.254649589019,1919.254029415608,1919.254029415608,2.023073685447837,-0.001729120249509546,-1.5676469090071028,0.013673190861190706,-1.5633595192911118,1.129930671152837,120.0310462140434,66.95362481129119
19943,019943,1842.404839758716,1842.404839758716,1934.754952608012,1934.754952608012,2.047493806442693,0.01132193851634119,-1.5412444667550063,0.030238908236011552,-1.5662469692397305,1.128173733560131,121.8558717032652,67.74032599935602
19946,019946,1857.34965296426,1857.34965296426,1917.924623722001,1917.924623722001,2.015306616523902,0.0004902130710700773,-1.5922332210785368,-0.014674245860053241,-1.5741902425771948,1.125060013269004,121.1604837134374,67.28731745081727
19951,019951,1857.34965296426,1857.34965296426,1917.924623722001,1917.924623722001,2.015306616523902,0.0004902130710700773,-1.5922332470746603,-0.014668153580254308,-1.5759355608146708,1.125060013269004,121.1604837134374,67.28731745081727
19983,019983,1880.974214387733,1880.974214387733,1915.779220181504,1915.779220181504,1.977851236897697,-0.006727592148754134,-1.569591747497633,-0.01629538688615913,-1.5688506905097992,1.100166968750412,119.4299449008713,66.58945770112874
20027,020027,1847.919204237398,1847.919204237398,1921.263788490785,1921.263788490785,2.044438354629837,-0.006856317126254376,-1.560158957252722,0.017867231154737557,-1.5309950989703125,1.124371377834915,121.2376221304691,67.59771650670672
20030,020030,1863.741408936456,1863.741408936456,1907.013643152467,1907.013643152467,2.00447886760607,-0.01270781496313672,-1.5188653261385996,0.01643271269900077,-1.5727766151929443,1.102109518675779,120.9702880538638,67.1682674453265
20048,020048,1863.741408936456,1863.741408936456,1907.013643152467,1907.013643152467,2.00447886760607,-0.01270781496313672,-1.5188653261385996,0.01643271269900077,-1.5727766151929443,1.102109518675779,120.9702880538638,67.1682674453265
20054,020054,1863.741408936456,1863.741408936456,1907.013643152467,1907.013643152467,2.00447886760607,-0.01270781496313672,-1.5188653261385996,0.01643271269900077,-1.5727766151929443,1.102109518675779,120.9702880538638,67.1682674453265
20058,020058,1866.254649589019,1866.254649589019,1919.254029415608,1919.254029415608,2.023073685447837,-0.001729120249509546,-1.569392313614426,0.013692241791982286,-1.5651287137304093,1.129930671152837,120.0310462140434,66.95362481129119
20061,020061,1863.741408936456,1863.741408936456,1907.013643152467,1907.013643152467,2.005329759075146,-0.003650044106571175,-1.5887481757638633,-0.014656299128578557,-1.575956084520097,1.11944171485232,120.9702880538638,67.1682674453265
20063,020063,1863.334264630649,1863.334264630649,1907.62696303471,1907.62696303471,2.015970272322051,0.008957195838649488,-1.5225925316185862,0.015377765957622191,-1.5681989866297787,1.131092790341723,121.100845132532,67.24295811544353
20069,020069,1863.741408936456,1863.741408936456,1907.013643152467,1907.013643152467,2.005329759075146,-0.003650044106571175,-1.5887481757638633,-0.014656299128578557,-1.575956084520097,1.11944171485232,120.9702880538638,67.1682674453265
20087,020087,1863.741408936456,1863.741408936456,1907.013643152467,1907.013643152467,2.00447886760607,-0.01270781496313672,-1.5188653261385996,0.01643271269900077,-1.5727766151929443,1.102109518675779,120.9702880538638,67.1682674453265
20120,020120,1863.741408936456,1863.741408936456,1907.013643152467,1907.013643152467,2.00447886760607,-0.01270781496313672,-1.520610887543998,0.0164292314171461,-1.5728052951803733,1.102109518675779,120.9702880538638,67.1682674453265
20124,020124,1842.404839758716,1842.404839758716,1934.754952608012,1934.754952608012,2.047493806442693,0.01132193851634119,-1.5412444667550063,0.030238908236011552,-1.5662469692397305,1.128173733560131,121.8558717032652,67.74032599935602
20134,020134,1860.44342061537,1860.44342061537,1931.800446368316,1931.800446368316,2.014037351924079,-0.002481086856738699,-1.5657787946070796,0.024763195053972537,-1.5905180797729668,1.128847994220851,121.0847164834004,67.28639589561944
20141,020141,1863.741408936456,1863.741408936456,1907.013643152467,1907.013643152467,2.00447886760607,-0.01270781496313672,-1.5188653261385996,0.01643271269900077,-1.5727766151929443,1.102109518675779,120.9702880538638,67.1682674453265
20149,020149,1863.741408936456,1863.741408936456,1907.013643152467,1907.013643152467,2.00447886760607,-0.01270781496313672,-1.5188653261385996,0.01643271269900077,-1.5727766151929443,1.102109518675779,120.9702880538638,67.1682674453265
20150,020150,1863.741408936456,1863.741408936456,1907.013643152467,1907.013643152467,2.00447886760607,-0.01270781496313672,-1.5188653261385996,0.01643271269900077,-1.5727766151929443,1.102109518675779,120.9702880538638,67.1682674453265
20157,020157,1857.34965296426,1857.34965296426,1917.924623722001,1917.924623722001,2.015306616523902,0.0004902130710700773,-1.5904877533289208,-0.014659161626945269,-1.5759611552265513,1.125060013269004,121.1604837134374,67.28731745081727
20167,020167,1863.334264630649,1863.334264630649,1907.62696303471,1907.62696303471,2.015970272322051,0.008957195838649488,-1.5225925316185862,0.015377765957622191,-1.5681989866297787,1.131092790341723,121.100845132532,67.24295811544353
20171,020171,1863.334264630649,1863.334264630649,1907.62696303471,1907.62696303471,2.015970272322051,0.008957195838649488,-1.5225925316185862,0.015377765957622191,-1.5681989866297787,1.131092790341723,121.100845132532,67.24295811544353
20186,020186,1863.741408936456,1863.741408936456,1907.013643152467,1907.013643152467,2.00447886760607,-0.01270781496313672,-1.5188653261385996,0.01643271269900077,-1.5727766151929443,1.102109518675779,120.9702880538638,67.1682674453265
20197,020197,1863.741408936456,1863.741408936456,1907.013643152467,1907.013643152467,2.00447886760607,-0.01270781496313672,-1.5188653261385996,0.01643271269900077,-1.5727766151929443,1.102109518675779,120.9702880538638,67.1682674453265
20208,020208,1866.254649589019,1866.254649589019,1919.254029415608,1919.254029415608,2.023073685447837,-0.001729120249509546,-1.5676469090071028,0.013673190861190706,-1.5633595192911118,1.129930671152837,120.0310462140434,66.95362481129119
20228,020228,1863.741408936456,1863.741408936456,1907.013643152467,1907.013643152467,2.00447886760607,-0.01270781496313672,-1.5188653261385996,0.01643271269900077,-1.5727766151929443,1.102109518675779,120.9702880538638,67.1682674453265
20241,020241,1842.404839758716,1842.404839758716,1934.754952608012,1934.754952608012,2.047675672878231,-0.0008088519803433994,-1.5463809369329333,0.018223619576595716,-1.5698706421433766,1.130112894375679,121.8558717032652,67.74032599935602
20266,020266,1866.254649589019,1866.254649589019,1919.254029415608,1919.254029415608,2.023073685447837,-0.001729120249509546,-1.5676469090071028,0.013673190861190706,-1.5633595192911118,1.129930671152837,120.0310462140434,66.95362481129119
20282,020282,1846.470459745119,1846.470459745119,1934.237294246353,1934.237294246353,2.053116246097614,0.007127191254660563,-1.5532465545489462,0.04239655825563713,-1.585496144359086,1.126073558516028,121.8482000805993,67.76262613512169
20297,020297,1863.334264630649,1863.334264630649,1907.62696303471,1907.62696303471,2.015970272322051,0.008957195838649488,-1.5225925316185862,0.015377765957622191,-1.5681989866297787,1.131092790341723,121.100845132532,67.24295811544353
20298,020298,1842.404839758716,1842.404839758716,1934.754952608012,1934.754952608012,2.049676593409205,0.00840991717115261,-1.5282289359939825,0.030133228316926594,-1.5689091484340498,1.12962535674074,121.8558717032652,67.74032599935602
20303,020303,1857.479804288565,1857.479804288565,1922.888630990956,1922.888630990956,2.004635553476707,0.005137445956362164,-1.558016415459667,-0.0031506953783180715,-1.5647864995029954,1.146133774946981,120.7571865009013,67.36403230763489
20313,020313,1857.34965296426,1857.34965296426,1917.924623722001,1917.924623722001,2.015306616523902,0.0004902130710700773,-1.5922332470746603,-0.014668153580254308,-1.5759355608146708,1.125060013269004,121.1604837134374,67.28731745081727
20316,020316,1857.479804288565,1857.479804288565,1922.888630990956,1922.888630990956,2.004635553476707,0.005137445956362164,-1.558016415459667,-0.0031506953783180715,-1.5647864995029954,1.146133774946981,120.7571865009013,67.36403230763489
20322,020322,1857.34965296426,1857.34965296426,1917.924623722001,1917.924623722001,2.015306616523902,0.0004902130710700773,-1.5922332210785368,-0.014674245860053241,-1.5741902425771948,1.125060013269004,121.1604837134374,67.28731745081727
20335,020335,1857.34965296426,1857.34965296426,1917.924623722001,1917.924623722001,2.015306616523902,0.0004902130710700773,-1.5922332470746603,-0.014668153580254308,-1.5759355608146708,1.125060013269004,121.1604837134374,67.28731745081727
20339,020339,1857.479804288565,1857.479804288565,1922.888630990956,1922.888630990956,2.004635553476707,0.005137445956362164,-1.558016415459667,-0.0031506953783180715,-1.5647864995029954,1.146133774946981,120.7571865009013,67.36403230763489
20341,020341,1880.974214387733,1880.974214387733,1915.779220181504,1915.779220181504,1.977851236897697,-0.006727592148754134,-1.5713373051013404,-0.016291966292714507,-1.5688222502099622,1.100166968750412,119.4299449008713,66.58945770112874
20342,020342,1842.404839758716,1842.404839758716,1934.754952608012,1934.754952608012,2.047493806442693,0.01132193851634119,-1.5412444667550063,0.030238908236011552,-1.5662469692397305,1.128173733560131,121.8558717032652,67.74032599935602
20349,020349,1863.334264630649,1863.334264630649,1907.62696303471,1907.62696303471,2.015970272322051,0.008957195838649488,-1.5225925316185862,0.015377765957622191,-1.5681989866297787,1.131092790341723,121.100845132532,67.24295811544353
20372,020372,1842.404839758716,1842.404839758716,1934.754952608012,1934.754952608012,2.049676593409205,0.00840991717115261,-1.5282289359939825,0.030133228316926594,-1.5689091484340498,1.12962535674074,121.8558717032652,67.74032599935602
20375,020375,1863.741408936456,1863.741408936456,1907.013643152467,1907.013643152467,2.00447886760607,-0.01270781496313672,-1.5188653261385996,0.01643271269900077,-1.5727766151929443,1.102109518675779,120.9702880538638,67.1682674453265
20385,020385,1842.404839758716,1842.404839758716,1934.754952608012,1934.754952608012,2.045975662868765,-0.002400173486311045,-1.55338857412205,0.01825416843181658,-1.577136067995388,1.130651936362605,121.8558717032652,67.74032599935602
20387,020387,1857.479804288565,1857.479804288565,1922.888630990956,1922.888630990956,2.004635553476707,0.005137445956362164,-1.558016415459667,-0.0031506953783180715,-1.5647864995029954,1.146133774946981,120.7571865009013,67.36403230763489
20394,020394,1846.470459745119,1846.470459745119,1934.237294246353,1934.237294246353,2.053116246097614,0.007127191254660563,-1.5532465545489462,0.04239655825563713,-1.585496144359086,1.126073558516028,121.8482000805993,67.76262613512169
20402,020402,1857.34965296426,1857.34965296426,1917.924623722001,1917.924623722001,2.015306616523902,0.0004902130710700773,-1.5922332210785368,-0.014674245860053241,-1.5741902425771948,1.125060013269004,121.1604837134374,67.28731745081727
20429,020429,1863.741408936456,1863.741408936456,1907.013643152467,1907.013643152467,2.00447886760607,-0.01270781496313672,-1.5188653261385996,0.01643271269900077,-1.5727766151929443,1.102109518675779,120.9702880538638,67.1682674453265
20442,020442,1859.746969636308,1859.746969636308,1914.204755444865,1914.204755444865,2.009231466004983,-0.002970823641278691,-1.5646779031491849,0.02956119474784027,-1.5405950950370737,1.136123277061316,120.581700743319,67.21490441580156
20489,020489,1859.746969636308,1859.746969636308,1914.204755444865,1914.204755444865,2.009231466004983,-0.002970823641278691,-1.5629319833589455,0.02952976018188684,-1.5422887360998494,1.136123277061316,120.581700743319,67.21490441580156
20500,020500,1842.404839758716,1842.404839758716,1934.754952608012,1934.754952608012,2.047493806442693,0.01132193851634119,-1.5412444667550063,0.030238908236011552,-1.5662469692397305,1.128173733560131,121.8558717032652,67.74032599935602
20504,020504,1857.34965296426,1857.34965296426,1917.924623722001,1917.924623722001,2.015306616523902,0.0004902130710700773,-1.5922332470746603,-0.014668153580254308,-1.5759355608146708,1.125060013269004,121.1604837134374,67.28731745081727
20567,020567,1863.741408936456,1863.741408936456,1907.013643152467,1907.013643152467,2.00447886760607,-0.01270781496313672,-1.5188653261385996,0.01643271269900077,-1.5727766151929443,1.102109518675779,120.9702880538638,67.1682674453265
20568,020568,1880.974214387733,1880.974214387733,1915.779220181504,1915.779220181504,1.977851236897697,-0.006727592148754134,-1.569591747497633,-0.01629538688615913,-1.5688506905097992,1.100166968750412,119.4299449008713,66.58945770112874
20606,020606,1859.746969636308,1859.746969636308,1914.204755444865,1914.204755444865,2.009231466004983,-0.002970823641278691,-1.5646779031491849,0.02956119474784027,-1.5405950950370737,1.136123277061316,120.581700743319,67.21490441580156
20622,020622,1857.34965296426,1857.34965296426,1917.924623722001,1917.924623722001,2.015306616523902,0.0004902130710700773,-1.5904877533289208,-0.014659161626945269,-1.5759611552265513,1.125060013269004,121.1604837134374,67.28731745081727
20628,020628,1880.974214387733,1880.974214387733,1915.779220181504,1915.779220181504,1.977851236897697,-0.006727592148754134,-1.569591747497633,-0.01629538688615913,-1.5688506905097992,1.100166968750412,119.4299449008713,66.58945770112874
20633,020633,1863.741408936456,1863.741408936456,1907.013643152467,1907.013643152467,2.00447886760607,-0.01270781496313672,-1.5188653261385996,0.01643271269900077,-1.5727766151929443,1.102109518675779,120.9702880538638,67.1682674453265
20637,020637,1866.254649589019,1866.254649589019,1919.254029415608,1919.254029415608,2.023073685447837,-0.001729120249509546,-1.5676469090071028,0.013673190861190706,-1.5633595192911118,1.129930671152837,120.0310462140434,66.95362481129119
20664,020664,1842.404839758716,1842.404839758716,1934.754952608012,1934.754952608012,2.047493806442693,0.01132193851634119,-1.5412444667550063,0.030238908236011552,-1.5662469692397305,1.128173733560131,121.8558717032652,67.74032599935602
20667,020667,1857.479804288565,1857.479804288565,1922.888630990956,1922.888630990956,2.004635553476707,0.005137445956362164,-1.558016415459667,-0.0031506953783180715,-1.5647864995029954,1.146133774946981,120.7571865009013,67.36403230763489
20680,020680,1863.741408936456,1863.741408936456,1907.013643152467,1907.013643152467,2.00447886760607,-0.01270781496313672,-1.520610887543998,0.0164292314171461,-1.5728052951803733,1.102109518675779,120.9702880538638,67.1682674453265
20682,020682,1880.974214387733,1880.974214387733,1915.779220181504,1915.779220181504,1.977851236897697,-0.006727592148754134,-1.5713373051013404,-0.016291966292714507,-1.5688222502099622,1.100166968750412,119.4299449008713,66.58945770112874
20683,020683,1842.404839758716,1842.404839758716,1934.754952608012,1934.754952608012,2.045975662868765,-0.002400173486311045,-1.55338857412205,0.01825416843181658,-1.577136067995388,1.130651936362605,121.8558717032652,67.74032599935602
20690,020690,1858.597086427252,1858.597086427252,1924.42584741907,1924.42584741907,2.029652670668384,0.006069991084438096,-1.5481785083094486,0.042104190812269744,-1.5829092444598964,1.133153905263153,121.4569399168275,67.46593912807965
20701,020701,1880.974214387733,1880.974214387733,1915.779220181504,1915.779220181504,1.977851236897697,-0.006727592148754134,-1.5713373051013404,-0.016291966292714507,-1.5688222502099622,1.100166968750412,119.4299449008713,66.58945770112874
20723,020723,1859.633325720178,1859.633325720178,1926.337015754446,1926.337015754446,1.997003502293789,0.007118608021303436,-1.5655439822728348,-0.002684599072072188,-1.570856670035724,1.144582618675452,120.6792689337453,67.26448936786939
20734,020734,1863.741408936456,1863.741408936456,1907.013643152467,1907.013643152467,2.00447886760607,-0.01270781496313672,-1.520610887543998,0.0164292314171461,-1.5728052951803733,1.102109518675779,120.9702880538638,67.1682674453265
20763,020763,1846.470459745119,1846.470459745119,1934.237294246353,1934.237294246353,2.053116246097614,0.007127191254660563,-1.5532465545489462,0.04239655825563713,-1.585496144359086,1.126073558516028,121.8482000805993,67.76262613512169
20767,020767,1863.334264630649,1863.334264630649,1907.62696303471,1907.62696303471,2.015970272322051,0.008957195838649488,-1.5225925316185862,0.015377765957622191,-1.5681989866297787,1.131092790341723,121.100845132532,67.24295811544353
20775,020775,1863.741408936456,1863.741408936456,1907.013643152467,1907.013643152467,2.00447886760607,-0.01270781496313672,-1.5188653261385996,0.01643271269900077,-1.5727766151929443,1.102109518675779,120.9702880538638,67.1682674453265
20778,020778,1863.334264630649,1863.334264630649,1907.62696303471,1907.62696303471,2.015970272322051,0.008957195838649488,-1.5225925316185862,0.015377765957622191,-1.5681989866297787,1.131092790341723,121.100845132532,67.24295811544353
20787,020787,1842.404839758716,1842.404839758716,1934.754952608012,1934.754952608012,2.047493806442693,0.01132193851634119,-1.5412444667550063,0.030238908236011552,-1.5662469692397305,1.128173733560131,121.8558717032652,67.74032599935602
20795,020795,1847.919204237398,1847.919204237398,1921.263788490785,1921.263788490785,2.044438354629837,-0.006856317126254376,-1.56190185876231,0.01797318165006547,-1.538007519872931,1.124371377834915,121.2376221304691,67.59771650670672
20808,020808,1842.404839758716,1842.404839758716,1934.754952608012,1934.754952608012,2.047493806442693,0.01132193851634119,-1.5412444667550063,0.030238908236011552,-1.5662469692397305,1.128173733560131,121.8558717032652,67.74032599935602
20809,020809,1846.470459745119,1846.470459745119,1934.237294246353,1934.237294246353,2.053116246097614,0.007127191254660563,-1.5532465545489462,0.04239655825563713,-1.585496144359086,1.126073558516028,121.8482000805993,67.76262613512169
20814,020814,1857.34965296426,1857.34965296426,1917.924623722001,1917.924623722001,2.015306616523902,0.0004902130710700773,-1.5922332210785368,-0.014674245860053241,-1.5741902425771948,1.125060013269004,121.1604837134374,67.28731745081727
20844,020844,1859.746969636308,1859.746969636308,1914.204755444865,1914.204755444865,2.009231466004983,-0.002970823641278691,-1.5646779031491849,0.02956119474784027,-1.5405950950370737,1.136123277061316,120.581700743319,67.21490441580156
20859,020859,1863.741408936456,1863.741408936456,1907.013643152467,1907.013643152467,2.00447886760607,-0.01270781496313672,-1.5188653261385996,0.01643271269900077,-1.5727766151929443,1.102109518675779,120.9702880538638,67.1682674453265
20871,020871,1859.746969636308,1859.746969636308,1914.204755444865,1914.204755444865,2.009231466004983,-0.002970823641278691,-1.5646779031491849,0.02956119474784027,-1.5405950950370737,1.136123277061316,120.581700743319,67.21490441580156
20872,020872,1842.404839758716,1842.404839758716,1934.754952608012,1934.754952608012,2.047493806442693,0.01132193851634119,-1.5412444667550063,0.030238908236011552,-1.5662469692397305,1.128173733560131,121.8558717032652,67.74032599935602
20875,020875,1842.404839758716,1842.404839758716,1934.754952608012,1934.754952608012,2.047493806442693,0.01132193851634119,-1.5412444667550063,0.030238908236011552,-1.5662469692397305,1.128173733560131,121.8558717032652,67.74032599935602
20892,020892,1842.404839758716,1842.404839758716,1934.754952608012,1934.754952608012,2.047493806442693,0.01132193851634119,-1.5412444667550063,0.030238908236011552,-1.5662469692397305,1.128173733560131,121.8558717032652,67.74032599935602
20893,020893,1842.404839758716,1842.404839758716,1934.754952608012,1934.754952608012,2.047493806442693,0.01132193851634119,-1.5412444667550063,0.030238908236011552,-1.5662469692397305,1.128173733560131,121.8558717032652,67.74032599935602
20894,020894,1880.974214387733,1880.974214387733,1915.779220181504,1915.779220181504,1.977851236897697,-0.006727592148754134,-1.569591747497633,-0.01629538688615913,-1.5688506905097992,1.100166968750412,119.4299449008713,66.58945770112874
20902,020902,1842.404839758716,1842.404839758716,1934.754952608012,1934.754952608012,2.047493806442693,0.01132193851634119,-1.5412444667550063,0.030238908236011552,-1.5662469692397305,1.128173733560131,121.8558717032652,67.74032599935602
20916,020916,1866.254649589019,1866.254649589019,1919.254029415608,1919.254029415608,2.023073685447837,-0.001729120249509546,-1.5676468490155226,0.013682329143988894,-1.5651048237980518,1.129930671152837,120.0310462140434,66.95362481129119
20920,020920,1859.746969636308,1859.746969636308,1914.204755444865,1914.204755444865,2.009231466004983,-0.002970823641278691,-1.5646779031491849,0.02956119474784027,-1.5405950950370737,1.136123277061316,120.581700743319,67.21490441580156
20929,020929,1859.633325720178,1859.633325720178,1926.337015754446,1926.337015754446,1.997003502293789,0.007118608021303436,-1.5655439822728348,-0.002684599072072188,-1.570856670035724,1.144582618675452,120.6792689337453,67.26448936786939
20942,020942,1846.470459745119,1846.470459745119,1934.237294246353,1934.237294246353,2.053116246097614,0.007127191254660563,-1.5532465545489462,0.04239655825563713,-1.585496144359086,1.126073558516028,121.8482000805993,67.76262613512169
20957,020957,1842.404839758716,1842.404839758716,1934.754952608012,1934.754952608012,2.049676593409205,0.00840991717115261,-1.5282289359939825,0.030133228316926594,-1.5689091484340498,1.12962535674074,121.8558717032652,67.74032599935602
20960,020960,1857.479804288565,1857.479804288565,1922.888630990956,1922.888630990956,2.004635553476707,0.005137445956362164,-1.558016415459667,-0.0031506953783180715,-1.5647864995029954,1.146133774946981,120.7571865009013,67.36403230763489
20962,020962,1857.34965296426,1857.34965296426,1917.924623722001,1917.924623722001,2.015306616523902,0.0004902130710700773,-1.5922332470746603,-0.014668153580254308,-1.5759355608146708,1.125060013269004,121.1604837134374,67.28731745081727
20963,020963,1863.741408936456,1863.741408936456,1907.013643152467,1907.013643152467,2.00447886760607,-0.01270781496313672,-1.5188653261385996,0.01643271269900077,-1.5727766151929443,1.102109518675779,120.9702880538638,67.1682674453265
20976,020976,1863.334264630649,1863.334264630649,1907.62696303471,1907.62696303471,2.015970272322051,0.008957195838649488,-1.5225925316185862,0.015377765957622191,-1.5681989866297787,1.131092790341723,121.100845132532,67.24295811544353
20980,020980,1880.974214387733,1880.974214387733,1915.779220181504,1915.779220181504,1.977851236897697,-0.006727592148754134,-1.569591747497633,-0.01629538688615913,-1.5688506905097992,1.100166968750412,119.4299449008713,66.58945770112874
20982,020982,1842.404839758716,1842.404839758716,1934.754952608012,1934.754952608012,2.049676593409205,0.00840991717115261,-1.5282289359939825,0.030133228316926594,-1.5689091484340498,1.12962535674074,121.8558717032652,67.74032599935602
20989,020989,1859.633325720178,1859.633325720178,1926.337015754446,1926.337015754446,1.997003502293789,0.007118608021303436,-1.5655439822728348,-0.002684599072072188,-1.570856670035724,1.144582618675452,120.6792689337453,67.26448936786939
20999,020999,1857.34965296426,1857.34965296426,1917.924623722001,1917.924623722001,2.015306616523902,0.0004902130710700773,-1.5922332470746603,-0.014668153580254308,-1.5759355608146708,1.125060013269004,121.1604837134374,67.28731745081727
21000,021000,1863.334264630649,1863.334264630649,1907.62696303471,1907.62696303471,2.015970272322051,0.008957195838649488,-1.5225925316185862,0.015377765957622191,-1.5681989866297787,1.131092790341723,121.100845132532,67.24295811544353
21029,021029,1842.404839758716,1842.404839758716,1934.754952608012,1934.754952608012,2.047493806442693,0.01132193851634119,-1.5412444667550063,0.030238908236011552,-1.5662469692397305,1.128173733560131,121.8558717032652,67.74032599935602
21034,021034,1842.404839758716,1842.404839758716,1934.754952608012,1934.754952608012,2.047493806442693,0.01132193851634119,-1.5412444667550063,0.030238908236011552,-1.5662469692397305,1.128173733560131,121.8558717032652,67.74032599935602
21049,021049,1857.479804288565,1857.479804288565,1922.888630990956,1922.888630990956,2.004635553476707,0.005137445956362164,-1.5510357394219714,-0.003256540141911394,-1.5595730426885313,1.146133774946981,120.7571865009013,67.36403230763489
21054,021054,1842.404839758716,1842.404839758716,1934.754952608012,1934.754952608012,2.049676593409205,0.00840991717115261,-1.5282289359939825,0.030133228316926594,-1.5689091484340498,1.12962535674074,121.8558717032652,67.74032599935602
21058,021058,1857.479804288565,1857.479804288565,1922.888630990956,1922.888630990956,2.004635553476707,0.005137445956362164,-1.558016415459667,-0.0031506953783180715,-1.5647864995029954,1.146133774946981,120.7571865009013,67.36403230763489
21067,021067,1866.254649589019,1866.254649589019,1919.254029415608,1919.254029415608,2.023073685447837,-0.001729120249509546,-1.569392313614426,0.013692241791982286,-1.5651287137304093,1.129930671152837,120.0310462140434,66.95362481129119
21084,021084,1842.404839758716,1842.404839758716,1934.754952608012,1934.754952608012,2.047493806442693,0.01132193851634119,-1.5412444667550063,0.030238908236011552,-1.5662469692397305,1.128173733560131,121.8558717032652,67.74032599935602
21122,021122,1863.741408936456,1863.741408936456,1907.013643152467,1907.013643152467,2.00447886760607,-0.01270781496313672,-1.520610887543998,0.0164292314171461,-1.5728052951803733,1.102109518675779,120.9702880538638,67.1682674453265
21136,021136,1863.334264630649,1863.334264630649,1907.62696303471,1907.62696303471,2.015970272322051,0.008957195838649488,-1.5225925316185862,0.015377765957622191,-1.5681989866297787,1.131092790341723,121.100845132532,67.24295811544353
21138,021138,1842.404839758716,1842.404839758716,1934.754952608012,1934.754952608012,2.049676593409205,0.00840991717115261,-1.5282289359939825,0.030133228316926594,-1.5689091484340498,1.12962535674074,121.8558717032652,67.74032599935602
21143,021143,1860.44342061537,1860.44342061537,1931.800446368316,1931.800446368316,2.014037351924079,-0.002481086856738699,-1.5657787946070796,0.024763195053972537,-1.5905180797729668,1.128847994220851,121.0847164834004,67.28639589561944
21146,021146,1842.404839758716,1842.404839758716,1934.754952608012,1934.754952608012,2.049676593409205,0.00840991717115261,-1.5282289359939825,0.030133228316926594,-1.5689091484340498,1.12962535674074,121.8558717032652,67.74032599935602
21149,021149,1857.479804288565,1857.479804288565,1922.888630990956,1922.888630990956,2.004635553476707,0.005137445956362164,-1.558016415459667,-0.0031506953783180715,-1.5647864995029954,1.146133774946981,120.7571865009013,67.36403230763489
21157,021157,1863.741408936456,1863.741408936456,1907.013643152467,1907.013643152467,2.00447886760607,-0.01270781496313672,-1.5188653261385996,0.01643271269900077,-1.5727766151929443,1.102109518675779,120.9702880538638,67.1682674453265
21161,021161,1842.404839758716,1842.404839758716,1934.754952608012,1934.754952608012,2.047493806442693,0.01132193851634119,-1.5412444667550063,0.030238908236011552,-1.5662469692397305,1.128173733560131,121.8558717032652,67.74032599935602
21165,021165,1860.44342061537,1860.44342061537,1931.800446368316,1931.800446368316,2.014037351924079,-0.002481086856738699,-1.5657787946070796,0.024763195053972537,-1.5905180797729668,1.128847994220851,121.0847164834004,67.28639589561944
21181,021181,1860.44342061537,1860.44342061537,1931.800446368316,1931.800446368316,2.014037351924079,-0.002481086856738699,-1.5657787946070796,0.024763195053972537,-1.5905180797729668,1.128847994220851,121.0847164834004,67.28639589561944
21187,021187,1863.334264630649,1863.334264630649,1907.62696303471,1907.62696303471,2.015970272322051,0.008957195838649488,-1.5225925316185862,0.015377765957622191,-1.5681989866297787,1.131092790341723,121.100845132532,67.24295811544353
21195,021195,1866.254649589019,1866.254649589019,1919.254029415608,1919.254029415608,2.023073685447837,-0.001729120249509546,-1.569392313614426,0.013692241791982286,-1.5651287137304093,1.129930671152837,120.0310462140434,66.95362481129119
21200,021200,1863.741408936456,1863.741408936456,1907.013643152467,1907.013643152467,2.005329759075146,-0.003650044106571175,-1.5887481941415185,-0.014653253011738941,-1.5777014108444942,1.11944171485232,120.9702880538638,67.1682674453265
21202,021202,1866.254649589019,1866.254649589019,1919.254029415608,1919.254029415608,2.023073685447837,-0.001729120249509546,-1.5676469090071028,0.013673190861190706,-1.5633595192911118,1.129930671152837,120.0310462140434,66.95362481129119
21236,021236,1860.44342061537,1860.44342061537,1931.800446368316,1931.800446368316,2.014037351924079,-0.002481086856738699,-1.5657787946070796,0.024763195053972537,-1.5905180797729668,1.128847994220851,121.0847164834004,67.28639589561944
21254,021254,1863.741408936456,1863.741408936456,1907.013643152467,1907.013643152467,2.00447886760607,-0.01270781496313672,-1.5188653261385996,0.01643271269900077,-1.5727766151929443,1.102109518675779,120.9702880538638,67.1682674453265
21263,021263,1857.34965296426,1857.34965296426,1917.924623722001,1917.924623722001,2.015306616523902,0.0004902130710700773,-1.5922332470746603,-0.014668153580254308,-1.5759355608146708,1.125060013269004,121.1604837134374,67.28731745081727
21288,021288,1863.741408936456,1863.741408936456,1907.013643152467,1907.013643152467,2.00447886760607,-0.01270781496313672,-1.5188653261385996,0.01643271269900077,-1.5727766151929443,1.102109518675779,120.9702880538638,67.1682674453265
21295,021295,1863.334264630649,1863.334264630649,1907.62696303471,1907.62696303471,2.015970272322051,0.008957195838649488,-1.5225925316185862,0.015377765957622191,-1.5681989866297787,1.131092790341723,121.100845132532,67.24295811544353
21303,021303,1880.974214387733,1880.974214387733,1915.779220181504,1915.779220181504,1.977851236897697,-0.006727592148754134,-1.569591747497633,-0.01629538688615913,-1.5688506905097992,1.100166968750412,119.4299449008713,66.58945770112874
21305,021305,1857.479804288565,1857.479804288565,1922.888630990956,1922.888630990956,2.004635553476707,0.005137445956362164,-1.5510357394219714,-0.003256540141911394,-1.5595730426885313,1.146133774946981,120.7571865009013,67.36403230763489
21309,021309,1857.479804288565,1857.479804288565,1922.888630990956,1922.888630990956,2.004635553476707,0.005137445956362164,-1.558016415459667,-0.0031506953783180715,-1.5647864995029954,1.146133774946981,120.7571865009013,67.36403230763489
21322,021322,1842.404839758716,1842.404839758716,1934.754952608012,1934.754952608012,2.047493806442693,0.01132193851634119,-1.5412444667550063,0.030238908236011552,-1.5662469692397305,1.128173733560131,121.8558717032652,67.74032599935602
21327,021327,1857.479804288565,1857.479804288565,1922.888630990956,1922.888630990956,2.004635553476707,0.005137445956362164,-1.558016415459667,-0.0031506953783180715,-1.5647864995029954,1.146133774946981,120.7571865009013,67.36403230763489
21335,021335,1860.564880874244,1860.564880874244,1915.277656000934,1915.277656000934,2.031375676321548,-0.004711303360378697,-1.572197634012666,7.307615744461239e-05,-1.5680679276620353,1.096924474809985,120.4121940536434,67.18210949757325
21350,021350,1863.741408936456,1863.741408936456,1907.013643152467,1907.013643152467,2.00447886760607,-0.01270781496313672,-1.5188653261385996,0.01643271269900077,-1.5727766151929443,1.102109518675779,120.9702880538638,67.1682674453265
21356,021356,1863.334264630649,1863.334264630649,1907.62696303471,1907.62696303471,2.015970272322051,0.008957195838649488,-1.5225925316185862,0.015377765957622191,-1.5681989866297787,1.131092790341723,121.100845132532,67.24295811544353
21364,021364,1866.254649589019,1866.254649589019,1919.254029415608,1919.254029415608,2.023073685447837,-0.001729120249509546,-1.5676468490155226,0.013682329143988894,-1.5651048237980518,1.129930671152837,120.0310462140434,66.95362481129119
21388,021388,1863.741408936456,1863.741408936456,1907.013643152467,1907.013643152467,2.005329759075146,-0.003650044106571175,-1.5887481757638633,-0.014656299128578557,-1.575956084520097,1.11944171485232,120.9702880538638,67.1682674453265
21408,021408,1842.404839758716,1842.404839758716,1934.754952608012,1934.754952608012,2.045975662868765,-0.002400173486311045,-1.55338857412205,0.01825416843181658,-1.577136067995388,1.130651936362605,121.8558717032652,67.74032599935602
21421,021421,1846.470459745119,1846.470459745119,1934.237294246353,1934.237294246353,2.053116246097614,0.007127191254660563,-1.5532465545489462,0.04239655825563713,-1.585496144359086,1.126073558516028,121.8482000805993,67.76262613512169
21423,021423,1857.479804288565,1857.479804288565,1922.888630990956,1922.888630990956,2.004635553476707,0.005137445956362164,-1.558016415459667,-0.0031506953783180715,-1.5647864995029954,1.146133774946981,120.7571865009013,67.36403230763489
21455,021455,1859.633325720178,1859.633325720178,1926.337015754446,1926.337015754446,1.997003502293789,0.007118608021303436,-1.5655439822728348,-0.002684599072072188,-1.570856670035724,1.144582618675452,120.6792689337453,67.26448936786939
21464,021464,1857.34965296426,1857.34965296426,1917.924623722001,1917.924623722001,2.015306616523902,0.0004902130710700773,-1.5922332470746603,-0.014668153580254308,-1.5759355608146708,1.125060013269004,121.1604837134374,67.28731745081727
21485,021485,1859.746969636308,1859.746969636308,1914.204755444865,1914.204755444865,2.009231466004983,-0.002970823641278691,-1.56293139392435,0.02955107472663299,-1.5440339176877833,1.136123277061316,120.581700743319,67.21490441580156
21505,021505,1842.404839758716,1842.404839758716,1934.754952608012,1934.754952608012,2.047493806442693,0.01132193851634119,-1.5412444667550063,0.030238908236011552,-1.5662469692397305,1.128173733560131,121.8558717032652,67.74032599935602
21519,021519,1842.404839758716,1842.404839758716,1934.754952608012,1934.754952608012,2.049676593409205,0.00840991717115261,-1.5282289359939825,0.030133228316926594,-1.5689091484340498,1.12962535674074,121.8558717032652,67.74032599935602
21520,021520,1880.974214387733,1880.974214387733,1915.779220181504,1915.779220181504,1.977851236897697,-0.006727592148754134,-1.569591747497633,-0.01629538688615913,-1.5688506905097992,1.100166968750412,119.4299449008713,66.58945770112874
21546,021546,1866.254649589019,1866.254649589019,1919.254029415608,1919.254029415608,2.022382969590999,-0.003597953696000636,-1.5700586556197347,0.014603913747234055,-1.5640112962393267,1.130147879676854,120.0310462140434,66.95362481129119
21556,021556,1857.479804288565,1857.479804288565,1922.888630990956,1922.888630990956,2.004635553476707,0.005137445956362164,-1.558016415459667,-0.0031506953783180715,-1.5647864995029954,1.146133774946981,120.7571865009013,67.36403230763489
21557,021557,1863.741408936456,1863.741408936456,1907.013643152467,1907.013643152467,2.00447886760607,-0.01270781496313672,-1.5188653261385996,0.01643271269900077,-1.5727766151929443,1.102109518675779,120.9702880538638,67.1682674453265
21559,021559,1863.334264630649,1863.334264630649,1907.62696303471,1907.62696303471,2.015970272322051,0.008957195838649488,-1.5225925316185862,0.015377765957622191,-1.5681989866297787,1.131092790341723,121.100845132532,67.24295811544353
21560,021560,1880.974214387733,1880.974214387733,1915.779220181504,1915.779220181504,1.977851236897697,-0.006727592148754134,-1.569591747497633,-0.01629538688615913,-1.5688506905097992,1.100166968750412,119.4299449008713,66.58945770112874
21575,021575,1842.404839758716,1842.404839758716,1934.754952608012,1934.754952608012,2.047493806442693,0.01132193851634119,-1.5412444667550063,0.030238908236011552,-1.5662469692397305,1.128173733560131,121.8558717032652,67.74032599935602
21586,021586,1847.919204237398,1847.919204237398,1921.263788490785,1921.263788490785,2.044438354629837,-0.006856317126254376,-1.5601564303701785,0.017940294738900124,-1.5414667740539971,1.124371377834915,121.2376221304691,67.59771650670672
21607,021607,1863.741408936456,1863.741408936456,1907.013643152467,1907.013643152467,2.00447886760607,-0.01270781496313672,-1.5188653261385996,0.01643271269900077,-1.5727766151929443,1.102109518675779,120.9702880538638,67.1682674453265
21614,021614,1880.974214387733,1880.974214387733,1915.779220181504,1915.779220181504,1.977851236897697,-0.006727592148754134,-1.5713373051013404,-0.016291966292714507,-1.5688222502099622,1.100166968750412,119.4299449008713,66.58945770112874
21615,021615,1857.34965296426,1857.34965296426,1917.924623722001,1917.924623722001,2.015306616523902,0.0004902130710700773,-1.5922332470746603,-0.014668153580254308,-1.5759355608146708,1.125060013269004,121.1604837134374,67.28731745081727
21616,021616,1842.404839758716,1842.404839758716,1934.754952608012,1934.754952608012,2.049676593409205,0.00840991717115261,-1.5282289359939825,0.030133228316926594,-1.5689091484340498,1.12962535674074,121.8558717032652,67.74032599935602
21621,021621,1863.741408936456,1863.741408936456,1907.013643152467,1907.013643152467,2.005329759075146,-0.003650044106571175,-1.5887481757638633,-0.014656299128578557,-1.575956084520097,1.11944171485232,120.9702880538638,67.1682674453265
21627,021627,1863.741408936456,1863.741408936456,1907.013643152467,1907.013643152467,2.00447886760607,-0.01270781496313672,-1.5188653261385996,0.01643271269900077,-1.5727766151929443,1.102109518675779,120.9702880538638,67.1682674453265
21653,021653,1866.254649589019,1866.254649589019,1919.254029415608,1919.254029415608,2.023073685447837,-0.001729120249509546,-1.569392313614426,0.013692241791982286,-1.5651287137304093,1.129930671152837,120.0310462140434,66.95362481129119
21658,021658,1842.404839758716,1842.404839758716,1934.754952608012,1934.754952608012,2.045975662868765,-0.002400173486311045,-1.55338857412205,0.01825416843181658,-1.577136067995388,1.130651936362605,121.8558717032652,67.74032599935602
21690,021690,1842.404839758716,1842.404839758716,1934.754952608012,1934.754952608012,2.047493806442693,0.01132193851634119,-1.5412444667550063,0.030238908236011552,-1.5662469692397305,1.128173733560131,121.8558717032652,67.74032599935602
21708,021708,1842.404839758716,1842.404839758716,1934.754952608012,1934.754952608012,2.047493806442693,0.01132193851634119,-1.5412444667550063,0.030238908236011552,-1.5662469692397305,1.128173733560131,121.8558717032652,67.74032599935602
21710,021710,1857.479804288565,1857.479804288565,1922.888630990956,1922.888630990956,2.004635553476707,0.005137445956362164,-1.558016415459667,-0.0031506953783180715,-1.5647864995029954,1.146133774946981,120.7571865009013,67.36403230763489
21731,021731,1863.741408936456,1863.741408936456,1907.013643152467,1907.013643152467,2.00447886760607,-0.01270781496313672,-1.5188653261385996,0.01643271269900077,-1.5727766151929443,1.102109518675779,120.9702880538638,67.1682674453265
21742,021742,1863.741408936456,1863.741408936456,1907.013643152467,1907.013643152467,2.005329759075146,-0.003650044106571175,-1.5887481757638633,-0.014656299128578557,-1.575956084520097,1.11944171485232,120.9702880538638,67.1682674453265
21745,021745,1863.741408936456,1863.741408936456,1907.013643152467,1907.013643152467,2.00447886760607,-0.01270781496313672,-1.5188653261385996,0.01643271269900077,-1.5727766151929443,1.102109518675779,120.9702880538638,67.1682674453265
21789,021789,1842.404839758716,1842.404839758716,1934.754952608012,1934.754952608012,2.047493806442693,0.01132193851634119,-1.5412444667550063,0.030238908236011552,-1.5662469692397305,1.128173733560131,121.8558717032652,67.74032599935602
21816,021816,1846.470459745119,1846.470459745119,1934.237294246353,1934.237294246353,2.053116246097614,0.007127191254660563,-1.5532465545489462,0.04239655825563713,-1.585496144359086,1.126073558516028,121.8482000805993,67.76262613512169
21837,021837,1847.919204237398,1847.919204237398,1921.263788490785,1921.263788490785,2.044438354629837,-0.006856317126254376,-1.5601564303701785,0.017940294738900124,-1.5414667740539971,1.124371377834915,121.2376221304691,67.59771650670672
21842,021842,1863.741408936456,1863.741408936456,1907.013643152467,1907.013643152467,2.00447886760607,-0.01270781496313672,-1.5188653261385996,0.01643271269900077,-1.5727766151929443,1.102109518675779,120.9702880538638,67.1682674453265
21843,021843,1847.919204237398,1847.919204237398,1921.263788490785,1921.263788490785,2.044438354629837,-0.006856317126254376,-1.5601564303701785,0.017940294738900124,-1.5414667740539971,1.124371377834915,121.2376221304691,67.59771650670672
21844,021844,1863.334264630649,1863.334264630649,1907.62696303471,1907.62696303471,2.015970272322051,0.008957195838649488,-1.5225925316185862,0.015377765957622191,-1.5681989866297787,1.131092790341723,121.100845132532,67.24295811544353
21859,021859,1847.919204237398,1847.919204237398,1921.263788490785,1921.263788490785,2.044438354629837,-0.006856317126254376,-1.5601557581409167,0.017964654651584994,-1.5449573354257424,1.124371377834915,121.2376221304691,67.59771650670672
21867,021867,1866.254649589019,1866.254649589019,1919.254029415608,1919.254029415608,2.023073685447837,-0.001729120249509546,-1.569392313614426,0.013692241791982286,-1.5651287137304093,1.129930671152837,120.0310462140434,66.95362481129119
21871,021871,1857.479804288565,1857.479804288565,1922.888630990956,1922.888630990956,2.004635553476707,0.005137445956362164,-1.558016415459667,-0.0031506953783180715,-1.5647864995029954,1.146133774946981,120.7571865009013,67.36403230763489
21876,021876,1880.974214387733,1880.974214387733,1915.779220181504,1915.779220181504,1.977851236897697,-0.006727592148754134,-1.569591747497633,-0.01629538688615913,-1.5688506905097992,1.100166968750412,119.4299449008713,66.58945770112874
21880,021880,1842.404839758716,1842.404839758716,1934.754952608012,1934.754952608012,2.047493806442693,0.01132193851634119,-1.5412444667550063,0.030238908236011552,-1.5662469692397305,1.128173733560131,121.8558717032652,67.74032599935602
21887,021887,1846.470459745119,1846.470459745119,1934.237294246353,1934.237294246353,2.053116246097614,0.007127191254660563,-1.5532465545489462,0.04239655825563713,-1.585496144359086,1.126073558516028,121.8482000805993,67.76262613512169
21897,021897,1857.479804288565,1857.479804288565,1922.888630990956,1922.888630990956,2.004635553476707,0.005137445956362164,-1.558016415459667,-0.0031506953783180715,-1.5647864995029954,1.146133774946981,120.7571865009013,67.36403230763489
21899,021899,1842.404839758716,1842.404839758716,1934.754952608012,1934.754952608012,2.049676593409205,0.00840991717115261,-1.5282289359939825,0.030133228316926594,-1.5689091484340498,1.12962535674074,121.8558717032652,67.74032599935602
21908,021908,1857.34965296426,1857.34965296426,1917.924623722001,1917.924623722001,2.015306616523902,0.0004902130710700773,-1.5922332470746603,-0.014668153580254308,-1.5759355608146708,1.125060013269004,121.1604837134374,67.28731745081727
21931,021931,1857.479804288565,1857.479804288565,1922.888630990956,1922.888630990956,2.004635553476707,0.005137445956362164,-1.558016415459667,-0.0031506953783180715,-1.5647864995029954,1.146133774946981,120.7571865009013,67.36403230763489
21950,021950,1859.746969636308,1859.746969636308,1914.204755444865,1914.204755444865,2.009231466004983,-0.002970823641278691,-1.5699128441987793,0.02975543926078322,-1.5477314577859038,1.136123277061316,120.581700743319,67.21490441580156
21963,021963,1880.974214387733,1880.974214387733,1915.779220181504,1915.779220181504,1.977851236897697,-0.006727592148754134,-1.569591747497633,-0.01629538688615913,-1.5688506905097992,1.100166968750412,119.4299449008713,66.58945770112874
21964,021964,1842.404839758716,1842.404839758716,1934.754952608012,1934.754952608012,2.047493806442693,0.01132193851634119,-1.5412444667550063,0.030238908236011552,-1.5662469692397305,1.128173733560131,121.8558717032652,67.74032599935602
21972,021972,1875.341941705681,1875.341941705681,1915.635705796355,1915.635705796355,1.982010734183471,-0.001951416398337044,-1.5952666133753044,0.07678052066715899,-1.6225170415384549,1.132630915685097,119.7869740687292,66.78209093962884
21973,021973,1842.404839758716,1842.404839758716,1934.754952608012,1934.754952608012,2.047493806442693,0.01132193851634119,-1.5412444667550063,0.030238908236011552,-1.5662469692397305,1.128173733560131,121.8558717032652,67.74032599935602
21997,021997,1859.746969636308,1859.746969636308,1914.204755444865,1914.204755444865,2.009231466004983,-0.002970823641278691,-1.5629326100062055,0.029508446697819848,-1.5405435555976825,1.136123277061316,120.581700743319,67.21490441580156
22006,022006,1863.741408936456,1863.741408936456,1907.013643152467,1907.013643152467,2.00447886760607,-0.01270781496313672,-1.5188653261385996,0.01643271269900077,-1.5727766151929443,1.102109518675779,120.9702880538638,67.1682674453265
22029,022029,1857.34965296426,1857.34965296426,1917.924623722001,1917.924623722001,2.015306616523902,0.0004902130710700773,-1.5922332210785368,-0.014674245860053241,-1.5741902425771948,1.125060013269004,121.1604837134374,67.28731745081727
22033,022033,1842.404839758716,1842.404839758716,1934.754952608012,1934.754952608012,2.047493806442693,0.01132193851634119,-1.5412444667550063,0.030238908236011552,-1.5662469692397305,1.128173733560131,121.8558717032652,67.74032599935602
22040,022040,1866.254649589019,1866.254649589019,1919.254029415608,1919.254029415608,2.023073685447837,-0.001729120249509546,-1.5676469090071028,0.013673190861190706,-1.5633595192911118,1.129930671152837,120.0310462140434,66.95362481129119
22049,022049,1857.34965296426,1857.34965296426,1917.924623722001,1917.924623722001,2.015306616523902,0.0004902130710700773,-1.5922332210785368,-0.014674245860053241,-1.5741902425771948,1.125060013269004,121.1604837134374,67.28731745081727
22060,022060,1875.341941705681,1875.341941705681,1915.635705796355,1915.635705796355,1.982010734183471,-0.001951416398337044,-1.5952666133753044,0.07678052066715899,-1.6225170415384549,1.132630915685097,119.7869740687292,66.78209093962884
22079,022079,1847.919204237398,1847.919204237398,1921.263788490785,1921.263788490785,2.044438354629837,-0.006856317126254376,-1.5601557581409167,0.017964654651584994,-1.5449573354257424,1.124371377834915,121.2376221304691,67.59771650670672
22104,022104,1857.34965296426,1857.34965296426,1917.924623722001,1917.924623722001,2.015306616523902,0.0004902130710700773,-1.5922332470746603,-0.014668153580254308,-1.5759355608146708,1.125060013269004,121.1604837134374,67.28731745081727
22109,022109,1846.470459745119,1846.470459745119,1934.237294246353,1934.237294246353,2.053116246097614,0.007127191254660563,-1.5532465545489462,0.04239655825563713,-1.585496144359086,1.126073558516028,121.8482000805993,67.76262613512169
22112,022112,1842.404839758716,1842.404839758716,1934.754952608012,1934.754952608012,2.047493806442693,0.01132193851634119,-1.5412444667550063,0.030238908236011552,-1.5662469692397305,1.128173733560131,121.8558717032652,67.74032599935602
22129,022129,1860.44342061537,1860.44342061537,1931.800446368316,1931.800446368316,2.015408304393497,-0.0003830991732733452,-1.5666471279812573,0.02469796677423977,-1.5966478172441692,1.13414802111517,121.0847164834004,67.28639589561944
22150,022150,1875.341941705681,1875.341941705681,1915.635705796355,1915.635705796355,1.982010734183471,-0.001951416398337044,-1.5952666133753044,0.07678052066715899,-1.6225170415384549,1.132630915685097,119.7869740687292,66.78209093962884
22160,022160,1857.34965296426,1857.34965296426,1917.924623722001,1917.924623722001,2.015306616523902,0.0004902130710700773,-1.5922332210785368,-0.014674245860053241,-1.5741902425771948,1.125060013269004,121.1604837134374,67.28731745081727
22165,022165,1842.404839758716,1842.404839758716,1934.754952608012,1934.754952608012,2.047493806442693,0.01132193851634119,-1.5412444667550063,0.030238908236011552,-1.5662469692397305,1.128173733560131,121.8558717032652,67.74032599935602
22167,022167,1863.741408936456,1863.741408936456,1907.013643152467,1907.013643152467,2.005329759075146,-0.003650044106571175,-1.5887481757638633,-0.014656299128578557,-1.575956084520097,1.11944171485232,120.9702880538638,67.1682674453265
22171,022171,1859.746969636308,1859.746969636308,1914.204755444865,1914.204755444865,2.009231466004983,-0.002970823641278691,-1.56293139392435,0.02955107472663299,-1.5440339176877833,1.136123277061316,120.581700743319,67.21490441580156
22189,022189,1875.341941705681,1875.341941705681,1915.635705796355,1915.635705796355,1.982010734183471,-0.001951416398337044,-1.5952666133753044,0.07678052066715899,-1.6225170415384549,1.132630915685097,119.7869740687292,66.78209093962884
22211,022211,1863.741408936456,1863.741408936456,1907.013643152467,1907.013643152467,2.00447886760607,-0.01270781496313672,-1.5188653261385996,0.01643271269900077,-1.5727766151929443,1.102109518675779,120.9702880538638,67.1682674453265
22247,022247,1860.44342061537,1860.44342061537,1931.800446368316,1931.800446368316,2.014037351924079,-0.002481086856738699,-1.5657787946070796,0.024763195053972537,-1.5905180797729668,1.128847994220851,121.0847164834004,67.28639589561944
22262,022262,1866.254649589019,1866.254649589019,1919.254029415608,1919.254029415608,2.023073685447837,-0.001729120249509546,-1.569392313614426,0.013692241791982286,-1.5651287137304093,1.129930671152837,120.0310462140434,66.95362481129119
22281,022281,1860.44342061537,1860.44342061537,1931.800446368316,1931.800446368316,2.015408304393497,-0.0003830991732733452,-1.5666471279812573,0.02469796677423977,-1.5966478172441692,1.13414802111517,121.0847164834004,67.28639589561944
22283,022283,1842.404839758716,1842.404839758716,1934.754952608012,1934.754952608012,2.047493806442693,0.01132193851634119,-1.5412444667550063,0.030238908236011552,-1.5662469692397305,1.128173733560131,121.8558717032652,67.74032599935602
22292,022292,1863.741408936456,1863.741408936456,1907.013643152467,1907.013643152467,2.00447886760607,-0.01270781496313672,-1.5188653261385996,0.01643271269900077,-1.5727766151929443,1.102109518675779,120.9702880538638,67.1682674453265
22293,022293,1857.34965296426,1857.34965296426,1917.924623722001,1917.924623722001,2.015306616523902,0.0004902130710700773,-1.5922332210785368,-0.014674245860053241,-1.5741902425771948,1.125060013269004,121.1604837134374,67.28731745081727
22305,022305,1857.34965296426,1857.34965296426,1917.924623722001,1917.924623722001,2.015306616523902,0.0004902130710700773,-1.5922332470746603,-0.014668153580254308,-1.5759355608146708,1.125060013269004,121.1604837134374,67.28731745081727
22314,022314,1842.404839758716,1842.404839758716,1934.754952608012,1934.754952608012,2.047493806442693,0.01132193851634119,-1.5412444667550063,0.030238908236011552,-1.5662469692397305,1.128173733560131,121.8558717032652,67.74032599935602
22320,022320,1842.404839758716,1842.404839758716,1934.754952608012,1934.754952608012,2.047493806442693,0.01132193851634119,-1.5412444667550063,0.030238908236011552,-1.5662469692397305,1.128173733560131,121.8558717032652,67.74032599935602
22345,022345,1842.404839758716,1842.404839758716,1934.754952608012,1934.754952608012,2.047493806442693,0.01132193851634119,-1.5412444667550063,0.030238908236011552,-1.5662469692397305,1.128173733560131,121.8558717032652,67.74032599935602
22373,022373,1863.741408936456,1863.741408936456,1907.013643152467,1907.013643152467,2.00447886760607,-0.01270781496313672,-1.5188653261385996,0.01643271269900077,-1.5727766151929443,1.102109518675779,120.9702880538638,67.1682674453265
22374,022374,1860.44342061537,1860.44342061537,1931.800446368316,1931.800446368316,2.014037351924079,-0.002481086856738699,-1.5657787946070796,0.024763195053972537,-1.5905180797729668,1.128847994220851,121.0847164834004,67.28639589561944
22388,022388,1842.404839758716,1842.404839758716,1934.754952608012,1934.754952608012,2.049676593409205,0.00840991717115261,-1.5282289359939825,0.030133228316926594,-1.5689091484340498,1.12962535674074,121.8558717032652,67.74032599935602
22436,022436,1842.404839758716,1842.404839758716,1934.754952608012,1934.754952608012,2.047493806442693,0.01132193851634119,-1.5412444667550063,0.030238908236011552,-1.5662469692397305,1.128173733560131,121.8558717032652,67.74032599935602
22441,022441,1847.919204237398,1847.919204237398,1921.263788490785,1921.263788490785,2.044438354629837,-0.006856317126254376,-1.5601564303701785,0.017940294738900124,-1.5414667740539971,1.124371377834915,121.2376221304691,67.59771650670672
22479,022479,1866.254649589019,1866.254649589019,1919.254029415608,1919.254029415608,2.022382969590999,-0.003597953696000636,-1.5700586556197347,0.014603913747234055,-1.5640112962393267,1.130147879676854,120.0310462140434,66.95362481129119
22496,022496,1859.746969636308,1859.746969636308,1914.204755444865,1914.204755444865,2.009231466004983,-0.002970823641278691,-1.5646779031491849,0.02956119474784027,-1.5405950950370737,1.136123277061316,120.581700743319,67.21490441580156
22507,022507,1857.34965296426,1857.34965296426,1917.924623722001,1917.924623722001,2.015306616523902,0.0004902130710700773,-1.5922332210785368,-0.014674245860053241,-1.5741902425771948,1.125060013269004,121.1604837134374,67.28731745081727
22542,022542,1863.334264630649,1863.334264630649,1907.62696303471,1907.62696303471,2.015970272322051,0.008957195838649488,-1.5225925316185862,0.015377765957622191,-1.5681989866297787,1.131092790341723,121.100845132532,67.24295811544353
22552,022552,1842.404839758716,1842.404839758716,1934.754952608012,1934.754952608012,2.047493806442693,0.01132193851634119,-1.5412444667550063,0.030238908236011552,-1.5662469692397305,1.128173733560131,121.8558717032652,67.74032599935602
22557,022557,1842.404839758716,1842.404839758716,1934.754952608012,1934.754952608012,2.047493806442693,0.01132193851634119,-1.5412444667550063,0.030238908236011552,-1.5662469692397305,1.128173733560131,121.8558717032652,67.74032599935602
22565,022565,1863.741408936456,1863.741408936456,1907.013643152467,1907.013643152467,2.005329759075146,-0.003650044106571175,-1.5887481941415185,-0.014653253011738941,-1.5777014108444942,1.11944171485232,120.9702880538638,67.1682674453265
22586,022586,1863.334264630649,1863.334264630649,1907.62696303471,1907.62696303471,2.015970272322051,0.008957195838649488,-1.5225925316185862,0.015377765957622191,-1.5681989866297787,1.131092790341723,121.100845132532,67.24295811544353
22587,022587,1842.404839758716,1842.404839758716,1934.754952608012,1934.754952608012,2.049676593409205,0.00840991717115261,-1.5282289359939825,0.030133228316926594,-1.5689091484340498,1.12962535674074,121.8558717032652,67.74032599935602
22598,022598,1857.34965296426,1857.34965296426,1917.924623722001,1917.924623722001,2.015306616523902,0.0004902130710700773,-1.5904877533289208,-0.014659161626945269,-1.5759611552265513,1.125060013269004,121.1604837134374,67.28731745081727
22605,022605,1863.741408936456,1863.741408936456,1907.013643152467,1907.013643152467,2.00447886760607,-0.01270781496313672,-1.520610887543998,0.0164292314171461,-1.5728052951803733,1.102109518675779,120.9702880538638,67.1682674453265
22610,022610,1866.254649589019,1866.254649589019,1919.254029415608,1919.254029415608,2.023073685447837,-0.001729120249509546,-1.5676469090071028,0.013673190861190706,-1.5633595192911118,1.129930671152837,120.0310462140434,66.95362481129119
22626,022626,1856.671448728588,1856.671448728588,1915.746331262402,1915.746331262402,2.042682478971495,-0.005963654315013744,-1.5700356970710314,-0.013145616831144192,-1.5688384346121693,1.091214386508083,120.6802679025302,67.34400949340869
22632,022632,1880.974214387733,1880.974214387733,1915.779220181504,1915.779220181504,1.977851236897697,-0.006727592148754134,-1.569591747497633,-0.01629538688615913,-1.5688506905097992,1.100166968750412,119.4299449008713,66.58945770112874
22655,022655,1863.741408936456,1863.741408936456,1907.013643152467,1907.013643152467,2.00447886760607,-0.01270781496313672,-1.5188653261385996,0.01643271269900077,-1.5727766151929443,1.102109518675779,120.9702880538638,67.1682674453265
22666,022666,1880.974214387733,1880.974214387733,1915.779220181504,1915.779220181504,1.977851236897697,-0.006727592148754134,-1.569591747497633,-0.01629538688615913,-1.5688506905097992,1.100166968750412,119.4299449008713,66.58945770112874
22670,022670,1857.479804288565,1857.479804288565,1922.888630990956,1922.888630990956,2.004635553476707,0.005137445956362164,-1.558016415459667,-0.0031506953783180715,-1.5647864995029954,1.146133774946981,120.7571865009013,67.36403230763489
22676,022676,1880.974214387733,1880.974214387733,1915.779220181504,1915.779220181504,1.977851236897697,-0.006727592148754134,-1.569591747497633,-0.01629538688615913,-1.5688506905097992,1.100166968750412,119.4299449008713,66.58945770112874
22682,022682,1859.746969636308,1859.746969636308,1914.204755444865,1914.204755444865,2.009231466004983,-0.002970823641278691,-1.5646779031491849,0.02956119474784027,-1.5405950950370737,1.136123277061316,120.581700743319,67.21490441580156
22685,022685,1842.404839758716,1842.404839758716,1934.754952608012,1934.754952608012,2.047493806442693,0.01132193851634119,-1.5412444667550063,0.030238908236011552,-1.5662469692397305,1.128173733560131,121.8558717032652,67.74032599935602
22687,022687,1863.741408936456,1863.741408936456,1907.013643152467,1907.013643152467,2.00447886760607,-0.01270781496313672,-1.5188653261385996,0.01643271269900077,-1.5727766151929443,1.102109518675779,120.9702880538638,67.1682674453265
22749,022749,1842.404839758716,1842.404839758716,1934.754952608012,1934.754952608012,2.047493806442693,0.01132193851634119,-1.5412444667550063,0.030238908236011552,-1.5662469692397305,1.128173733560131,121.8558717032652,67.74032599935602
22752,022752,1863.741408936456,1863.741408936456,1907.013643152467,1907.013643152467,2.00447886760607,-0.01270781496313672,-1.520610887543998,0.0164292314171461,-1.5728052951803733,1.102109518675779,120.9702880538638,67.1682674453265
22754,022754,1860.44342061537,1860.44342061537,1931.800446368316,1931.800446368316,2.014037351924079,-0.002481086856738699,-1.5657787946070796,0.024763195053972537,-1.5905180797729668,1.128847994220851,121.0847164834004,67.28639589561944
22763,022763,1857.479804288565,1857.479804288565,1922.888630990956,1922.888630990956,2.004635553476707,0.005137445956362164,-1.558016415459667,-0.0031506953783180715,-1.5647864995029954,1.146133774946981,120.7571865009013,67.36403230763489
22764,022764,1863.741408936456,1863.741408936456,1907.013643152467,1907.013643152467,2.00447886760607,-0.01270781496313672,-1.5188653261385996,0.01643271269900077,-1.5727766151929443,1.102109518675779,120.9702880538638,67.1682674453265
22770,022770,1859.633325720178,1859.633325720178,1926.337015754446,1926.337015754446,1.997003502293789,0.007118608021303436,-1.5620533111985258,-0.002684372079317857,-1.5708660406901325,1.144582618675452,120.6792689337453,67.26448936786939
22780,022780,1842.404839758716,1842.404839758716,1934.754952608012,1934.754952608012,2.047493806442693,0.01132193851634119,-1.5412444667550063,0.030238908236011552,-1.5662469692397305,1.128173733560131,121.8558717032652,67.74032599935602
22782,022782,1857.479804288565,1857.479804288565,1922.888630990956,1922.888630990956,2.004635553476707,0.005137445956362164,-1.5510357394219714,-0.003256540141911394,-1.5595730426885313,1.146133774946981,120.7571865009013,67.36403230763489
22810,022810,1866.254649589019,1866.254649589019,1919.254029415608,1919.254029415608,2.023073685447837,-0.001729120249509546,-1.5676468490155226,0.013682329143988894,-1.5651048237980518,1.129930671152837,120.0310462140434,66.95362481129119
22811,022811,1880.974214387733,1880.974214387733,1915.779220181504,1915.779220181504,1.977851236897697,-0.006727592148754134,-1.569591747497633,-0.01629538688615913,-1.5688506905097992,1.100166968750412,119.4299449008713,66.58945770112874
22815,022815,1863.741408936456,1863.741408936456,1907.013643152467,1907.013643152467,2.00447886760607,-0.01270781496313672,-1.5188653261385996,0.01643271269900077,-1.5727766151929443,1.102109518675779,120.9702880538638,67.1682674453265
22821,022821,1863.741408936456,1863.741408936456,1907.013643152467,1907.013643152467,2.00447886760607,-0.01270781496313672,-1.5206108787648793,0.016426185257528793,-1.574550621629867,1.102109518675779,120.9702880538638,67.1682674453265
22826,022826,1863.741408936456,1863.741408936456,1907.013643152467,1907.013643152467,2.00447886760607,-0.01270781496313672,-1.5188653261385996,0.01643271269900077,-1.5727766151929443,1.102109518675779,120.9702880538638,67.1682674453265
22827,022827,1842.404839758716,1842.404839758716,1934.754952608012,1934.754952608012,2.047493806442693,0.01132193851634119,-1.5412444667550063,0.030238908236011552,-1.5662469692397305,1.128173733560131,121.8558717032652,67.74032599935602
22875,022875,1842.404839758716,1842.404839758716,1934.754952608012,1934.754952608012,2.049676593409205,0.00840991717115261,-1.5282289359939825,0.030133228316926594,-1.5689091484340498,1.12962535674074,121.8558717032652,67.74032599935602
22878,022878,1859.746969636308,1859.746969636308,1914.204755444865,1914.204755444865,2.009231466004983,-0.002970823641278691,-1.5629319833589455,0.02952976018188684,-1.5422887360998494,1.136123277061316,120.581700743319,67.21490441580156
22880,022880,1863.741408936456,1863.741408936456,1907.013643152467,1907.013643152467,2.00447886760607,-0.01270781496313672,-1.520610887543998,0.0164292314171461,-1.5728052951803733,1.102109518675779,120.9702880538638,67.1682674453265
22881,022881,1842.404839758716,1842.404839758716,1934.754952608012,1934.754952608012,2.045975662868765,-0.002400173486311045,-1.55338857412205,0.01825416843181658,-1.577136067995388,1.130651936362605,121.8558717032652,67.74032599935602
22891,022891,1858.597086427252,1858.597086427252,1924.42584741907,1924.42584741907,2.029652670668384,0.006069991084438096,-1.5481785083094486,0.042104190812269744,-1.5829092444598964,1.133153905263153,121.4569399168275,67.46593912807965
22892,022892,1857.34965296426,1857.34965296426,1917.924623722001,1917.924623722001,2.015306616523902,0.0004902130710700773,-1.5922332210785368,-0.014674245860053241,-1.5741902425771948,1.125060013269004,121.1604837134374,67.28731745081727
22898,022898,1863.334264630649,1863.334264630649,1907.62696303471,1907.62696303471,2.015970272322051,0.008957195838649488,-1.5225925316185862,0.015377765957622191,-1.5681989866297787,1.131092790341723,121.100845132532,67.24295811544353
22913,022913,1857.34965296426,1857.34965296426,1917.924623722001,1917.924623722001,2.015306616523902,0.0004902130710700773,-1.5922332470746603,-0.014668153580254308,-1.5759355608146708,1.125060013269004,121.1604837134374,67.28731745081727
22923,022923,1880.974214387733,1880.974214387733,1915.779220181504,1915.779220181504,1.977851236897697,-0.006727592148754134,-1.569591747497633,-0.01629538688615913,-1.5688506905097992,1.100166968750412,119.4299449008713,66.58945770112874
22940,022940,1863.741408936456,1863.741408936456,1907.013643152467,1907.013643152467,2.005329759075146,-0.003650044106571175,-1.5887481941415185,-0.014653253011738941,-1.5777014108444942,1.11944171485232,120.9702880538638,67.1682674453265
22942,022942,1847.919204237398,1847.919204237398,1921.263788490785,1921.263788490785,2.044438354629837,-0.006856317126254376,-1.5601557581409167,0.017964654651584994,-1.5449573354257424,1.124371377834915,121.2376221304691,67.59771650670672
22950,022950,1842.404839758716,1842.404839758716,1934.754952608012,1934.754952608012,2.049676593409205,0.00840991717115261,-1.5282289359939825,0.030133228316926594,-1.5689091484340498,1.12962535674074,121.8558717032652,67.74032599935602
22970,022970,1847.919204237398,1847.919204237398,1921.263788490785,1921.263788490785,2.044438354629837,-0.006856317126254376,-1.5601564303701785,0.017940294738900124,-1.5414667740539971,1.124371377834915,121.2376221304691,67.59771650670672
22974,022974,1880.974214387733,1880.974214387733,1915.779220181504,1915.779220181504,1.977851236897697,-0.006727592148754134,-1.569591747497633,-0.01629538688615913,-1.5688506905097992,1.100166968750412,119.4299449008713,66.58945770112874
22979,022979,1863.741408936456,1863.741408936456,1907.013643152467,1907.013643152467,2.00447886760607,-0.01270781496313672,-1.5188653261385996,0.01643271269900077,-1.5727766151929443,1.102109518675779,120.9702880538638,67.1682674453265
22995,022995,1860.44342061537,1860.44342061537,1931.800446368316,1931.800446368316,2.014037351924079,-0.002481086856738699,-1.5657787946070796,0.024763195053972537,-1.5905180797729668,1.128847994220851,121.0847164834004,67.28639589561944
22996,022996,1859.633325720178,1859.633325720178,1926.337015754446,1926.337015754446,1.997003502293789,0.007118608021303436,-1.5655439822728348,-0.002684599072072188,-1.570856670035724,1.144582618675452,120.6792689337453,67.26448936786939
22997,022997,1866.254649589019,1866.254649589019,1919.254029415608,1919.254029415608,2.023073685447837,-0.001729120249509546,-1.5676468490155226,0.013682329143988894,-1.5651048237980518,1.129930671152837,120.0310462140434,66.95362481129119
23000,023000,1857.34965296426,1857.34965296426,1917.924623722001,1917.924623722001,2.015306616523902,0.0004902130710700773,-1.5922332470746603,-0.014668153580254308,-1.5759355608146708,1.125060013269004,121.1604837134374,67.28731745081727
23008,023008,1846.470459745119,1846.470459745119,1934.237294246353,1934.237294246353,2.053116246097614,0.007127191254660563,-1.5532465545489462,0.04239655825563713,-1.585496144359086,1.126073558516028,121.8482000805993,67.76262613512169
23010,023010,1857.479804288565,1857.479804288565,1922.888630990956,1922.888630990956,2.004635553476707,0.005137445956362164,-1.558016415459667,-0.0031506953783180715,-1.5647864995029954,1.146133774946981,120.7571865009013,67.36403230763489
23011,023011,1857.34965296426,1857.34965296426,1917.924623722001,1917.924623722001,2.015306616523902,0.0004902130710700773,-1.5922332470746603,-0.014668153580254308,-1.5759355608146708,1.125060013269004,121.1604837134374,67.28731745081727
23013,023013,1860.44342061537,1860.44342061537,1931.800446368316,1931.800446368316,2.014037351924079,-0.002481086856738699,-1.5657787946070796,0.024763195053972537,-1.5905180797729668,1.128847994220851,121.0847164834004,67.28639589561944
23076,023076,1880.974214387733,1880.974214387733,1915.779220181504,1915.779220181504,1.977851236897697,-0.006727592148754134,-1.569591747497633,-0.01629538688615913,-1.5688506905097992,1.100166968750412,119.4299449008713,66.58945770112874
23086,023086,1859.746969636308,1859.746969636308,1914.204755444865,1914.204755444865,2.009231466004983,-0.002970823641278691,-1.5629319833589455,0.02952976018188684,-1.5422887360998494,1.136123277061316,120.581700743319,67.21490441580156
23124,023124,1859.746969636308,1859.746969636308,1914.204755444865,1914.204755444865,2.009231466004983,-0.002970823641278691,-1.5646779031491849,0.02956119474784027,-1.5405950950370737,1.136123277061316,120.581700743319,67.21490441580156
23125,023125,1863.334264630649,1863.334264630649,1907.62696303471,1907.62696303471,2.015970272322051,0.008957195838649488,-1.5225925316185862,0.015377765957622191,-1.5681989866297787,1.131092790341723,121.100845132532,67.24295811544353
23128,023128,1842.404839758716,1842.404839758716,1934.754952608012,1934.754952608012,2.047493806442693,0.01132193851634119,-1.5412444667550063,0.030238908236011552,-1.5662469692397305,1.128173733560131,121.8558717032652,67.74032599935602
23154,023154,1842.404839758716,1842.404839758716,1934.754952608012,1934.754952608012,2.049676593409205,0.00840991717115261,-1.5282289359939825,0.030133228316926594,-1.5689091484340498,1.12962535674074,121.8558717032652,67.74032599935602
23156,023156,1847.919204237398,1847.919204237398,1921.263788490785,1921.263788490785,2.044438354629837,-0.006856317126254376,-1.5601557581409167,0.017964654651584994,-1.5449573354257424,1.124371377834915,121.2376221304691,67.59771650670672
23172,023172,1858.597086427252,1858.597086427252,1924.42584741907,1924.42584741907,2.029652670668384,0.006069991084438096,-1.5481785083094486,0.042104190812269744,-1.5829092444598964,1.133153905263153,121.4569399168275,67.46593912807965
23195,023195,1842.404839758716,1842.404839758716,1934.754952608012,1934.754952608012,2.049676593409205,0.00840991717115261,-1.5282289359939825,0.030133228316926594,-1.5689091484340498,1.12962535674074,121.8558717032652,67.74032599935602
23199,023199,1846.470459745119,1846.470459745119,1934.237294246353,1934.237294246353,2.053116246097614,0.007127191254660563,-1.5532465545489462,0.04239655825563713,-1.585496144359086,1.126073558516028,121.8482000805993,67.76262613512169
23203,023203,1846.470459745119,1846.470459745119,1934.237294246353,1934.237294246353,2.053116246097614,0.007127191254660563,-1.5532465545489462,0.04239655825563713,-1.585496144359086,1.126073558516028,121.8482000805993,67.76262613512169
23212,023212,1863.741408936456,1863.741408936456,1907.013643152467,1907.013643152467,2.00447886760607,-0.01270781496313672,-1.5188653261385996,0.01643271269900077,-1.5727766151929443,1.102109518675779,120.9702880538638,67.1682674453265
23219,023219,1842.404839758716,1842.404839758716,1934.754952608012,1934.754952608012,2.047493806442693,0.01132193851634119,-1.5412444667550063,0.030238908236011552,-1.5662469692397305,1.128173733560131,121.8558717032652,67.74032599935602
23230,023230,1866.254649589019,1866.254649589019,1919.254029415608,1919.254029415608,2.023073685447837,-0.001729120249509546,-1.5676469090071028,0.013673190861190706,-1.5633595192911118,1.129930671152837,120.0310462140434,66.95362481129119
23232,023232,1866.254649589019,1866.254649589019,1919.254029415608,1919.254029415608,2.023073685447837,-0.001729120249509546,-1.5676469090071028,0.013673190861190706,-1.5633595192911118,1.129930671152837,120.0310462140434,66.95362481129119
23240,023240,1863.741408936456,1863.741408936456,1907.013643152467,1907.013643152467,2.005329759075146,-0.003650044106571175,-1.5887481757638633,-0.014656299128578557,-1.575956084520097,1.11944171485232,120.9702880538638,67.1682674453265
23260,023260,1859.633325720178,1859.633325720178,1926.337015754446,1926.337015754446,1.997003502293789,0.007118608021303436,-1.5655439822728348,-0.002684599072072188,-1.570856670035724,1.144582618675452,120.6792689337453,67.26448936786939
23301,023301,1863.741408936456,1863.741408936456,1907.013643152467,1907.013643152467,2.005329759075146,-0.003650044106571175,-1.5887481941415185,-0.014653253011738941,-1.5777014108444942,1.11944171485232,120.9702880538638,67.1682674453265
23337,023337,1846.470459745119,1846.470459745119,1934.237294246353,1934.237294246353,2.053116246097614,0.007127191254660563,-1.5532465545489462,0.04239655825563713,-1.585496144359086,1.126073558516028,121.8482000805993,67.76262613512169
23345,023345,1842.404839758716,1842.404839758716,1934.754952608012,1934.754952608012,2.047493806442693,0.01132193851634119,-1.5412444667550063,0.030238908236011552,-1.5662469692397305,1.128173733560131,121.8558717032652,67.74032599935602
23348,023348,1857.479804288565,1857.479804288565,1922.888630990956,1922.888630990956,2.004635553476707,0.005137445956362164,-1.5510357394219714,-0.003256540141911394,-1.5595730426885313,1.146133774946981,120.7571865009013,67.36403230763489
23354,023354,1842.404839758716,1842.404839758716,1934.754952608012,1934.754952608012,2.047493806442693,0.01132193851634119,-1.5412444667550063,0.030238908236011552,-1.5662469692397305,1.128173733560131,121.8558717032652,67.74032599935602
23355,023355,1851.83618357446,1851.83618357446,1915.259734665388,1915.259734665388,2.0339196102626,-0.005694530419066602,-1.5703684390774342,0.027499540588047384,-1.537127204656696,1.130775474183994,121.1021209397552,67.48494915545704
23361,023361,1863.741408936456,1863.741408936456,1907.013643152467,1907.013643152467,2.00447886760607,-0.01270781496313672,-1.5188653261385996,0.01643271269900077,-1.5727766151929443,1.102109518675779,120.9702880538638,67.1682674453265
23377,023377,1842.404839758716,1842.404839758716,1934.754952608012,1934.754952608012,2.047493806442693,0.01132193851634119,-1.5412444667550063,0.030238908236011552,-1.5662469692397305,1.128173733560131,121.8558717032652,67.74032599935602
23398,023398,1863.741408936456,1863.741408936456,1907.013643152467,1907.013643152467,2.00447886760607,-0.01270781496313672,-1.5188653261385996,0.01643271269900077,-1.5727766151929443,1.102109518675779,120.9702880538638,67.1682674453265
23402,023402,1858.597086427252,1858.597086427252,1924.42584741907,1924.42584741907,2.029652670668384,0.006069991084438096,-1.551672000605969,0.04206165324630392,-1.5795655590792688,1.133153905263153,121.4569399168275,67.46593912807965
23405,023405,1863.741408936456,1863.741408936456,1907.013643152467,1907.013643152467,2.00447886760607,-0.01270781496313672,-1.5188653261385996,0.01643271269900077,-1.5727766151929443,1.102109518675779,120.9702880538638,67.1682674453265
23420,023420,1858.597086427252,1858.597086427252,1924.42584741907,1924.42584741907,2.029652670668384,0.006069991084438096,-1.5481785083094486,0.042104190812269744,-1.5829092444598964,1.133153905263153,121.4569399168275,67.46593912807965
23426,023426,1863.741408936456,1863.741408936456,1907.013643152467,1907.013643152467,2.00447886760607,-0.01270781496313672,-1.5188653261385996,0.01643271269900077,-1.5727766151929443,1.102109518675779,120.9702880538638,67.1682674453265
23456,023456,1880.974214387733,1880.974214387733,1915.779220181504,1915.779220181504,1.977851236897697,-0.006727592148754134,-1.569591747497633,-0.01629538688615913,-1.5688506905097992,1.100166968750412,119.4299449008713,66.58945770112874
23459,023459,1880.974214387733,1880.974214387733,1915.779220181504,1915.779220181504,1.977851236897697,-0.006727592148754134,-1.569591747497633,-0.01629538688615913,-1.5688506905097992,1.100166968750412,119.4299449008713,66.58945770112874
23463,023463,1866.254649589019,1866.254649589019,1919.254029415608,1919.254029415608,2.023073685447837,-0.001729120249509546,-1.5676469090071028,0.013673190861190706,-1.5633595192911118,1.129930671152837,120.0310462140434,66.95362481129119
23493,023493,1842.404839758716,1842.404839758716,1934.754952608012,1934.754952608012,2.047493806442693,0.01132193851634119,-1.5412444667550063,0.030238908236011552,-1.5662469692397305,1.128173733560131,121.8558717032652,67.74032599935602
23494,023494,1880.974214387733,1880.974214387733,1915.779220181504,1915.779220181504,1.977851236897697,-0.006727592148754134,-1.569591747497633,-0.01629538688615913,-1.5688506905097992,1.100166968750412,119.4299449008713,66.58945770112874
23519,023519,1863.741408936456,1863.741408936456,1907.013643152467,1907.013643152467,2.00447886760607,-0.01270781496313672,-1.5188653261385996,0.01643271269900077,-1.5727766151929443,1.102109518675779,120.9702880538638,67.1682674453265
23523,023523,1842.404839758716,1842.404839758716,1934.754952608012,1934.754952608012,2.047493806442693,0.01132193851634119,-1.5412444667550063,0.030238908236011552,-1.5662469692397305,1.128173733560131,121.8558717032652,67.74032599935602
23528,023528,1863.741408936456,1863.741408936456,1907.013643152467,1907.013643152467,2.00447886760607,-0.01270781496313672,-1.5188653261385996,0.01643271269900077,-1.5727766151929443,1.102109518675779,120.9702880538638,67.1682674453265
23538,023538,1858.597086427252,1858.597086427252,1924.42584741907,1924.42584741907,2.029652670668384,0.006069991084438096,-1.5481785083094486,0.042104190812269744,-1.5829092444598964,1.133153905263153,121.4569399168275,67.46593912807965
23548,023548,1846.470459745119,1846.470459745119,1934.237294246353,1934.237294246353,2.053116246097614,0.007127191254660563,-1.5532465545489462,0.04239655825563713,-1.585496144359086,1.126073558516028,121.8482000805993,67.76262613512169
23581,023581,1860.44342061537,1860.44342061537,1931.800446368316,1931.800446368316,2.014037351924079,-0.002481086856738699,-1.5657787946070796,0.024763195053972537,-1.5905180797729668,1.128847994220851,121.0847164834004,67.28639589561944
23587,023587,1846.470459745119,1846.470459745119,1934.237294246353,1934.237294246353,2.053116246097614,0.007127191254660563,-1.5532465545489462,0.04239655825563713,-1.585496144359086,1.126073558516028,121.8482000805993,67.76262613512169
23594,023594,1880.974214387733,1880.974214387733,1915.779220181504,1915.779220181504,1.977851236897697,-0.006727592148754134,-1.569591747497633,-0.01629538688615913,-1.5688506905097992,1.100166968750412,119.4299449008713,66.58945770112874
23599,023599,1880.974214387733,1880.974214387733,1915.779220181504,1915.779220181504,1.977851236897697,-0.006727592148754134,-1.569591747497633,-0.01629538688615913,-1.5688506905097992,1.100166968750412,119.4299449008713,66.58945770112874
23632,023632,1842.404839758716,1842.404839758716,1934.754952608012,1934.754952608012,2.047493806442693,0.01132193851634119,-1.5412444667550063,0.030238908236011552,-1.5662469692397305,1.128173733560131,121.8558717032652,67.74032599935602
23637,023637,1842.404839758716,1842.404839758716,1934.754952608012,1934.754952608012,2.049676593409205,0.00840991717115261,-1.5282289359939825,0.030133228316926594,-1.5689091484340498,1.12962535674074,121.8558717032652,67.74032599935602
23639,023639,1842.404839758716,1842.404839758716,1934.754952608012,1934.754952608012,2.047493806442693,0.01132193851634119,-1.5412444667550063,0.030238908236011552,-1.5662469692397305,1.128173733560131,121.8558717032652,67.74032599935602
23650,023650,1863.741408936456,1863.741408936456,1907.013643152467,1907.013643152467,2.005329759075146,-0.003650044106571175,-1.5887481757638633,-0.014656299128578557,-1.575956084520097,1.11944171485232,120.9702880538638,67.1682674453265
23653,023653,1866.254649589019,1866.254649589019,1919.254029415608,1919.254029415608,2.023073685447837,-0.001729120249509546,-1.5676469090071028,0.013673190861190706,-1.5633595192911118,1.129930671152837,120.0310462140434,66.95362481129119
23678,023678,1880.974214387733,1880.974214387733,1915.779220181504,1915.779220181504,1.977851236897697,-0.006727592148754134,-1.569591747497633,-0.01629538688615913,-1.5688506905097992,1.100166968750412,119.4299449008713,66.58945770112874
23686,023686,1880.974214387733,1880.974214387733,1915.779220181504,1915.779220181504,1.977851236897697,-0.006727592148754134,-1.5713373051013404,-0.016291966292714507,-1.5688222502099622,1.100166968750412,119.4299449008713,66.58945770112874
23687,023687,1846.470459745119,1846.470459745119,1934.237294246353,1934.237294246353,2.053116246097614,0.007127191254660563,-1.5532465545489462,0.04239655825563713,-1.585496144359086,1.126073558516028,121.8482000805993,67.76262613512169
23688,023688,1847.919204237398,1847.919204237398,1921.263788490785,1921.263788490785,2.044438354629837,-0.006856317126254376,-1.5601557581409167,0.017964654651584994,-1.5449573354257424,1.124371377834915,121.2376221304691,67.59771650670672
23695,023695,1846.470459745119,1846.470459745119,1934.237294246353,1934.237294246353,2.053116246097614,0.007127191254660563,-1.5532465545489462,0.04239655825563713,-1.585496144359086,1.126073558516028,121.8482000805993,67.76262613512169
23699,023699,1863.334264630649,1863.334264630649,1907.62696303471,1907.62696303471,2.015970272322051,0.008957195838649488,-1.5225925316185862,0.015377765957622191,-1.5681989866297787,1.131092790341723,121.100845132532,67.24295811544353
23708,023708,1863.334264630649,1863.334264630649,1907.62696303471,1907.62696303471,2.015970272322051,0.008957195838649488,-1.5225925316185862,0.015377765957622191,-1.5681989866297787,1.131092790341723,121.100845132532,67.24295811544353
23717,023717,1859.746969636308,1859.746969636308,1914.204755444865,1914.204755444865,2.009231466004983,-0.002970823641278691,-1.5646779031491849,0.02956119474784027,-1.5405950950370737,1.136123277061316,120.581700743319,67.21490441580156
23724,023724,1863.741408936456,1863.741408936456,1907.013643152467,1907.013643152467,2.005329759075146,-0.003650044106571175,-1.5887481757638633,-0.014656299128578557,-1.575956084520097,1.11944171485232,120.9702880538638,67.1682674453265
23728,023728,1846.470459745119,1846.470459745119,1934.237294246353,1934.237294246353,2.053116246097614,0.007127191254660563,-1.5532465545489462,0.04239655825563713,-1.585496144359086,1.126073558516028,121.8482000805993,67.76262613512169
23729,023729,1866.254649589019,1866.254649589019,1919.254029415608,1919.254029415608,2.023073685447837,-0.001729120249509546,-1.569392313614426,0.013692241791982286,-1.5651287137304093,1.129930671152837,120.0310462140434,66.95362481129119
23737,023737,1846.470459745119,1846.470459745119,1934.237294246353,1934.237294246353,2.053116246097614,0.007127191254660563,-1.5532465545489462,0.04239655825563713,-1.585496144359086,1.126073558516028,121.8482000805993,67.76262613512169
23741,023741,1880.974214387733,1880.974214387733,1915.779220181504,1915.779220181504,1.977851236897697,-0.006727592148754134,-1.569591747497633,-0.01629538688615913,-1.5688506905097992,1.100166968750412,119.4299449008713,66.58945770112874
23759,023759,1863.741408936456,1863.741408936456,1907.013643152467,1907.013643152467,2.005329759075146,-0.003650044106571175,-1.5887481941415185,-0.014653253011738941,-1.5777014108444942,1.11944171485232,120.9702880538638,67.1682674453265
23780,023780,1859.746969636308,1859.746969636308,1914.204755444865,1914.204755444865,2.009231466004983,-0.002970823641278691,-1.5699128441987793,0.02975543926078322,-1.5477314577859038,1.136123277061316,120.581700743319,67.21490441580156
23803,023803,1842.404839758716,1842.404839758716,1934.754952608012,1934.754952608012,2.047493806442693,0.01132193851634119,-1.5412444667550063,0.030238908236011552,-1.5662469692397305,1.128173733560131,121.8558717032652,67.74032599935602
23814,023814,1859.746969636308,1859.746969636308,1914.204755444865,1914.204755444865,2.009231466004983,-0.002970823641278691,-1.5699128441987793,0.02975543926078322,-1.5477314577859038,1.136123277061316,120.581700743319,67.21490441580156
23816,023816,1842.404839758716,1842.404839758716,1934.754952608012,1934.754952608012,2.047493806442693,0.01132193851634119,-1.5412444667550063,0.030238908236011552,-1.5662469692397305,1.128173733560131,121.8558717032652,67.74032599935602
23822,023822,1880.974214387733,1880.974214387733,1915.779220181504,1915.779220181504,1.977851236897697,-0.006727592148754134,-1.569591747497633,-0.01629538688615913,-1.5688506905097992,1.100166968750412,119.4299449008713,66.58945770112874
23832,023832,1847.919204237398,1847.919204237398,1921.263788490785,1921.263788490785,2.044438354629837,-0.006856317126254376,-1.56190185876231,0.01797318165006547,-1.538007519872931,1.124371377834915,121.2376221304691,67.59771650670672
23858,023858,1863.741408936456,1863.741408936456,1907.013643152467,1907.013643152467,2.00447886760607,-0.01270781496313672,-1.5188653261385996,0.01643271269900077,-1.5727766151929443,1.102109518675779,120.9702880538638,67.1682674453265
23864,023864,1842.404839758716,1842.404839758716,1934.754952608012,1934.754952608012,2.047493806442693,0.01132193851634119,-1.5412444667550063,0.030238908236011552,-1.5662469692397305,1.128173733560131,121.8558717032652,67.74032599935602
23883,023883,1842.404839758716,1842.404839758716,1934.754952608012,1934.754952608012,2.047493806442693,0.01132193851634119,-1.5412444667550063,0.030238908236011552,-1.5662469692397305,1.128173733560131,121.8558717032652,67.74032599935602
23887,023887,1842.404839758716,1842.404839758716,1934.754952608012,1934.754952608012,2.049676593409205,0.00840991717115261,-1.5282289359939825,0.030133228316926594,-1.5689091484340498,1.12962535674074,121.8558717032652,67.74032599935602
23888,023888,1863.741408936456,1863.741408936456,1907.013643152467,1907.013643152467,2.00447886760607,-0.01270781496313672,-1.520610887543998,0.0164292314171461,-1.5728052951803733,1.102109518675779,120.9702880538638,67.1682674453265
23895,023895,1846.470459745119,1846.470459745119,1934.237294246353,1934.237294246353,2.053116246097614,0.007127191254660563,-1.5532465545489462,0.04239655825563713,-1.585496144359086,1.126073558516028,121.8482000805993,67.76262613512169
23898,023898,1842.404839758716,1842.404839758716,1934.754952608012,1934.754952608012,2.049676593409205,0.00840991717115261,-1.5282289359939825,0.030133228316926594,-1.5689091484340498,1.12962535674074,121.8558717032652,67.74032599935602
23915,023915,1863.741408936456,1863.741408936456,1907.013643152467,1907.013643152467,2.005329759075146,-0.003650044106571175,-1.5887481757638633,-0.014656299128578557,-1.575956084520097,1.11944171485232,120.9702880538638,67.1682674453265
23929,023929,1863.741408936456,1863.741408936456,1907.013643152467,1907.013643152467,2.00447886760607,-0.01270781496313672,-1.5188653261385996,0.01643271269900077,-1.5727766151929443,1.102109518675779,120.9702880538638,67.1682674453265
23931,023931,1842.404839758716,1842.404839758716,1934.754952608012,1934.754952608012,2.047493806442693,0.01132193851634119,-1.5412444667550063,0.030238908236011552,-1.5662469692397305,1.128173733560131,121.8558717032652,67.74032599935602
23938,023938,1842.404839758716,1842.404839758716,1934.754952608012,1934.754952608012,2.047493806442693,0.01132193851634119,-1.5412444667550063,0.030238908236011552,-1.5662469692397305,1.128173733560131,121.8558717032652,67.74032599935602
23957,023957,1857.34965296426,1857.34965296426,1917.924623722001,1917.924623722001,2.015306616523902,0.0004902130710700773,-1.5922332210785368,-0.014674245860053241,-1.5741902425771948,1.125060013269004,121.1604837134374,67.28731745081727
23964,023964,1846.470459745119,1846.470459745119,1934.237294246353,1934.237294246353,2.053116246097614,0.007127191254660563,-1.5532465545489462,0.04239655825563713,-1.585496144359086,1.126073558516028,121.8482000805993,67.76262613512169
23988,023988,1860.44342061537,1860.44342061537,1931.800446368316,1931.800446368316,2.014037351924079,-0.002481086856738699,-1.5657787946070796,0.024763195053972537,-1.5905180797729668,1.128847994220851,121.0847164834004,67.28639589561944
23995,023995,1847.919204237398,1847.919204237398,1921.263788490785,1921.263788490785,2.044438354629837,-0.006856317126254376,-1.5601564303701785,0.017940294738900124,-1.5414667740539971,1.124371377834915,121.2376221304691,67.59771650670672
24024,024024,1863.334264630649,1863.334264630649,1907.62696303471,1907.62696303471,2.015970272322051,0.008957195838649488,-1.5225925316185862,0.015377765957622191,-1.5681989866297787,1.131092790341723,121.100845132532,67.24295811544353
24028,024028,1846.470459745119,1846.470459745119,1934.237294246353,1934.237294246353,2.053116246097614,0.007127191254660563,-1.5532465545489462,0.04239655825563713,-1.585496144359086,1.126073558516028,121.8482000805993,67.76262613512169
24033,024033,1859.746969636308,1859.746969636308,1914.204755444865,1914.204755444865,2.009231466004983,-0.002970823641278691,-1.5629319833589455,0.02952976018188684,-1.5422887360998494,1.136123277061316,120.581700743319,67.21490441580156
24039,024039,1860.44342061537,1860.44342061537,1931.800446368316,1931.800446368316,2.014037351924079,-0.002481086856738699,-1.5657787946070796,0.024763195053972537,-1.5905180797729668,1.128847994220851,121.0847164834004,67.28639589561944
24078,024078,1863.334264630649,1863.334264630649,1907.62696303471,1907.62696303471,2.015970272322051,0.008957195838649488,-1.5225925316185862,0.015377765957622191,-1.5681989866297787,1.131092790341723,121.100845132532,67.24295811544353
24096,024096,1857.479804288565,1857.479804288565,1922.888630990956,1922.888630990956,2.004635553476707,0.005137445956362164,-1.558016415459667,-0.0031506953783180715,-1.5647864995029954,1.146133774946981,120.7571865009013,67.36403230763489
24098,024098,1863.741408936456,1863.741408936456,1907.013643152467,1907.013643152467,2.005329759075146,-0.003650044106571175,-1.5887481757638633,-0.014656299128578557,-1.575956084520097,1.11944171485232,120.9702880538638,67.1682674453265
24099,024099,1842.404839758716,1842.404839758716,1934.754952608012,1934.754952608012,2.047493806442693,0.01132193851634119,-1.5412444667550063,0.030238908236011552,-1.5662469692397305,1.128173733560131,121.8558717032652,67.74032599935602
24117,024117,1857.479804288565,1857.479804288565,1922.888630990956,1922.888630990956,2.004635553476707,0.005137445956362164,-1.5510357394219714,-0.003256540141911394,-1.5595730426885313,1.146133774946981,120.7571865009013,67.36403230763489
24121,024121,1863.741408936456,1863.741408936456,1907.013643152467,1907.013643152467,2.00447886760607,-0.01270781496313672,-1.5188653261385996,0.01643271269900077,-1.5727766151929443,1.102109518675779,120.9702880538638,67.1682674453265
24141,024141,1846.470459745119,1846.470459745119,1934.237294246353,1934.237294246353,2.053116246097614,0.007127191254660563,-1.5532465545489462,0.04239655825563713,-1.585496144359086,1.126073558516028,121.8482000805993,67.76262613512169
24154,024154,1866.254649589019,1866.254649589019,1919.254029415608,1919.254029415608,2.023073685447837,-0.001729120249509546,-1.5676469090071028,0.013673190861190706,-1.5633595192911118,1.129930671152837,120.0310462140434,66.95362481129119
24156,024156,1857.479804288565,1857.479804288565,1922.888630990956,1922.888630990956,2.004635553476707,0.005137445956362164,-1.558016415459667,-0.0031506953783180715,-1.5647864995029954,1.146133774946981,120.7571865009013,67.36403230763489
24159,024159,1863.741408936456,1863.741408936456,1907.013643152467,1907.013643152467,2.00447886760607,-0.01270781496313672,-1.5188653261385996,0.01643271269900077,-1.5727766151929443,1.102109518675779,120.9702880538638,67.1682674453265
24185,024185,1860.44342061537,1860.44342061537,1931.800446368316,1931.800446368316,2.015408304393497,-0.0003830991732733452,-1.5666471279812573,0.02469796677423977,-1.5966478172441692,1.13414802111517,121.0847164834004,67.28639589561944
24191,024191,1842.404839758716,1842.404839758716,1934.754952608012,1934.754952608012,2.049676593409205,0.00840991717115261,-1.5282289359939825,0.030133228316926594,-1.5689091484340498,1.12962535674074,121.8558717032652,67.74032599935602
24192,024192,1863.334264630649,1863.334264630649,1907.62696303471,1907.62696303471,2.015970272322051,0.008957195838649488,-1.5225925316185862,0.015377765957622191,-1.5681989866297787,1.131092790341723,121.100845132532,67.24295811544353
24193,024193,1866.254649589019,1866.254649589019,1919.254029415608,1919.254029415608,2.023073685447837,-0.001729120249509546,-1.5676469090071028,0.013673190861190706,-1.5633595192911118,1.129930671152837,120.0310462140434,66.95362481129119
24194,024194,1847.919204237398,1847.919204237398,1921.263788490785,1921.263788490785,2.044438354629837,-0.006856317126254376,-1.5601564303701785,0.017940294738900124,-1.5414667740539971,1.124371377834915,121.2376221304691,67.59771650670672
24203,024203,1880.974214387733,1880.974214387733,1915.779220181504,1915.779220181504,1.977851236897697,-0.006727592148754134,-1.569591747497633,-0.01629538688615913,-1.5688506905097992,1.100166968750412,119.4299449008713,66.58945770112874
24207,024207,1858.597086427252,1858.597086427252,1924.42584741907,1924.42584741907,2.029652670668384,0.006069991084438096,-1.5481785083094486,0.042104190812269744,-1.5829092444598964,1.133153905263153,121.4569399168275,67.46593912807965
24212,024212,1860.44342061537,1860.44342061537,1931.800446368316,1931.800446368316,2.014037351924079,-0.002481086856738699,-1.5657787946070796,0.024763195053972537,-1.5905180797729668,1.128847994220851,121.0847164834004,67.28639589561944
24231,024231,1857.479804288565,1857.479804288565,1922.888630990956,1922.888630990956,2.004635553476707,0.005137445956362164,-1.558016415459667,-0.0031506953783180715,-1.5647864995029954,1.146133774946981,120.7571865009013,67.36403230763489
24232,024232,1857.34965296426,1857.34965296426,1917.924623722001,1917.924623722001,2.015306616523902,0.0004902130710700773,-1.5922332470746603,-0.014668153580254308,-1.5759355608146708,1.125060013269004,121.1604837134374,67.28731745081727
24254,024254,1842.404839758716,1842.404839758716,1934.754952608012,1934.754952608012,2.049676593409205,0.00840991717115261,-1.5282289359939825,0.030133228316926594,-1.5689091484340498,1.12962535674074,121.8558717032652,67.74032599935602
24273,024273,1857.34965296426,1857.34965296426,1917.924623722001,1917.924623722001,2.015306616523902,0.0004902130710700773,-1.5922332470746603,-0.014668153580254308,-1.5759355608146708,1.125060013269004,121.1604837134374,67.28731745081727
24283,024283,1857.34965296426,1857.34965296426,1917.924623722001,1917.924623722001,2.015306616523902,0.0004902130710700773,-1.5922332470746603,-0.014668153580254308,-1.5759355608146708,1.125060013269004,121.1604837134374,67.28731745081727
24324,024324,1857.479804288565,1857.479804288565,1922.888630990956,1922.888630990956,2.004635553476707,0.005137445956362164,-1.558016415459667,-0.0031506953783180715,-1.5647864995029954,1.146133774946981,120.7571865009013,67.36403230763489
24326,024326,1846.470459745119,1846.470459745119,1934.237294246353,1934.237294246353,2.053116246097614,0.007127191254660563,-1.5532465545489462,0.04239655825563713,-1.585496144359086,1.126073558516028,121.8482000805993,67.76262613512169
24328,024328,1857.479804288565,1857.479804288565,1922.888630990956,1922.888630990956,2.004635553476707,0.005137445956362164,-1.5597618795873682,-0.003158477826857827,-1.5595450533859074,1.146133774946981,120.7571865009013,67.36403230763489
24339,024339,1863.741408936456,1863.741408936456,1907.013643152467,1907.013643152467,2.00447886760607,-0.01270781496313672,-1.5188653261385996,0.01643271269900077,-1.5727766151929443,1.102109518675779,120.9702880538638,67.1682674453265
24340,024340,1857.34965296426,1857.34965296426,1917.924623722001,1917.924623722001,2.015306616523902,0.0004902130710700773,-1.5922332210785368,-0.014674245860053241,-1.5741902425771948,1.125060013269004,121.1604837134374,67.28731745081727
24344,024344,1863.741408936456,1863.741408936456,1907.013643152467,1907.013643152467,2.005329759075146,-0.003650044106571175,-1.5887481757638633,-0.014656299128578557,-1.575956084520097,1.11944171485232,120.9702880538638,67.1682674453265
24349,024349,1857.34965296426,1857.34965296426,1917.924623722001,1917.924623722001,2.015306616523902,0.0004902130710700773,-1.5922332210785368,-0.014674245860053241,-1.5741902425771948,1.125060013269004,121.1604837134374,67.28731745081727
24383,024383,1880.974214387733,1880.974214387733,1915.779220181504,1915.779220181504,1.977851236897697,-0.006727592148754134,-1.569591747497633,-0.01629538688615913,-1.5688506905097992,1.100166968750412,119.4299449008713,66.58945770112874
24384,024384,1863.741408936456,1863.741408936456,1907.013643152467,1907.013643152467,2.00447886760607,-0.01270781496313672,-1.5188653261385996,0.01643271269900077,-1.5727766151929443,1.102109518675779,120.9702880538638,67.1682674453265
24388,024388,1866.254649589019,1866.254649589019,1919.254029415608,1919.254029415608,2.023073685447837,-0.001729120249509546,-1.569392313614426,0.013692241791982286,-1.5651287137304093,1.129930671152837,120.0310462140434,66.95362481129119
24404,024404,1842.404839758716,1842.404839758716,1934.754952608012,1934.754952608012,2.047493806442693,0.01132193851634119,-1.5412444667550063,0.030238908236011552,-1.5662469692397305,1.128173733560131,121.8558717032652,67.74032599935602
24406,024406,1863.334264630649,1863.334264630649,1907.62696303471,1907.62696303471,2.015970272322051,0.008957195838649488,-1.5225925316185862,0.015377765957622191,-1.5681989866297787,1.131092790341723,121.100845132532,67.24295811544353
24407,024407,1858.597086427252,1858.597086427252,1924.42584741907,1924.42584741907,2.029652670668384,0.006069991084438096,-1.551672000605969,0.04206165324630392,-1.5795655590792688,1.133153905263153,121.4569399168275,67.46593912807965
24410,024410,1842.404839758716,1842.404839758716,1934.754952608012,1934.754952608012,2.047493806442693,0.01132193851634119,-1.5412444667550063,0.030238908236011552,-1.5662469692397305,1.128173733560131,121.8558717032652,67.74032599935602
24437,024437,1860.44342061537,1860.44342061537,1931.800446368316,1931.800446368316,2.015408304393497,-0.0003830991732733452,-1.5666469810877037,0.024691876202095925,-1.593157160429589,1.13414802111517,121.0847164834004,67.28639589561944
24449,024449,1866.254649589019,1866.254649589019,1919.254029415608,1919.254029415608,2.023073685447837,-0.001729120249509546,-1.569392313614426,0.013692241791982286,-1.5651287137304093,1.129930671152837,120.0310462140434,66.95362481129119
24451,024451,1863.741408936456,1863.741408936456,1907.013643152467,1907.013643152467,2.005329759075146,-0.003650044106571175,-1.5887481757638633,-0.014656299128578557,-1.575956084520097,1.11944171485232,120.9702880538638,67.1682674453265
24461,024461,1859.746969636308,1859.746969636308,1914.204755444865,1914.204755444865,2.009231466004983,-0.002970823641278691,-1.5646779031491849,0.02956119474784027,-1.5405950950370737,1.136123277061316,120.581700743319,67.21490441580156
24498,024498,1842.404839758716,1842.404839758716,1934.754952608012,1934.754952608012,2.049676593409205,0.00840991717115261,-1.5282289359939825,0.030133228316926594,-1.5689091484340498,1.12962535674074,121.8558717032652,67.74032599935602
24514,024514,1880.974214387733,1880.974214387733,1915.779220181504,1915.779220181504,1.977851236897697,-0.006727592148754134,-1.569591747497633,-0.01629538688615913,-1.5688506905097992,1.100166968750412,119.4299449008713,66.58945770112874
24515,024515,1842.404839758716,1842.404839758716,1934.754952608012,1934.754952608012,2.047493806442693,0.01132193851634119,-1.5412444667550063,0.030238908236011552,-1.5662469692397305,1.128173733560131,121.8558717032652,67.74032599935602
24525,024525,1842.404839758716,1842.404839758716,1934.754952608012,1934.754952608012,2.047493806442693,0.01132193851634119,-1.5412444667550063,0.030238908236011552,-1.5662469692397305,1.128173733560131,121.8558717032652,67.74032599935602
24532,024532,1842.404839758716,1842.404839758716,1934.754952608012,1934.754952608012,2.047493806442693,0.01132193851634119,-1.5412444667550063,0.030238908236011552,-1.5662469692397305,1.128173733560131,121.8558717032652,67.74032599935602
24538,024538,1880.974214387733,1880.974214387733,1915.779220181504,1915.779220181504,1.977851236897697,-0.006727592148754134,-1.569591747497633,-0.01629538688615913,-1.5688506905097992,1.100166968750412,119.4299449008713,66.58945770112874
24547,024547,1842.404839758716,1842.404839758716,1934.754952608012,1934.754952608012,2.049676593409205,0.00840991717115261,-1.5282289359939825,0.030133228316926594,-1.5689091484340498,1.12962535674074,121.8558717032652,67.74032599935602
24548,024548,1880.974214387733,1880.974214387733,1915.779220181504,1915.779220181504,1.977851236897697,-0.006727592148754134,-1.569591747497633,-0.01629538688615913,-1.5688506905097992,1.100166968750412,119.4299449008713,66.58945770112874
24552,024552,1842.404839758716,1842.404839758716,1934.754952608012,1934.754952608012,2.049676593409205,0.00840991717115261,-1.5282289359939825,0.030133228316926594,-1.5689091484340498,1.12962535674074,121.8558717032652,67.74032599935602
24560,024560,1875.341941705681,1875.341941705681,1915.635705796355,1915.635705796355,1.982010734183471,-0.001951416398337044,-1.5952666133753044,0.07678052066715899,-1.6225170415384549,1.132630915685097,119.7869740687292,66.78209093962884
24564,024564,1842.404839758716,1842.404839758716,1934.754952608012,1934.754952608012,2.049676593409205,0.00840991717115261,-1.5282289359939825,0.030133228316926594,-1.5689091484340498,1.12962535674074,121.8558717032652,67.74032599935602
24584,024584,1863.334264630649,1863.334264630649,1907.62696303471,1907.62696303471,2.015970272322051,0.008957195838649488,-1.5225925316185862,0.015377765957622191,-1.5681989866297787,1.131092790341723,121.100845132532,67.24295811544353
24603,024603,1847.919204237398,1847.919204237398,1921.263788490785,1921.263788490785,2.044438354629837,-0.006856317126254376,-1.56190282940682,0.01794578342158031,-1.5327716213215807,1.124371377834915,121.2376221304691,67.59771650670672
24633,024633,1860.44342061537,1860.44342061537,1931.800446368316,1931.800446368316,2.014037351924079,-0.002481086856738699,-1.5657787946070796,0.024763195053972537,-1.5905180797729668,1.128847994220851,121.0847164834004,67.28639589561944
24641,024641,1842.404839758716,1842.404839758716,1934.754952608012,1934.754952608012,2.047493806442693,0.01132193851634119,-1.5412444667550063,0.030238908236011552,-1.5662469692397305,1.128173733560131,121.8558717032652,67.74032599935602
24666,024666,1846.470459745119,1846.470459745119,1934.237294246353,1934.237294246353,2.053116246097614,0.007127191254660563,-1.5532465545489462,0.04239655825563713,-1.585496144359086,1.126073558516028,121.8482000805993,67.76262613512169
24680,024680,1863.741408936456,1863.741408936456,1907.013643152467,1907.013643152467,2.00447886760607,-0.01270781496313672,-1.5188653261385996,0.01643271269900077,-1.5727766151929443,1.102109518675779,120.9702880538638,67.1682674453265
24684,024684,1863.741408936456,1863.741408936456,1907.013643152467,1907.013643152467,2.00447886760607,-0.01270781496313672,-1.5188653261385996,0.01643271269900077,-1.5727766151929443,1.102109518675779,120.9702880538638,67.1682674453265
24686,024686,1880.974214387733,1880.974214387733,1915.779220181504,1915.779220181504,1.977851236897697,-0.006727592148754134,-1.569591747497633,-0.01629538688615913,-1.5688506905097992,1.100166968750412,119.4299449008713,66.58945770112874
24702,024702,1847.919204237398,1847.919204237398,1921.263788490785,1921.263788490785,2.044438354629837,-0.006856317126254376,-1.56190282940682,0.01794578342158031,-1.5327716213215807,1.124371377834915,121.2376221304691,67.59771650670672
24706,024706,1847.919204237398,1847.919204237398,1921.263788490785,1921.263788490785,2.044438354629837,-0.006856317126254376,-1.5601564303701785,0.017940294738900124,-1.5414667740539971,1.124371377834915,121.2376221304691,67.59771650670672
24717,024717,1859.746969636308,1859.746969636308,1914.204755444865,1914.204755444865,2.009231466004983,-0.002970823641278691,-1.5699128441987793,0.02975543926078322,-1.5477314577859038,1.136123277061316,120.581700743319,67.21490441580156
24727,024727,1866.254649589019,1866.254649589019,1919.254029415608,1919.254029415608,2.023073685447837,-0.001729120249509546,-1.569392313614426,0.013692241791982286,-1.5651287137304093,1.129930671152837,120.0310462140434,66.95362481129119
24729,024729,1860.44342061537,1860.44342061537,1931.800446368316,1931.800446368316,2.014037351924079,-0.002481086856738699,-1.5657787946070796,0.024763195053972537,-1.5905180797729668,1.128847994220851,121.0847164834004,67.28639589561944
24751,024751,1880.974214387733,1880.974214387733,1915.779220181504,1915.779220181504,1.977851236897697,-0.006727592148754134,-1.569591747497633,-0.01629538688615913,-1.5688506905097992,1.100166968750412,119.4299449008713,66.58945770112874
24768,024768,1860.44342061537,1860.44342061537,1931.800446368316,1931.800446368316,2.014037351924079,-0.002481086856738699,-1.5657787946070796,0.024763195053972537,-1.5905180797729668,1.128847994220851,121.0847164834004,67.28639589561944
24771,024771,1863.741408936456,1863.741408936456,1907.013643152467,1907.013643152467,2.00447886760607,-0.01270781496313672,-1.5188653261385996,0.01643271269900077,-1.5727766151929443,1.102109518675779,120.9702880538638,67.1682674453265
24791,024791,1842.404839758716,1842.404839758716,1934.754952608012,1934.754952608012,2.049676593409205,0.00840991717115261,-1.5282289359939825,0.030133228316926594,-1.5689091484340498,1.12962535674074,121.8558717032652,67.74032599935602
24798,024798,1866.254649589019,1866.254649589019,1919.254029415608,1919.254029415608,2.022382969590999,-0.003597953696000636,-1.5700586556197347,0.014603913747234055,-1.5640112962393267,1.130147879676854,120.0310462140434,66.95362481129119
24809,024809,1863.741408936456,1863.741408936456,1907.013643152467,1907.013643152467,2.005329759075146,-0.003650044106571175,-1.5887481757638633,-0.014656299128578557,-1.575956084520097,1.11944171485232,120.9702880538638,67.1682674453265
24811,024811,1863.741408936456,1863.741408936456,1907.013643152467,1907.013643152467,2.005329759075146,-0.003650044106571175,-1.5887481757638633,-0.014656299128578557,-1.575956084520097,1.11944171485232,120.9702880538638,67.1682674453265
24826,024826,1842.404839758716,1842.404839758716,1934.754952608012,1934.754952608012,2.049676593409205,0.00840991717115261,-1.5282289359939825,0.030133228316926594,-1.5689091484340498,1.12962535674074,121.8558717032652,67.74032599935602
24839,024839,1859.746969636308,1859.746969636308,1914.204755444865,1914.204755444865,2.009231466004983,-0.002970823641278691,-1.5699128441987793,0.02975543926078322,-1.5477314577859038,1.136123277061316,120.581700743319,67.21490441580156
24842,024842,1880.974214387733,1880.974214387733,1915.779220181504,1915.779220181504,1.977851236897697,-0.006727592148754134,-1.569591747497633,-0.01629538688615913,-1.5688506905097992,1.100166968750412,119.4299449008713,66.58945770112874
24849,024849,1842.404839758716,1842.404839758716,1934.754952608012,1934.754952608012,2.047493806442693,0.01132193851634119,-1.5412444667550063,0.030238908236011552,-1.5662469692397305,1.128173733560131,121.8558717032652,67.74032599935602
24852,024852,1842.404839758716,1842.404839758716,1934.754952608012,1934.754952608012,2.049676593409205,0.00840991717115261,-1.5282289359939825,0.030133228316926594,-1.5689091484340498,1.12962535674074,121.8558717032652,67.74032599935602
24886,024886,1842.404839758716,1842.404839758716,1934.754952608012,1934.754952608012,2.047493806442693,0.01132193851634119,-1.5412444667550063,0.030238908236011552,-1.5662469692397305,1.128173733560131,121.8558717032652,67.74032599935602
24913,024913,1847.919204237398,1847.919204237398,1921.263788490785,1921.263788490785,2.044438354629837,-0.006856317126254376,-1.5601557581409167,0.017964654651584994,-1.5449573354257424,1.124371377834915,121.2376221304691,67.59771650670672
24926,024926,1860.44342061537,1860.44342061537,1931.800446368316,1931.800446368316,2.014037351924079,-0.002481086856738699,-1.5657787946070796,0.024763195053972537,-1.5905180797729668,1.128847994220851,121.0847164834004,67.28639589561944
24930,024930,1866.254649589019,1866.254649589019,1919.254029415608,1919.254029415608,2.023073685447837,-0.001729120249509546,-1.569392313614426,0.013692241791982286,-1.5651287137304093,1.129930671152837,120.0310462140434,66.95362481129119
24933,024933,1842.404839758716,1842.404839758716,1934.754952608012,1934.754952608012,2.049676593409205,0.00840991717115261,-1.5282289359939825,0.030133228316926594,-1.5689091484340498,1.12962535674074,121.8558717032652,67.74032599935602
24950,024950,1846.470459745119,1846.470459745119,1934.237294246353,1934.237294246353,2.053116246097614,0.007127191254660563,-1.5532465545489462,0.04239655825563713,-1.585496144359086,1.126073558516028,121.8482000805993,67.76262613512169
24982,024982,1857.479804288565,1857.479804288565,1922.888630990956,1922.888630990956,2.004635553476707,0.005137445956362164,-1.558016415459667,-0.0031506953783180715,-1.5647864995029954,1.146133774946981,120.7571865009013,67.36403230763489
24989,024989,1880.974214387733,1880.974214387733,1915.779220181504,1915.779220181504,1.977851236897697,-0.006727592148754134,-1.569591747497633,-0.01629538688615913,-1.5688506905097992,1.100166968750412,119.4299449008713,66.58945770112874
24993,024993,1863.741408936456,1863.741408936456,1907.013643152467,1907.013643152467,2.00447886760607,-0.01270781496313672,-1.5188653261385996,0.01643271269900077,-1.5727766151929443,1.102109518675779,120.9702880538638,67.1682674453265
24997,024997,1866.254649589019,1866.254649589019,1919.254029415608,1919.254029415608,2.023073685447837,-0.001729120249509546,-1.569392313614426,0.013692241791982286,-1.5651287137304093,1.129930671152837,120.0310462140434,66.95362481129119
25007,025007,1842.404839758716,1842.404839758716,1934.754952608012,1934.754952608012,2.049676593409205,0.00840991717115261,-1.5282289359939825,0.030133228316926594,-1.5689091484340498,1.12962535674074,121.8558717032652,67.74032599935602
25016,025016,1857.34965296426,1857.34965296426,1917.924623722001,1917.924623722001,2.015306616523902,0.0004902130710700773,-1.5922332470746603,-0.014668153580254308,-1.5759355608146708,1.125060013269004,121.1604837134374,67.28731745081727
25028,025028,1857.479804288565,1857.479804288565,1922.888630990956,1922.888630990956,2.004635553476707,0.005137445956362164,-1.558016415459667,-0.0031506953783180715,-1.5647864995029954,1.146133774946981,120.7571865009013,67.36403230763489
25029,025029,1866.254649589019,1866.254649589019,1919.254029415608,1919.254029415608,2.022382969590999,-0.003597953696000636,-1.5700586556197347,0.014603913747234055,-1.5640112962393267,1.130147879676854,120.0310462140434,66.95362481129119
25031,025031,1857.479804288565,1857.479804288565,1922.888630990956,1922.888630990956,2.004635553476707,0.005137445956362164,-1.558016415459667,-0.0031506953783180715,-1.5647864995029954,1.146133774946981,120.7571865009013,67.36403230763489
25042,025042,1857.479804288565,1857.479804288565,1922.888630990956,1922.888630990956,2.004635553476707,0.005137445956362164,-1.558016415459667,-0.0031506953783180715,-1.5647864995029954,1.146133774946981,120.7571865009013,67.36403230763489
25046,025046,1842.404839758716,1842.404839758716,1934.754952608012,1934.754952608012,2.049676593409205,0.00840991717115261,-1.5282289359939825,0.030133228316926594,-1.5689091484340498,1.12962535674074,121.8558717032652,67.74032599935602
25057,025057,1859.746969636308,1859.746969636308,1914.204755444865,1914.204755444865,2.009231466004983,-0.002970823641278691,-1.56293139392435,0.02955107472663299,-1.5440339176877833,1.136123277061316,120.581700743319,67.21490441580156
25063,025063,1857.34965296426,1857.34965296426,1917.924623722001,1917.924623722001,2.015306616523902,0.0004902130710700773,-1.5922332470746603,-0.014668153580254308,-1.5759355608146708,1.125060013269004,121.1604837134374,67.28731745081727
25068,025068,1842.404839758716,1842.404839758716,1934.754952608012,1934.754952608012,2.047493806442693,0.01132193851634119,-1.5412444667550063,0.030238908236011552,-1.5662469692397305,1.128173733560131,121.8558717032652,67.74032599935602
25080,025080,1846.470459745119,1846.470459745119,1934.237294246353,1934.237294246353,2.053116246097614,0.007127191254660563,-1.5532465545489462,0.04239655825563713,-1.585496144359086,1.126073558516028,121.8482000805993,67.76262613512169
25089,025089,1842.404839758716,1842.404839758716,1934.754952608012,1934.754952608012,2.047493806442693,0.01132193851634119,-1.5412444667550063,0.030238908236011552,-1.5662469692397305,1.128173733560131,121.8558717032652,67.74032599935602
25102,025102,1857.34965296426,1857.34965296426,1917.924623722001,1917.924623722001,2.015306616523902,0.0004902130710700773,-1.5922332470746603,-0.014668153580254308,-1.5759355608146708,1.125060013269004,121.1604837134374,67.28731745081727
25105,025105,1857.34965296426,1857.34965296426,1917.924623722001,1917.924623722001,2.015306616523902,0.0004902130710700773,-1.5922332210785368,-0.014674245860053241,-1.5741902425771948,1.125060013269004,121.1604837134374,67.28731745081727
25116,025116,1842.404839758716,1842.404839758716,1934.754952608012,1934.754952608012,2.047493806442693,0.01132193851634119,-1.5412444667550063,0.030238908236011552,-1.5662469692397305,1.128173733560131,121.8558717032652,67.74032599935602
25132,025132,1880.974214387733,1880.974214387733,1915.779220181504,1915.779220181504,1.977851236897697,-0.006727592148754134,-1.569591747497633,-0.01629538688615913,-1.5688506905097992,1.100166968750412,119.4299449008713,66.58945770112874
25155,025155,1858.597086427252,1858.597086427252,1924.42584741907,1924.42584741907,2.029652670668384,0.006069991084438096,-1.551672000605969,0.04206165324630392,-1.5795655590792688,1.133153905263153,121.4569399168275,67.46593912807965
25180,025180,1842.404839758716,1842.404839758716,1934.754952608012,1934.754952608012,2.047493806442693,0.01132193851634119,-1.5412444667550063,0.030238908236011552,-1.5662469692397305,1.128173733560131,121.8558717032652,67.74032599935602
25182,025182,1858.597086427252,1858.597086427252,1924.42584741907,1924.42584741907,2.029652670668384,0.006069991084438096,-1.5481785083094486,0.042104190812269744,-1.5829092444598964,1.133153905263153,121.4569399168275,67.46593912807965
25184,025184,1863.741408936456,1863.741408936456,1907.013643152467,1907.013643152467,2.005329759075146,-0.003650044106571175,-1.5887481941415185,-0.014653253011738941,-1.5777014108444942,1.11944171485232,120.9702880538638,67.1682674453265
25198,025198,1866.254649589019,1866.254649589019,1919.254029415608,1919.254029415608,2.023073685447837,-0.001729120249509546,-1.5676469090071028,0.013673190861190706,-1.5633595192911118,1.129930671152837,120.0310462140434,66.95362481129119
25205,025205,1847.919204237398,1847.919204237398,1921.263788490785,1921.263788490785,2.044438354629837,-0.006856317126254376,-1.5601557581409167,0.017964654651584994,-1.5449573354257424,1.124371377834915,121.2376221304691,67.59771650670672
25213,025213,1880.974214387733,1880.974214387733,1915.779220181504,1915.779220181504,1.977851236897697,-0.006727592148754134,-1.5713373051013404,-0.016291966292714507,-1.5688222502099622,1.100166968750412,119.4299449008713,66.58945770112874
25219,025219,1866.254649589019,1866.254649589019,1919.254029415608,1919.254029415608,2.023073685447837,-0.001729120249509546,-1.569392313614426,0.013692241791982286,-1.5651287137304093,1.129930671152837,120.0310462140434,66.95362481129119
25224,025224,1863.741408936456,1863.741408936456,1907.013643152467,1907.013643152467,2.00447886760607,-0.01270781496313672,-1.5188653261385996,0.01643271269900077,-1.5727766151929443,1.102109518675779,120.9702880538638,67.1682674453265
25242,025242,1842.404839758716,1842.404839758716,1934.754952608012,1934.754952608012,2.047493806442693,0.01132193851634119,-1.5412444667550063,0.030238908236011552,-1.5662469692397305,1.128173733560131,121.8558717032652,67.74032599935602
25243,025243,1857.34965296426,1857.34965296426,1917.924623722001,1917.924623722001,2.015306616523902,0.0004902130710700773,-1.5922332210785368,-0.014674245860053241,-1.5741902425771948,1.125060013269004,121.1604837134374,67.28731745081727
25251,025251,1859.746969636308,1859.746969636308,1914.204755444865,1914.204755444865,2.009231466004983,-0.002970823641278691,-1.5629326100062055,0.029508446697819848,-1.5405435555976825,1.136123277061316,120.581700743319,67.21490441580156
25262,025262,1842.404839758716,1842.404839758716,1934.754952608012,1934.754952608012,2.049676593409205,0.00840991717115261,-1.5282289359939825,0.030133228316926594,-1.5689091484340498,1.12962535674074,121.8558717032652,67.74032599935602
25272,025272,1863.741408936456,1863.741408936456,1907.013643152467,1907.013643152467,2.005329759075146,-0.003650044106571175,-1.5887481941415185,-0.014653253011738941,-1.5777014108444942,1.11944171485232,120.9702880538638,67.1682674453265
25309,025309,1842.404839758716,1842.404839758716,1934.754952608012,1934.754952608012,2.049676593409205,0.00840991717115261,-1.5282289359939825,0.030133228316926594,-1.5689091484340498,1.12962535674074,121.8558717032652,67.74032599935602
25315,025315,1842.404839758716,1842.404839758716,1934.754952608012,1934.754952608012,2.047493806442693,0.01132193851634119,-1.5412444667550063,0.030238908236011552,-1.5662469692397305,1.128173733560131,121.8558717032652,67.74032599935602
25325,025325,1859.746969636308,1859.746969636308,1914.204755444865,1914.204755444865,2.009231466004983,-0.002970823641278691,-1.5629319833589455,0.02952976018188684,-1.5422887360998494,1.136123277061316,120.581700743319,67.21490441580156
25329,025329,1859.746969636308,1859.746969636308,1914.204755444865,1914.204755444865,2.009231466004983,-0.002970823641278691,-1.5629326100062055,0.029508446697819848,-1.5405435555976825,1.136123277061316,120.581700743319,67.21490441580156
25341,025341,1857.34965296426,1857.34965296426,1917.924623722001,1917.924623722001,2.015306616523902,0.0004902130710700773,-1.5922332210785368,-0.014674245860053241,-1.5741902425771948,1.125060013269004,121.1604837134374,67.28731745081727
25355,025355,1863.334264630649,1863.334264630649,1907.62696303471,1907.62696303471,2.015970272322051,0.008957195838649488,-1.5225925316185862,0.015377765957622191,-1.5681989866297787,1.131092790341723,121.100845132532,67.24295811544353
25357,025357,1863.741408936456,1863.741408936456,1907.013643152467,1907.013643152467,2.005329759075146,-0.003650044106571175,-1.5887481757638633,-0.014656299128578557,-1.575956084520097,1.11944171485232,120.9702880538638,67.1682674453265
25366,025366,1842.404839758716,1842.404839758716,1934.754952608012,1934.754952608012,2.049676593409205,0.00840991717115261,-1.5282289359939825,0.030133228316926594,-1.5689091484340498,1.12962535674074,121.8558717032652,67.74032599935602
25371,025371,1857.479804288565,1857.479804288565,1922.888630990956,1922.888630990956,2.004635553476707,0.005137445956362164,-1.558016415459667,-0.0031506953783180715,-1.5647864995029954,1.146133774946981,120.7571865009013,67.36403230763489
25399,025399,1859.746969636308,1859.746969636308,1914.204755444865,1914.204755444865,2.009231466004983,-0.002970823641278691,-1.5629319833589455,0.02952976018188684,-1.5422887360998494,1.136123277061316,120.581700743319,67.21490441580156
25424,025424,1880.974214387733,1880.974214387733,1915.779220181504,1915.779220181504,1.977851236897697,-0.006727592148754134,-1.569591747497633,-0.01629538688615913,-1.5688506905097992,1.100166968750412,119.4299449008713,66.58945770112874
25426,025426,1842.404839758716,1842.404839758716,1934.754952608012,1934.754952608012,2.047493806442693,0.01132193851634119,-1.5412444667550063,0.030238908236011552,-1.5662469692397305,1.128173733560131,121.8558717032652,67.74032599935602
25432,025432,1880.974214387733,1880.974214387733,1915.779220181504,1915.779220181504,1.977851236897697,-0.006727592148754134,-1.569591747497633,-0.01629538688615913,-1.5688506905097992,1.100166968750412,119.4299449008713,66.58945770112874
25442,025442,1851.83618357446,1851.83618357446,1915.259734665388,1915.259734665388,2.0339196102626,-0.005694530419066602,-1.563387881739645,0.02728212930346041,-1.5386813218462054,1.130775474183994,121.1021209397552,67.48494915545704
25443,025443,1866.254649589019,1866.254649589019,1919.254029415608,1919.254029415608,2.023073685447837,-0.001729120249509546,-1.569392313614426,0.013692241791982286,-1.5651287137304093,1.129930671152837,120.0310462140434,66.95362481129119
25460,025460,1842.404839758716,1842.404839758716,1934.754952608012,1934.754952608012,2.047493806442693,0.01132193851634119,-1.5412444667550063,0.030238908236011552,-1.5662469692397305,1.128173733560131,121.8558717032652,67.74032599935602
25466,025466,1847.919204237398,1847.919204237398,1921.263788490785,1921.263788490785,2.044438354629837,-0.006856317126254376,-1.5601564303701785,0.017940294738900124,-1.5414667740539971,1.124371377834915,121.2376221304691,67.59771650670672
25485,025485,1863.741408936456,1863.741408936456,1907.013643152467,1907.013643152467,2.005329759075146,-0.003650044106571175,-1.5887481757638633,-0.014656299128578557,-1.575956084520097,1.11944171485232,120.9702880538638,67.1682674453265
25486,025486,1880.974214387733,1880.974214387733,1915.779220181504,1915.779220181504,1.977851236897697,-0.006727592148754134,-1.5713373051013404,-0.016291966292714507,-1.5688222502099622,1.100166968750412,119.4299449008713,66.58945770112874
25490,025490,1857.479804288565,1857.479804288565,1922.888630990956,1922.888630990956,2.004635553476707,0.005137445956362164,-1.558016415459667,-0.0031506953783180715,-1.5647864995029954,1.146133774946981,120.7571865009013,67.36403230763489
25494,025494,1857.479804288565,1857.479804288565,1922.888630990956,1922.888630990956,2.004635553476707,0.005137445956362164,-1.5510357394219714,-0.003256540141911394,-1.5595730426885313,1.146133774946981,120.7571865009013,67.36403230763489
25524,025524,1863.334264630649,1863.334264630649,1907.62696303471,1907.62696303471,2.015970272322051,0.008957195838649488,-1.5225925316185862,0.015377765957622191,-1.5681989866297787,1.131092790341723,121.100845132532,67.24295811544353
25545,025545,1857.34965296426,1857.34965296426,1917.924623722001,1917.924623722001,2.015306616523902,0.0004902130710700773,-1.5922332210785368,-0.014674245860053241,-1.5741902425771948,1.125060013269004,121.1604837134374,67.28731745081727
25547,025547,1842.404839758716,1842.404839758716,1934.754952608012,1934.754952608012,2.047493806442693,0.01132193851634119,-1.5412444667550063,0.030238908236011552,-1.5662469692397305,1.128173733560131,121.8558717032652,67.74032599935602
25561,025561,1863.334264630649,1863.334264630649,1907.62696303471,1907.62696303471,2.015970272322051,0.008957195838649488,-1.5225925316185862,0.015377765957622191,-1.5681989866297787,1.131092790341723,121.100845132532,67.24295811544353
25569,025569,1863.741408936456,1863.741408936456,1907.013643152467,1907.013643152467,2.005329759075146,-0.003650044106571175,-1.5887481757638633,-0.014656299128578557,-1.575956084520097,1.11944171485232,120.9702880538638,67.1682674453265
25587,025587,1863.741408936456,1863.741408936456,1907.013643152467,1907.013643152467,2.00447886760607,-0.01270781496313672,-1.5188653261385996,0.01643271269900077,-1.5727766151929443,1.102109518675779,120.9702880538638,67.1682674453265
25599,025599,1859.746969636308,1859.746969636308,1914.204755444865,1914.204755444865,2.009231466004983,-0.002970823641278691,-1.5699128441987793,0.02975543926078322,-1.5477314577859038,1.136123277061316,120.581700743319,67.21490441580156
25613,025613,1847.919204237398,1847.919204237398,1921.263788490785,1921.263788490785,2.044438354629837,-0.006856317126254376,-1.5601564303701785,0.017940294738900124,-1.5414667740539971,1.124371377834915,121.2376221304691,67.59771650670672
25628,025628,1857.34965296426,1857.34965296426,1917.924623722001,1917.924623722001,2.015306616523902,0.0004902130710700773,-1.5922332210785368,-0.014674245860053241,-1.5741902425771948,1.125060013269004,121.1604837134374,67.28731745081727
25632,025632,1842.404839758716,1842.404839758716,1934.754952608012,1934.754952608012,2.047493806442693,0.01132193851634119,-1.5412444667550063,0.030238908236011552,-1.5662469692397305,1.128173733560131,121.8558717032652,67.74032599935602
25640,025640,1857.34965296426,1857.34965296426,1917.924623722001,1917.924623722001,2.015306616523902,0.0004902130710700773,-1.5922332470746603,-0.014668153580254308,-1.5759355608146708,1.125060013269004,121.1604837134374,67.28731745081727
25643,025643,1842.404839758716,1842.404839758716,1934.754952608012,1934.754952608012,2.047493806442693,0.01132193851634119,-1.5412444667550063,0.030238908236011552,-1.5662469692397305,1.128173733560131,121.8558717032652,67.74032599935602
25653,025653,1880.974214387733,1880.974214387733,1915.779220181504,1915.779220181504,1.977851236897697,-0.006727592148754134,-1.569591747497633,-0.01629538688615913,-1.5688506905097992,1.100166968750412,119.4299449008713,66.58945770112874
25664,025664,1842.404839758716,1842.404839758716,1934.754952608012,1934.754952608012,2.049676593409205,0.00840991717115261,-1.5282289359939825,0.030133228316926594,-1.5689091484340498,1.12962535674074,121.8558717032652,67.74032599935602
25674,025674,1846.470459745119,1846.470459745119,1934.237294246353,1934.237294246353,2.053116246097614,0.007127191254660563,-1.5532465545489462,0.04239655825563713,-1.585496144359086,1.126073558516028,121.8482000805993,67.76262613512169
25690,025690,1880.974214387733,1880.974214387733,1915.779220181504,1915.779220181504,1.977851236897697,-0.006727592148754134,-1.569591747497633,-0.01629538688615913,-1.5688506905097992,1.100166968750412,119.4299449008713,66.58945770112874
25692,025692,1857.479804288565,1857.479804288565,1922.888630990956,1922.888630990956,2.004635553476707,0.005137445956362164,-1.558016415459667,-0.0031506953783180715,-1.5647864995029954,1.146133774946981,120.7571865009013,67.36403230763489
25693,025693,1859.746969636308,1859.746969636308,1914.204755444865,1914.204755444865,2.009231466004983,-0.002970823641278691,-1.5699128441987793,0.02975543926078322,-1.5477314577859038,1.136123277061316,120.581700743319,67.21490441580156
25706,025706,1866.254649589019,1866.254649589019,1919.254029415608,1919.254029415608,2.023073685447837,-0.001729120249509546,-1.569392313614426,0.013692241791982286,-1.5651287137304093,1.129930671152837,120.0310462140434,66.95362481129119
25713,025713,1842.404839758716,1842.404839758716,1934.754952608012,1934.754952608012,2.049676593409205,0.00840991717115261,-1.5282289359939825,0.030133228316926594,-1.5689091484340498,1.12962535674074,121.8558717032652,67.74032599935602
25716,025716,1857.34965296426,1857.34965296426,1917.924623722001,1917.924623722001,2.015306616523902,0.0004902130710700773,-1.5922332210785368,-0.014674245860053241,-1.5741902425771948,1.125060013269004,121.1604837134374,67.28731745081727
25718,025718,1842.404839758716,1842.404839758716,1934.754952608012,1934.754952608012,2.049676593409205,0.00840991717115261,-1.5282289359939825,0.030133228316926594,-1.5689091484340498,1.12962535674074,121.8558717032652,67.74032599935602
25734,025734,1866.254649589019,1866.254649589019,1919.254029415608,1919.254029415608,2.023073685447837,-0.001729120249509546,-1.569392313614426,0.013692241791982286,-1.5651287137304093,1.129930671152837,120.0310462140434,66.95362481129119
25766,025766,1857.479804288565,1857.479804288565,1922.888630990956,1922.888630990956,2.004635553476707,0.005137445956362164,-1.5510357394219714,-0.003256540141911394,-1.5595730426885313,1.146133774946981,120.7571865009013,67.36403230763489
25776,025776,1859.746969636308,1859.746969636308,1914.204755444865,1914.204755444865,2.009231466004983,-0.002970823641278691,-1.5629319833589455,0.02952976018188684,-1.5422887360998494,1.136123277061316,120.581700743319,67.21490441580156
25777,025777,1857.479804288565,1857.479804288565,1922.888630990956,1922.888630990956,2.004635553476707,0.005137445956362164,-1.558016415459667,-0.0031506953783180715,-1.5647864995029954,1.146133774946981,120.7571865009013,67.36403230763489
25782,025782,1842.404839758716,1842.404839758716,1934.754952608012,1934.754952608012,2.047493806442693,0.01132193851634119,-1.5412444667550063,0.030238908236011552,-1.5662469692397305,1.128173733560131,121.8558717032652,67.74032599935602
25811,025811,1863.741408936456,1863.741408936456,1907.013643152467,1907.013643152467,2.00447886760607,-0.01270781496313672,-1.5188653261385996,0.01643271269900077,-1.5727766151929443,1.102109518675779,120.9702880538638,67.1682674453265
25814,025814,1863.741408936456,1863.741408936456,1907.013643152467,1907.013643152467,2.005329759075146,-0.003650044106571175,-1.5887481757638633,-0.014656299128578557,-1.575956084520097,1.11944171485232,120.9702880538638,67.1682674453265
25815,025815,1857.479804288565,1857.479804288565,1922.888630990956,1922.888630990956,2.004635553476707,0.005137445956362164,-1.558016415459667,-0.0031506953783180715,-1.5647864995029954,1.146133774946981,120.7571865009013,67.36403230763489
25831,025831,1842.404839758716,1842.404839758716,1934.754952608012,1934.754952608012,2.047493806442693,0.01132193851634119,-1.5412444667550063,0.030238908236011552,-1.5662469692397305,1.128173733560131,121.8558717032652,67.74032599935602
25851,025851,1842.404839758716,1842.404839758716,1934.754952608012,1934.754952608012,2.047493806442693,0.01132193851634119,-1.5412444667550063,0.030238908236011552,-1.5662469692397305,1.128173733560131,121.8558717032652,67.74032599935602
25860,025860,1863.741408936456,1863.741408936456,1907.013643152467,1907.013643152467,2.00447886760607,-0.01270781496313672,-1.5188653261385996,0.01643271269900077,-1.5727766151929443,1.102109518675779,120.9702880538638,67.1682674453265
25864,025864,1863.334264630649,1863.334264630649,1907.62696303471,1907.62696303471,2.015970272322051,0.008957195838649488,-1.5225925316185862,0.015377765957622191,-1.5681989866297787,1.131092790341723,121.100845132532,67.24295811544353
25869,025869,1866.254649589019,1866.254649589019,1919.254029415608,1919.254029415608,2.023073685447837,-0.001729120249509546,-1.569392313614426,0.013692241791982286,-1.5651287137304093,1.129930671152837,120.0310462140434,66.95362481129119
25871,025871,1859.633325720178,1859.633325720178,1926.337015754446,1926.337015754446,1.997003502293789,0.007118608021303436,-1.5655439822728348,-0.002684599072072188,-1.570856670035724,1.144582618675452,120.6792689337453,67.26448936786939
25874,025874,1857.34965296426,1857.34965296426,1917.924623722001,1917.924623722001,2.015306616523902,0.0004902130710700773,-1.5922332470746603,-0.014668153580254308,-1.5759355608146708,1.125060013269004,121.1604837134374,67.28731745081727
25876,025876,1842.404839758716,1842.404839758716,1934.754952608012,1934.754952608012,2.049676593409205,0.00840991717115261,-1.5282289359939825,0.030133228316926594,-1.5689091484340498,1.12962535674074,121.8558717032652,67.74032599935602
25879,025879,1842.404839758716,1842.404839758716,1934.754952608012,1934.754952608012,2.046786065257891,-0.006828121814732697,-1.550567783015738,0.017848005597134148,-1.574262353752155,1.131792706748405,121.8558717032652,67.74032599935602
25883,025883,1842.404839758716,1842.404839758716,1934.754952608012,1934.754952608012,2.047493806442693,0.01132193851634119,-1.5412444667550063,0.030238908236011552,-1.5662469692397305,1.128173733560131,121.8558717032652,67.74032599935602
25887,025887,1857.479804288565,1857.479804288565,1922.888630990956,1922.888630990956,2.004635553476707,0.005137445956362164,-1.558016415459667,-0.0031506953783180715,-1.5647864995029954,1.146133774946981,120.7571865009013,67.36403230763489
25913,025913,1866.254649589019,1866.254649589019,1919.254029415608,1919.254029415608,2.023073685447837,-0.001729120249509546,-1.5676469090071028,0.013673190861190706,-1.5633595192911118,1.129930671152837,120.0310462140434,66.95362481129119
25918,025918,1842.404839758716,1842.404839758716,1934.754952608012,1934.754952608012,2.047493806442693,0.01132193851634119,-1.5412444667550063,0.030238908236011552,-1.5662469692397305,1.128173733560131,121.8558717032652,67.74032599935602
25948,025948,1880.974214387733,1880.974214387733,1915.779220181504,1915.779220181504,1.977851236897697,-0.006727592148754134,-1.5713373051013404,-0.016291966292714507,-1.5688222502099622,1.100166968750412,119.4299449008713,66.58945770112874
25951,025951,1866.254649589019,1866.254649589019,1919.254029415608,1919.254029415608,2.023073685447837,-0.001729120249509546,-1.569392313614426,0.013692241791982286,-1.5651287137304093,1.129930671152837,120.0310462140434,66.95362481129119
25989,025989,1857.479804288565,1857.479804288565,1922.888630990956,1922.888630990956,2.004635553476707,0.005137445956362164,-1.558016415459667,-0.0031506953783180715,-1.5647864995029954,1.146133774946981,120.7571865009013,67.36403230763489
26020,026020,1857.34965296426,1857.34965296426,1917.924623722001,1917.924623722001,2.015306616523902,0.0004902130710700773,-1.5922332210785368,-0.014674245860053241,-1.5741902425771948,1.125060013269004,121.1604837134374,67.28731745081727
26026,026026,1842.404839758716,1842.404839758716,1934.754952608012,1934.754952608012,2.047493806442693,0.01132193851634119,-1.5412444667550063,0.030238908236011552,-1.5662469692397305,1.128173733560131,121.8558717032652,67.74032599935602
26037,026037,1842.404839758716,1842.404839758716,1934.754952608012,1934.754952608012,2.047493806442693,0.01132193851634119,-1.5412444667550063,0.030238908236011552,-1.5662469692397305,1.128173733560131,121.8558717032652,67.74032599935602
26039,026039,1842.404839758716,1842.404839758716,1934.754952608012,1934.754952608012,2.047493806442693,0.01132193851634119,-1.5412444667550063,0.030238908236011552,-1.5662469692397305,1.128173733560131,121.8558717032652,67.74032599935602
26040,026040,1842.404839758716,1842.404839758716,1934.754952608012,1934.754952608012,2.047493806442693,0.01132193851634119,-1.5412444667550063,0.030238908236011552,-1.5662469692397305,1.128173733560131,121.8558717032652,67.74032599935602
26073,026073,1846.470459745119,1846.470459745119,1934.237294246353,1934.237294246353,2.053116246097614,0.007127191254660563,-1.5532465545489462,0.04239655825563713,-1.585496144359086,1.126073558516028,121.8482000805993,67.76262613512169
26078,026078,1842.404839758716,1842.404839758716,1934.754952608012,1934.754952608012,2.045975662868765,-0.002400173486311045,-1.55338857412205,0.01825416843181658,-1.577136067995388,1.130651936362605,121.8558717032652,67.74032599935602
26088,026088,1863.741408936456,1863.741408936456,1907.013643152467,1907.013643152467,2.005329759075146,-0.003650044106571175,-1.5887481757638633,-0.014656299128578557,-1.575956084520097,1.11944171485232,120.9702880538638,67.1682674453265
26092,026092,1866.254649589019,1866.254649589019,1919.254029415608,1919.254029415608,2.023073685447837,-0.001729120249509546,-1.5676469090071028,0.013673190861190706,-1.5633595192911118,1.129930671152837,120.0310462140434,66.95362481129119
26100,026100,1842.404839758716,1842.404839758716,1934.754952608012,1934.754952608012,2.047493806442693,0.01132193851634119,-1.5412444667550063,0.030238908236011552,-1.5662469692397305,1.128173733560131,121.8558717032652,67.74032599935602
26103,026103,1866.254649589019,1866.254649589019,1919.254029415608,1919.254029415608,2.023073685447837,-0.001729120249509546,-1.5676469090071028,0.013673190861190706,-1.5633595192911118,1.129930671152837,120.0310462140434,66.95362481129119
26109,026109,1846.470459745119,1846.470459745119,1934.237294246353,1934.237294246353,2.053116246097614,0.007127191254660563,-1.5532465545489462,0.04239655825563713,-1.585496144359086,1.126073558516028,121.8482000805993,67.76262613512169
26115,026115,1863.334264630649,1863.334264630649,1907.62696303471,1907.62696303471,2.015970272322051,0.008957195838649488,-1.5225925316185862,0.015377765957622191,-1.5681989866297787,1.131092790341723,121.100845132532,67.24295811544353
26144,026144,1846.470459745119,1846.470459745119,1934.237294246353,1934.237294246353,2.053116246097614,0.007127191254660563,-1.5532465545489462,0.04239655825563713,-1.585496144359086,1.126073558516028,121.8482000805993,67.76262613512169
26147,026147,1858.597086427252,1858.597086427252,1924.42584741907,1924.42584741907,2.029652670668384,0.006069991084438096,-1.5481785083094486,0.042104190812269744,-1.5829092444598964,1.133153905263153,121.4569399168275,67.46593912807965
26156,026156,1857.34965296426,1857.34965296426,1917.924623722001,1917.924623722001,2.015306616523902,0.0004902130710700773,-1.5922332210785368,-0.014674245860053241,-1.5741902425771948,1.125060013269004,121.1604837134374,67.28731745081727
26160,026160,1842.404839758716,1842.404839758716,1934.754952608012,1934.754952608012,2.049676593409205,0.00840991717115261,-1.5282289359939825,0.030133228316926594,-1.5689091484340498,1.12962535674074,121.8558717032652,67.74032599935602
26168,026168,1860.44342061537,1860.44342061537,1931.800446368316,1931.800446368316,2.014037351924079,-0.002481086856738699,-1.5657787946070796,0.024763195053972537,-1.5905180797729668,1.128847994220851,121.0847164834004,67.28639589561944
26173,026173,1857.34965296426,1857.34965296426,1917.924623722001,1917.924623722001,2.015306616523902,0.0004902130710700773,-1.5922332210785368,-0.014674245860053241,-1.5741902425771948,1.125060013269004,121.1604837134374,67.28731745081727
26177,026177,1863.741408936456,1863.741408936456,1907.013643152467,1907.013643152467,2.00447886760607,-0.01270781496313672,-1.5188653261385996,0.01643271269900077,-1.5727766151929443,1.102109518675779,120.9702880538638,67.1682674453265
26201,026201,1860.44342061537,1860.44342061537,1931.800446368316,1931.800446368316,2.014037351924079,-0.002481086856738699,-1.5657787946070796,0.024763195053972537,-1.5905180797729668,1.128847994220851,121.0847164834004,67.28639589561944
26213,026213,1863.741408936456,1863.741408936456,1907.013643152467,1907.013643152467,2.005329759075146,-0.003650044106571175,-1.5887481941415185,-0.014653253011738941,-1.5777014108444942,1.11944171485232,120.9702880538638,67.1682674453265
26225,026225,1866.254649589019,1866.254649589019,1919.254029415608,1919.254029415608,2.023073685447837,-0.001729120249509546,-1.5676469090071028,0.013673190861190706,-1.5633595192911118,1.129930671152837,120.0310462140434,66.95362481129119
26231,026231,1846.470459745119,1846.470459745119,1934.237294246353,1934.237294246353,2.053116246097614,0.007127191254660563,-1.5532465545489462,0.04239655825563713,-1.585496144359086,1.126073558516028,121.8482000805993,67.76262613512169
26252,026252,1842.404839758716,1842.404839758716,1934.754952608012,1934.754952608012,2.049676593409205,0.00840991717115261,-1.5282289359939825,0.030133228316926594,-1.5689091484340498,1.12962535674074,121.8558717032652,67.74032599935602
26256,026256,1863.741408936456,1863.741408936456,1907.013643152467,1907.013643152467,2.005329759075146,-0.003650044106571175,-1.5887481757638633,-0.014656299128578557,-1.575956084520097,1.11944171485232,120.9702880538638,67.1682674453265
26263,026263,1866.254649589019,1866.254649589019,1919.254029415608,1919.254029415608,2.023073685447837,-0.001729120249509546,-1.569392313614426,0.013692241791982286,-1.5651287137304093,1.129930671152837,120.0310462140434,66.95362481129119
26267,026267,1846.470459745119,1846.470459745119,1934.237294246353,1934.237294246353,2.053116246097614,0.007127191254660563,-1.5532465545489462,0.04239655825563713,-1.585496144359086,1.126073558516028,121.8482000805993,67.76262613512169
26269,026269,1863.741408936456,1863.741408936456,1907.013643152467,1907.013643152467,2.005329759075146,-0.003650044106571175,-1.5887481757638633,-0.014656299128578557,-1.575956084520097,1.11944171485232,120.9702880538638,67.1682674453265
26271,026271,1863.741408936456,1863.741408936456,1907.013643152467,1907.013643152467,2.00447886760607,-0.01270781496313672,-1.5188653261385996,0.01643271269900077,-1.5727766151929443,1.102109518675779,120.9702880538638,67.1682674453265
26281,026281,1866.254649589019,1866.254649589019,1919.254029415608,1919.254029415608,2.023073685447837,-0.001729120249509546,-1.5676469090071028,0.013673190861190706,-1.5633595192911118,1.129930671152837,120.0310462140434,66.95362481129119
26289,026289,1859.746969636308,1859.746969636308,1914.204755444865,1914.204755444865,2.009231466004983,-0.002970823641278691,-1.5646779031491849,0.02956119474784027,-1.5405950950370737,1.136123277061316,120.581700743319,67.21490441580156
26299,026299,1863.741408936456,1863.741408936456,1907.013643152467,1907.013643152467,2.005329759075146,-0.003650044106571175,-1.5887481757638633,-0.014656299128578557,-1.575956084520097,1.11944171485232,120.9702880538638,67.1682674453265
26303,026303,1880.974214387733,1880.974214387733,1915.779220181504,1915.779220181504,1.977851236897697,-0.006727592148754134,-1.5713373051013404,-0.016291966292714507,-1.5688222502099622,1.100166968750412,119.4299449008713,66.58945770112874
26320,026320,1842.404839758716,1842.404839758716,1934.754952608012,1934.754952608012,2.049676593409205,0.00840991717115261,-1.5282289359939825,0.030133228316926594,-1.5689091484340498,1.12962535674074,121.8558717032652,67.74032599935602
26321,026321,1842.404839758716,1842.404839758716,1934.754952608012,1934.754952608012,2.049676593409205,0.00840991717115261,-1.5282289359939825,0.030133228316926594,-1.5689091484340498,1.12962535674074,121.8558717032652,67.74032599935602
26323,026323,1866.254649589019,1866.254649589019,1919.254029415608,1919.254029415608,2.023073685447837,-0.001729120249509546,-1.5676468490155226,0.013682329143988894,-1.5651048237980518,1.129930671152837,120.0310462140434,66.95362481129119
26331,026331,1842.404839758716,1842.404839758716,1934.754952608012,1934.754952608012,2.049676593409205,0.00840991717115261,-1.5282289359939825,0.030133228316926594,-1.5689091484340498,1.12962535674074,121.8558717032652,67.74032599935602
26339,026339,1857.479804288565,1857.479804288565,1922.888630990956,1922.888630990956,2.004635553476707,0.005137445956362164,-1.558016415459667,-0.0031506953783180715,-1.5647864995029954,1.146133774946981,120.7571865009013,67.36403230763489
26355,026355,1842.404839758716,1842.404839758716,1934.754952608012,1934.754952608012,2.047493806442693,0.01132193851634119,-1.5412444667550063,0.030238908236011552,-1.5662469692397305,1.128173733560131,121.8558717032652,67.74032599935602
26364,026364,1846.470459745119,1846.470459745119,1934.237294246353,1934.237294246353,2.053116246097614,0.007127191254660563,-1.5532465545489462,0.04239655825563713,-1.585496144359086,1.126073558516028,121.8482000805993,67.76262613512169
26392,026392,1859.746969636308,1859.746969636308,1914.204755444865,1914.204755444865,2.009231466004983,-0.002970823641278691,-1.56293139392435,0.02955107472663299,-1.5440339176877833,1.136123277061316,120.581700743319,67.21490441580156
26403,026403,1863.741408936456,1863.741408936456,1907.013643152467,1907.013643152467,2.005329759075146,-0.003650044106571175,-1.5887481757638633,-0.014656299128578557,-1.575956084520097,1.11944171485232,120.9702880538638,67.1682674453265
26408,026408,1842.404839758716,1842.404839758716,1934.754952608012,1934.754952608012,2.047493806442693,0.01132193851634119,-1.5412444667550063,0.030238908236011552,-1.5662469692397305,1.128173733560131,121.8558717032652,67.74032599935602
26417,026417,1857.34965296426,1857.34965296426,1917.924623722001,1917.924623722001,2.015306616523902,0.0004902130710700773,-1.5922332470746603,-0.014668153580254308,-1.5759355608146708,1.125060013269004,121.1604837134374,67.28731745081727
26428,026428,1863.334264630649,1863.334264630649,1907.62696303471,1907.62696303471,2.015970272322051,0.008957195838649488,-1.5225925316185862,0.015377765957622191,-1.5681989866297787,1.131092790341723,121.100845132532,67.24295811544353
26437,026437,1866.254649589019,1866.254649589019,1919.254029415608,1919.254029415608,2.022382969590999,-0.003597953696000636,-1.5700586556197347,0.014603913747234055,-1.5640112962393267,1.130147879676854,120.0310462140434,66.95362481129119
26445,026445,1880.974214387733,1880.974214387733,1915.779220181504,1915.779220181504,1.977851236897697,-0.006727592148754134,-1.5713373051013404,-0.016291966292714507,-1.5688222502099622,1.100166968750412,119.4299449008713,66.58945770112874
26480,026480,1846.470459745119,1846.470459745119,1934.237294246353,1934.237294246353,2.053116246097614,0.007127191254660563,-1.5532465545489462,0.04239655825563713,-1.585496144359086,1.126073558516028,121.8482000805993,67.76262613512169
26494,026494,1842.404839758716,1842.404839758716,1934.754952608012,1934.754952608012,2.049676593409205,0.00840991717115261,-1.5282289359939825,0.030133228316926594,-1.5689091484340498,1.12962535674074,121.8558717032652,67.74032599935602
26517,026517,1880.974214387733,1880.974214387733,1915.779220181504,1915.779220181504,1.977851236897697,-0.006727592148754134,-1.569591747497633,-0.01629538688615913,-1.5688506905097992,1.100166968750412,119.4299449008713,66.58945770112874
26523,026523,1858.597086427252,1858.597086427252,1924.42584741907,1924.42584741907,2.029652670668384,0.006069991084438096,-1.5481785083094486,0.042104190812269744,-1.5829092444598964,1.133153905263153,121.4569399168275,67.46593912807965
26527,026527,1880.974214387733,1880.974214387733,1915.779220181504,1915.779220181504,1.977851236897697,-0.006727592148754134,-1.5713373051013404,-0.016291966292714507,-1.5688222502099622,1.100166968750412,119.4299449008713,66.58945770112874
26542,026542,1858.597086427252,1858.597086427252,1924.42584741907,1924.42584741907,2.029652670668384,0.006069991084438096,-1.5481785083094486,0.042104190812269744,-1.5829092444598964,1.133153905263153,121.4569399168275,67.46593912807965
26561,026561,1842.404839758716,1842.404839758716,1934.754952608012,1934.754952608012,2.047493806442693,0.01132193851634119,-1.5412444667550063,0.030238908236011552,-1.5662469692397305,1.128173733560131,121.8558717032652,67.74032599935602
26567,026567,1863.741408936456,1863.741408936456,1907.013643152467,1907.013643152467,2.00447886760607,-0.01270781496313672,-1.5188653261385996,0.01643271269900077,-1.5727766151929443,1.102109518675779,120.9702880538638,67.1682674453265
26569,026569,1859.746969636308,1859.746969636308,1914.204755444865,1914.204755444865,2.009231466004983,-0.002970823641278691,-1.5646779031491849,0.02956119474784027,-1.5405950950370737,1.136123277061316,120.581700743319,67.21490441580156
26576,026576,1860.44342061537,1860.44342061537,1931.800446368316,1931.800446368316,2.014037351924079,-0.002481086856738699,-1.5657787946070796,0.024763195053972537,-1.5905180797729668,1.128847994220851,121.0847164834004,67.28639589561944
26586,026586,1880.974214387733,1880.974214387733,1915.779220181504,1915.779220181504,1.977851236897697,-0.006727592148754134,-1.569591747497633,-0.01629538688615913,-1.5688506905097992,1.100166968750412,119.4299449008713,66.58945770112874
26587,026587,1866.254649589019,1866.254649589019,1919.254029415608,1919.254029415608,2.023073685447837,-0.001729120249509546,-1.569392313614426,0.013692241791982286,-1.5651287137304093,1.129930671152837,120.0310462140434,66.95362481129119
26612,026612,1857.479804288565,1857.479804288565,1922.888630990956,1922.888630990956,2.004635553476707,0.005137445956362164,-1.558016415459667,-0.0031506953783180715,-1.5647864995029954,1.146133774946981,120.7571865009013,67.36403230763489
26664,026664,1880.974214387733,1880.974214387733,1915.779220181504,1915.779220181504,1.977851236897697,-0.006727592148754134,-1.5713373051013404,-0.016291966292714507,-1.5688222502099622,1.100166968750412,119.4299449008713,66.58945770112874
26672,026672,1842.404839758716,1842.404839758716,1934.754952608012,1934.754952608012,2.049676593409205,0.00840991717115261,-1.5282289359939825,0.030133228316926594,-1.5689091484340498,1.12962535674074,121.8558717032652,67.74032599935602
26693,026693,1866.254649589019,1866.254649589019,1919.254029415608,1919.254029415608,2.023073685447837,-0.001729120249509546,-1.5676469090071028,0.013673190861190706,-1.5633595192911118,1.129930671152837,120.0310462140434,66.95362481129119
26701,026701,1863.741408936456,1863.741408936456,1907.013643152467,1907.013643152467,2.005329759075146,-0.003650044106571175,-1.5887481757638633,-0.014656299128578557,-1.575956084520097,1.11944171485232,120.9702880538638,67.1682674453265
26724,026724,1842.404839758716,1842.404839758716,1934.754952608012,1934.754952608012,2.049676593409205,0.00840991717115261,-1.5282289359939825,0.030133228316926594,-1.5689091484340498,1.12962535674074,121.8558717032652,67.74032599935602
26742,026742,1863.741408936456,1863.741408936456,1907.013643152467,1907.013643152467,2.005329759075146,-0.003650044106571175,-1.5887481757638633,-0.014656299128578557,-1.575956084520097,1.11944171485232,120.9702880538638,67.1682674453265
26768,026768,1880.974214387733,1880.974214387733,1915.779220181504,1915.779220181504,1.977851236897697,-0.006727592148754134,-1.5713373051013404,-0.016291966292714507,-1.5688222502099622,1.100166968750412,119.4299449008713,66.58945770112874
26786,026786,1863.741408936456,1863.741408936456,1907.013643152467,1907.013643152467,2.005329759075146,-0.003650044106571175,-1.5887481757638633,-0.014656299128578557,-1.575956084520097,1.11944171485232,120.9702880538638,67.1682674453265
26793,026793,1842.404839758716,1842.404839758716,1934.754952608012,1934.754952608012,2.047493806442693,0.01132193851634119,-1.5412444667550063,0.030238908236011552,-1.5662469692397305,1.128173733560131,121.8558717032652,67.74032599935602
26799,026799,1863.741408936456,1863.741408936456,1907.013643152467,1907.013643152467,2.00447886760607,-0.01270781496313672,-1.5188653261385996,0.01643271269900077,-1.5727766151929443,1.102109518675779,120.9702880538638,67.1682674453265
26814,026814,1863.741408936456,1863.741408936456,1907.013643152467,1907.013643152467,2.00447886760607,-0.01270781496313672,-1.5188653261385996,0.01643271269900077,-1.5727766151929443,1.102109518675779,120.9702880538638,67.1682674453265
26820,026820,1866.254649589019,1866.254649589019,1919.254029415608,1919.254029415608,2.023073685447837,-0.001729120249509546,-1.569392313614426,0.013692241791982286,-1.5651287137304093,1.129930671152837,120.0310462140434,66.95362481129119
26840,026840,1863.741408936456,1863.741408936456,1907.013643152467,1907.013643152467,2.005329759075146,-0.003650044106571175,-1.5887481757638633,-0.014656299128578557,-1.575956084520097,1.11944171485232,120.9702880538638,67.1682674453265
26845,026845,1858.597086427252,1858.597086427252,1924.42584741907,1924.42584741907,2.029652670668384,0.006069991084438096,-1.5481785083094486,0.042104190812269744,-1.5829092444598964,1.133153905263153,121.4569399168275,67.46593912807965
26846,026846,1857.34965296426,1857.34965296426,1917.924623722001,1917.924623722001,2.015306616523902,0.0004902130710700773,-1.5922332470746603,-0.014668153580254308,-1.5759355608146708,1.125060013269004,121.1604837134374,67.28731745081727
26851,026851,1857.34965296426,1857.34965296426,1917.924623722001,1917.924623722001,2.015306616523902,0.0004902130710700773,-1.5922332210785368,-0.014674245860053241,-1.5741902425771948,1.125060013269004,121.1604837134374,67.28731745081727
26858,026858,1858.597086427252,1858.597086427252,1924.42584741907,1924.42584741907,2.029652670668384,0.006069991084438096,-1.5481785083094486,0.042104190812269744,-1.5829092444598964,1.133153905263153,121.4569399168275,67.46593912807965
26865,026865,1880.974214387733,1880.974214387733,1915.779220181504,1915.779220181504,1.977851236897697,-0.006727592148754134,-1.569591747497633,-0.01629538688615913,-1.5688506905097992,1.100166968750412,119.4299449008713,66.58945770112874
26870,026870,1860.44342061537,1860.44342061537,1931.800446368316,1931.800446368316,2.015408304393497,-0.0003830991732733452,-1.5666471279812573,0.02469796677423977,-1.5966478172441692,1.13414802111517,121.0847164834004,67.28639589561944
26886,026886,1866.254649589019,1866.254649589019,1919.254029415608,1919.254029415608,2.023073685447837,-0.001729120249509546,-1.5676469090071028,0.013673190861190706,-1.5633595192911118,1.129930671152837,120.0310462140434,66.95362481129119
26897,026897,1858.597086427252,1858.597086427252,1924.42584741907,1924.42584741907,2.029652670668384,0.006069991084438096,-1.5481785083094486,0.042104190812269744,-1.5829092444598964,1.133153905263153,121.4569399168275,67.46593912807965
26910,026910,1842.404839758716,1842.404839758716,1934.754952608012,1934.754952608012,2.047493806442693,0.01132193851634119,-1.5412444667550063,0.030238908236011552,-1.5662469692397305,1.128173733560131,121.8558717032652,67.74032599935602
26913,026913,1842.404839758716,1842.404839758716,1934.754952608012,1934.754952608012,2.047493806442693,0.01132193851634119,-1.5412444667550063,0.030238908236011552,-1.5662469692397305,1.128173733560131,121.8558717032652,67.74032599935602
26917,026917,1857.34965296426,1857.34965296426,1917.924623722001,1917.924623722001,2.015306616523902,0.0004902130710700773,-1.5922332470746603,-0.014668153580254308,-1.5759355608146708,1.125060013269004,121.1604837134374,67.28731745081727
26923,026923,1863.741408936456,1863.741408936456,1907.013643152467,1907.013643152467,2.00447886760607,-0.01270781496313672,-1.5188653261385996,0.01643271269900077,-1.5727766151929443,1.102109518675779,120.9702880538638,67.1682674453265
26940,026940,1846.470459745119,1846.470459745119,1934.237294246353,1934.237294246353,2.053116246097614,0.007127191254660563,-1.5532465545489462,0.04239655825563713,-1.585496144359086,1.126073558516028,121.8482000805993,67.76262613512169
26942,026942,1863.741408936456,1863.741408936456,1907.013643152467,1907.013643152467,2.005329759075146,-0.003650044106571175,-1.5887481757638633,-0.014656299128578557,-1.575956084520097,1.11944171485232,120.9702880538638,67.1682674453265
26945,026945,1859.746969636308,1859.746969636308,1914.204755444865,1914.204755444865,2.009231466004983,-0.002970823641278691,-1.56293139392435,0.02955107472663299,-1.5440339176877833,1.136123277061316,120.581700743319,67.21490441580156
26960,026960,1860.44342061537,1860.44342061537,1931.800446368316,1931.800446368316,2.014037351924079,-0.002481086856738699,-1.5657787946070796,0.024763195053972537,-1.5905180797729668,1.128847994220851,121.0847164834004,67.28639589561944
26968,026968,1842.404839758716,1842.404839758716,1934.754952608012,1934.754952608012,2.047493806442693,0.01132193851634119,-1.5412444667550063,0.030238908236011552,-1.5662469692397305,1.128173733560131,121.8558717032652,67.74032599935602
26970,026970,1863.741408936456,1863.741408936456,1907.013643152467,1907.013643152467,2.005329759075146,-0.003650044106571175,-1.5887481941415185,-0.014653253011738941,-1.5777014108444942,1.11944171485232,120.9702880538638,67.1682674453265
26981,026981,1842.404839758716,1842.404839758716,1934.754952608012,1934.754952608012,2.049676593409205,0.00840991717115261,-1.5282289359939825,0.030133228316926594,-1.5689091484340498,1.12962535674074,121.8558717032652,67.74032599935602
26989,026989,1858.597086427252,1858.597086427252,1924.42584741907,1924.42584741907,2.029652670668384,0.006069991084438096,-1.551672000605969,0.04206165324630392,-1.5795655590792688,1.133153905263153,121.4569399168275,67.46593912807965
26990,026990,1880.974214387733,1880.974214387733,1915.779220181504,1915.779220181504,1.977851236897697,-0.006727592148754134,-1.569591747497633,-0.01629538688615913,-1.5688506905097992,1.100166968750412,119.4299449008713,66.58945770112874
27012,027012,1842.404839758716,1842.404839758716,1934.754952608012,1934.754952608012,2.049676593409205,0.00840991717115261,-1.5282289359939825,0.030133228316926594,-1.5689091484340498,1.12962535674074,121.8558717032652,67.74032599935602
27014,027014,1842.404839758716,1842.404839758716,1934.754952608012,1934.754952608012,2.049676593409205,0.00840991717115261,-1.5282289359939825,0.030133228316926594,-1.5689091484340498,1.12962535674074,121.8558717032652,67.74032599935602
27020,027020,1863.334264630649,1863.334264630649,1907.62696303471,1907.62696303471,2.015970272322051,0.008957195838649488,-1.5225925316185862,0.015377765957622191,-1.5681989866297787,1.131092790341723,121.100845132532,67.24295811544353
27046,027046,1863.741408936456,1863.741408936456,1907.013643152467,1907.013643152467,2.005329759075146,-0.003650044106571175,-1.5887481757638633,-0.014656299128578557,-1.575956084520097,1.11944171485232,120.9702880538638,67.1682674453265
27091,027091,1847.919204237398,1847.919204237398,1921.263788490785,1921.263788490785,2.044438354629837,-0.006856317126254376,-1.5601564303701785,0.017940294738900124,-1.5414667740539971,1.124371377834915,121.2376221304691,67.59771650670672
27115,027115,1842.404839758716,1842.404839758716,1934.754952608012,1934.754952608012,2.047493806442693,0.01132193851634119,-1.5412444667550063,0.030238908236011552,-1.5662469692397305,1.128173733560131,121.8558717032652,67.74032599935602
27124,027124,1863.741408936456,1863.741408936456,1907.013643152467,1907.013643152467,2.00447886760607,-0.01270781496313672,-1.5188653261385996,0.01643271269900077,-1.5727766151929443,1.102109518675779,120.9702880538638,67.1682674453265
27130,027130,1842.404839758716,1842.404839758716,1934.754952608012,1934.754952608012,2.047493806442693,0.01132193851634119,-1.5412444667550063,0.030238908236011552,-1.5662469692397305,1.128173733560131,121.8558717032652,67.74032599935602
27140,027140,1857.479804288565,1857.479804288565,1922.888630990956,1922.888630990956,2.004635553476707,0.005137445956362164,-1.5510357394219714,-0.003256540141911394,-1.5595730426885313,1.146133774946981,120.7571865009013,67.36403230763489
27149,027149,1866.254649589019,1866.254649589019,1919.254029415608,1919.254029415608,2.023073685447837,-0.001729120249509546,-1.569392313614426,0.013692241791982286,-1.5651287137304093,1.129930671152837,120.0310462140434,66.95362481129119
27157,027157,1857.479804288565,1857.479804288565,1922.888630990956,1922.888630990956,2.004635553476707,0.005137445956362164,-1.558016415459667,-0.0031506953783180715,-1.5647864995029954,1.146133774946981,120.7571865009013,67.36403230763489
27158,027158,1847.919204237398,1847.919204237398,1921.263788490785,1921.263788490785,2.044438354629837,-0.006856317126254376,-1.5601557581409167,0.017964654651584994,-1.5449573354257424,1.124371377834915,121.2376221304691,67.59771650670672
27167,027167,1846.470459745119,1846.470459745119,1934.237294246353,1934.237294246353,2.053116246097614,0.007127191254660563,-1.5532465545489462,0.04239655825563713,-1.585496144359086,1.126073558516028,121.8482000805993,67.76262613512169
27177,027177,1863.741408936456,1863.741408936456,1907.013643152467,1907.013643152467,2.00447886760607,-0.01270781496313672,-1.5188653261385996,0.01643271269900077,-1.5727766151929443,1.102109518675779,120.9702880538638,67.1682674453265
27194,027194,1859.746969636308,1859.746969636308,1914.204755444865,1914.204755444865,2.009231466004983,-0.002970823641278691,-1.5646779031491849,0.02956119474784027,-1.5405950950370737,1.136123277061316,120.581700743319,67.21490441580156
27195,027195,1860.44342061537,1860.44342061537,1931.800446368316,1931.800446368316,2.014037351924079,-0.002481086856738699,-1.5657787946070796,0.024763195053972537,-1.5905180797729668,1.128847994220851,121.0847164834004,67.28639589561944
27203,027203,1866.254649589019,1866.254649589019,1919.254029415608,1919.254029415608,2.023073685447837,-0.001729120249509546,-1.5676469090071028,0.013673190861190706,-1.5633595192911118,1.129930671152837,120.0310462140434,66.95362481129119
27206,027206,1842.404839758716,1842.404839758716,1934.754952608012,1934.754952608012,2.049676593409205,0.00840991717115261,-1.5282289359939825,0.030133228316926594,-1.5689091484340498,1.12962535674074,121.8558717032652,67.74032599935602
27209,027209,1863.741408936456,1863.741408936456,1907.013643152467,1907.013643152467,2.005329759075146,-0.003650044106571175,-1.5887481757638633,-0.014656299128578557,-1.575956084520097,1.11944171485232,120.9702880538638,67.1682674453265
27220,027220,1847.919204237398,1847.919204237398,1921.263788490785,1921.263788490785,2.044438354629837,-0.006856317126254376,-1.56190282940682,0.01794578342158031,-1.5327716213215807,1.124371377834915,121.2376221304691,67.59771650670672
27263,027263,1842.404839758716,1842.404839758716,1934.754952608012,1934.754952608012,2.047493806442693,0.01132193851634119,-1.5412444667550063,0.030238908236011552,-1.5662469692397305,1.128173733560131,121.8558717032652,67.74032599935602
27273,027273,1866.254649589019,1866.254649589019,1919.254029415608,1919.254029415608,2.023073685447837,-0.001729120249509546,-1.5676469090071028,0.013673190861190706,-1.5633595192911118,1.129930671152837,120.0310462140434,66.95362481129119
27279,027279,1863.741408936456,1863.741408936456,1907.013643152467,1907.013643152467,2.00447886760607,-0.01270781496313672,-1.5188653261385996,0.01643271269900077,-1.5727766151929443,1.102109518675779,120.9702880538638,67.1682674453265
27291,027291,1863.741408936456,1863.741408936456,1907.013643152467,1907.013643152467,2.005329759075146,-0.003650044106571175,-1.5887481757638633,-0.014656299128578557,-1.575956084520097,1.11944171485232,120.9702880538638,67.1682674453265
27303,027303,1866.254649589019,1866.254649589019,1919.254029415608,1919.254029415608,2.023073685447837,-0.001729120249509546,-1.569392313614426,0.013692241791982286,-1.5651287137304093,1.129930671152837,120.0310462140434,66.95362481129119
27308,027308,1842.404839758716,1842.404839758716,1934.754952608012,1934.754952608012,2.049676593409205,0.00840991717115261,-1.5282289359939825,0.030133228316926594,-1.5689091484340498,1.12962535674074,121.8558717032652,67.74032599935602
27312,027312,1863.741408936456,1863.741408936456,1907.013643152467,1907.013643152467,2.00447886760607,-0.01270781496313672,-1.5188653261385996,0.01643271269900077,-1.5727766151929443,1.102109518675779,120.9702880538638,67.1682674453265
27323,027323,1859.746969636308,1859.746969636308,1914.204755444865,1914.204755444865,2.009231466004983,-0.002970823641278691,-1.5646779031491849,0.02956119474784027,-1.5405950950370737,1.136123277061316,120.581700743319,67.21490441580156
27326,027326,1863.741408936456,1863.741408936456,1907.013643152467,1907.013643152467,2.00447886760607,-0.01270781496313672,-1.5188653261385996,0.01643271269900077,-1.5727766151929443,1.102109518675779,120.9702880538638,67.1682674453265
27343,027343,1866.254649589019,1866.254649589019,1919.254029415608,1919.254029415608,2.023073685447837,-0.001729120249509546,-1.5676469090071028,0.013673190861190706,-1.5633595192911118,1.129930671152837,120.0310462140434,66.95362481129119
27363,027363,1846.470459745119,1846.470459745119,1934.237294246353,1934.237294246353,2.053116246097614,0.007127191254660563,-1.5532465545489462,0.04239655825563713,-1.585496144359086,1.126073558516028,121.8482000805993,67.76262613512169
27392,027392,1857.479804288565,1857.479804288565,1922.888630990956,1922.888630990956,2.004635553476707,0.005137445956362164,-1.558016415459667,-0.0031506953783180715,-1.5647864995029954,1.146133774946981,120.7571865009013,67.36403230763489
27406,027406,1842.404839758716,1842.404839758716,1934.754952608012,1934.754952608012,2.047493806442693,0.01132193851634119,-1.5412444667550063,0.030238908236011552,-1.5662469692397305,1.128173733560131,121.8558717032652,67.74032599935602
27425,027425,1846.470459745119,1846.470459745119,1934.237294246353,1934.237294246353,2.053116246097614,0.007127191254660563,-1.5532465545489462,0.04239655825563713,-1.585496144359086,1.126073558516028,121.8482000805993,67.76262613512169
27498,027498,1880.974214387733,1880.974214387733,1915.779220181504,1915.779220181504,1.977851236897697,-0.006727592148754134,-1.5713373051013404,-0.016291966292714507,-1.5688222502099622,1.100166968750412,119.4299449008713,66.58945770112874
27537,027537,1847.919204237398,1847.919204237398,1921.263788490785,1921.263788490785,2.044438354629837,-0.006856317126254376,-1.5601564303701785,0.017940294738900124,-1.5414667740539971,1.124371377834915,121.2376221304691,67.59771650670672
27541,027541,1842.404839758716,1842.404839758716,1934.754952608012,1934.754952608012,2.047493806442693,0.01132193851634119,-1.5412444667550063,0.030238908236011552,-1.5662469692397305,1.128173733560131,121.8558717032652,67.74032599935602
27569,027569,1866.254649589019,1866.254649589019,1919.254029415608,1919.254029415608,2.023073685447837,-0.001729120249509546,-1.5676469090071028,0.013673190861190706,-1.5633595192911118,1.129930671152837,120.0310462140434,66.95362481129119
27577,027577,1842.404839758716,1842.404839758716,1934.754952608012,1934.754952608012,2.047493806442693,0.01132193851634119,-1.5412444667550063,0.030238908236011552,-1.5662469692397305,1.128173733560131,121.8558717032652,67.74032599935602
27583,027583,1842.404839758716,1842.404839758716,1934.754952608012,1934.754952608012,2.049676593409205,0.00840991717115261,-1.5282289359939825,0.030133228316926594,-1.5689091484340498,1.12962535674074,121.8558717032652,67.74032599935602
27586,027586,1859.746969636308,1859.746969636308,1914.204755444865,1914.204755444865,2.009231466004983,-0.002970823641278691,-1.5629319833589455,0.02952976018188684,-1.5422887360998494,1.136123277061316,120.581700743319,67.21490441580156
27587,027587,1863.741408936456,1863.741408936456,1907.013643152467,1907.013643152467,2.00447886760607,-0.01270781496313672,-1.520610887543998,0.0164292314171461,-1.5728052951803733,1.102109518675779,120.9702880538638,67.1682674453265
27598,027598,1859.746969636308,1859.746969636308,1914.204755444865,1914.204755444865,2.009231466004983,-0.002970823641278691,-1.56293139392435,0.02955107472663299,-1.5440339176877833,1.136123277061316,120.581700743319,67.21490441580156
27600,027600,1842.404839758716,1842.404839758716,1934.754952608012,1934.754952608012,2.047493806442693,0.01132193851634119,-1.5412444667550063,0.030238908236011552,-1.5662469692397305,1.128173733560131,121.8558717032652,67.74032599935602
27601,027601,1859.746969636308,1859.746969636308,1914.204755444865,1914.204755444865,2.009231466004983,-0.002970823641278691,-1.5646779031491849,0.02956119474784027,-1.5405950950370737,1.136123277061316,120.581700743319,67.21490441580156
27603,027603,1847.919204237398,1847.919204237398,1921.263788490785,1921.263788490785,2.044438354629837,-0.006856317126254376,-1.5601557581409167,0.017964654651584994,-1.5449573354257424,1.124371377834915,121.2376221304691,67.59771650670672
27609,027609,1846.470459745119,1846.470459745119,1934.237294246353,1934.237294246353,2.053116246097614,0.007127191254660563,-1.5532465545489462,0.04239655825563713,-1.585496144359086,1.126073558516028,121.8482000805993,67.76262613512169
27611,027611,1858.597086427252,1858.597086427252,1924.42584741907,1924.42584741907,2.029652670668384,0.006069991084438096,-1.5481785083094486,0.042104190812269744,-1.5829092444598964,1.133153905263153,121.4569399168275,67.46593912807965
27619,027619,1847.919204237398,1847.919204237398,1921.263788490785,1921.263788490785,2.044438354629837,-0.006856317126254376,-1.5601564303701785,0.017940294738900124,-1.5414667740539971,1.124371377834915,121.2376221304691,67.59771650670672
27629,027629,1847.919204237398,1847.919204237398,1921.263788490785,1921.263788490785,2.044438354629837,-0.006856317126254376,-1.5601564303701785,0.017940294738900124,-1.5414667740539971,1.124371377834915,121.2376221304691,67.59771650670672
27631,027631,1857.34965296426,1857.34965296426,1917.924623722001,1917.924623722001,2.015306616523902,0.0004902130710700773,-1.5922332210785368,-0.014674245860053241,-1.5741902425771948,1.125060013269004,121.1604837134374,67.28731745081727
27688,027688,1863.741408936456,1863.741408936456,1907.013643152467,1907.013643152467,2.00447886760607,-0.01270781496313672,-1.520610887543998,0.0164292314171461,-1.5728052951803733,1.102109518675779,120.9702880538638,67.1682674453265
27718,027718,1863.741408936456,1863.741408936456,1907.013643152467,1907.013643152467,2.00447886760607,-0.01270781496313672,-1.520610887543998,0.0164292314171461,-1.5728052951803733,1.102109518675779,120.9702880538638,67.1682674453265
27745,027745,1863.741408936456,1863.741408936456,1907.013643152467,1907.013643152467,2.00447886760607,-0.01270781496313672,-1.520610887543998,0.0164292314171461,-1.5728052951803733,1.102109518675779,120.9702880538638,67.1682674453265
27752,027752,1863.741408936456,1863.741408936456,1907.013643152467,1907.013643152467,2.005329759075146,-0.003650044106571175,-1.5887481757638633,-0.014656299128578557,-1.575956084520097,1.11944171485232,120.9702880538638,67.1682674453265
27765,027765,1859.746969636308,1859.746969636308,1914.204755444865,1914.204755444865,2.009231466004983,-0.002970823641278691,-1.5646779031491849,0.02956119474784027,-1.5405950950370737,1.136123277061316,120.581700743319,67.21490441580156
27775,027775,1866.254649589019,1866.254649589019,1919.254029415608,1919.254029415608,2.023073685447837,-0.001729120249509546,-1.569392313614426,0.013692241791982286,-1.5651287137304093,1.129930671152837,120.0310462140434,66.95362481129119
27778,027778,1859.746969636308,1859.746969636308,1914.204755444865,1914.204755444865,2.009231466004983,-0.002970823641278691,-1.5699128441987793,0.02975543926078322,-1.5477314577859038,1.136123277061316,120.581700743319,67.21490441580156
27781,027781,1846.470459745119,1846.470459745119,1934.237294246353,1934.237294246353,2.053116246097614,0.007127191254660563,-1.5532465545489462,0.04239655825563713,-1.585496144359086,1.126073558516028,121.8482000805993,67.76262613512169
27783,027783,1859.746969636308,1859.746969636308,1914.204755444865,1914.204755444865,2.009231466004983,-0.002970823641278691,-1.5629319833589455,0.02952976018188684,-1.5422887360998494,1.136123277061316,120.581700743319,67.21490441580156
27789,027789,1866.254649589019,1866.254649589019,1919.254029415608,1919.254029415608,2.023073685447837,-0.001729120249509546,-1.5676469090071028,0.013673190861190706,-1.5633595192911118,1.129930671152837,120.0310462140434,66.95362481129119
27861,027861,1842.404839758716,1842.404839758716,1934.754952608012,1934.754952608012,2.047493806442693,0.01132193851634119,-1.5412444667550063,0.030238908236011552,-1.5662469692397305,1.128173733560131,121.8558717032652,67.74032599935602
27865,027865,1857.479804288565,1857.479804288565,1922.888630990956,1922.888630990956,2.004635553476707,0.005137445956362164,-1.5510357394219714,-0.003256540141911394,-1.5595730426885313,1.146133774946981,120.7571865009013,67.36403230763489
27889,027889,1866.254649589019,1866.254649589019,1919.254029415608,1919.254029415608,2.023073685447837,-0.001729120249509546,-1.569392313614426,0.013692241791982286,-1.5651287137304093,1.129930671152837,120.0310462140434,66.95362481129119
27894,027894,1842.404839758716,1842.404839758716,1934.754952608012,1934.754952608012,2.047493806442693,0.01132193851634119,-1.5412444667550063,0.030238908236011552,-1.5662469692397305,1.128173733560131,121.8558717032652,67.74032599935602
27900,027900,1857.479804288565,1857.479804288565,1922.888630990956,1922.888630990956,2.004635553476707,0.005137445956362164,-1.5510357394219714,-0.003256540141911394,-1.5595730426885313,1.146133774946981,120.7571865009013,67.36403230763489
27902,027902,1857.34965296426,1857.34965296426,1917.924623722001,1917.924623722001,2.015306616523902,0.0004902130710700773,-1.5922332210785368,-0.014674245860053241,-1.5741902425771948,1.125060013269004,121.1604837134374,67.28731745081727
27912,027912,1866.254649589019,1866.254649589019,1919.254029415608,1919.254029415608,2.023073685447837,-0.001729120249509546,-1.5676469090071028,0.013673190861190706,-1.5633595192911118,1.129930671152837,120.0310462140434,66.95362481129119
27932,027932,1866.254649589019,1866.254649589019,1919.254029415608,1919.254029415608,2.023073685447837,-0.001729120249509546,-1.5676469090071028,0.013673190861190706,-1.5633595192911118,1.129930671152837,120.0310462140434,66.95362481129119
27969,027969,1858.597086427252,1858.597086427252,1924.42584741907,1924.42584741907,2.029652670668384,0.006069991084438096,-1.5481785083094486,0.042104190812269744,-1.5829092444598964,1.133153905263153,121.4569399168275,67.46593912807965
27980,027980,1857.34965296426,1857.34965296426,1917.924623722001,1917.924623722001,2.015306616523902,0.0004902130710700773,-1.5922332210785368,-0.014674245860053241,-1.5741902425771948,1.125060013269004,121.1604837134374,67.28731745081727
27982,027982,1857.34965296426,1857.34965296426,1917.924623722001,1917.924623722001,2.015306616523902,0.0004902130710700773,-1.5922332210785368,-0.014674245860053241,-1.5741902425771948,1.125060013269004,121.1604837134374,67.28731745081727
27984,027984,1842.404839758716,1842.404839758716,1934.754952608012,1934.754952608012,2.049676593409205,0.00840991717115261,-1.5282289359939825,0.030133228316926594,-1.5689091484340498,1.12962535674074,121.8558717032652,67.74032599935602
27998,027998,1857.34965296426,1857.34965296426,1917.924623722001,1917.924623722001,2.015306616523902,0.0004902130710700773,-1.5922332210785368,-0.014674245860053241,-1.5741902425771948,1.125060013269004,121.1604837134374,67.28731745081727
28004,028004,1866.254649589019,1866.254649589019,1919.254029415608,1919.254029415608,2.023073685447837,-0.001729120249509546,-1.5676469090071028,0.013673190861190706,-1.5633595192911118,1.129930671152837,120.0310462140434,66.95362481129119
28010,028010,1863.741408936456,1863.741408936456,1907.013643152467,1907.013643152467,2.00447886760607,-0.01270781496313672,-1.5188653261385996,0.01643271269900077,-1.5727766151929443,1.102109518675779,120.9702880538638,67.1682674453265
28022,028022,1880.974214387733,1880.974214387733,1915.779220181504,1915.779220181504,1.977851236897697,-0.006727592148754134,-1.569591747497633,-0.01629538688615913,-1.5688506905097992,1.100166968750412,119.4299449008713,66.58945770112874
28032,028032,1842.404839758716,1842.404839758716,1934.754952608012,1934.754952608012,2.049676593409205,0.00840991717115261,-1.5282289359939825,0.030133228316926594,-1.5689091484340498,1.12962535674074,121.8558717032652,67.74032599935602
28035,028035,1842.404839758716,1842.404839758716,1934.754952608012,1934.754952608012,2.045975662868765,-0.002400173486311045,-1.55338857412205,0.01825416843181658,-1.577136067995388,1.130651936362605,121.8558717032652,67.74032599935602
28048,028048,1866.254649589019,1866.254649589019,1919.254029415608,1919.254029415608,2.023073685447837,-0.001729120249509546,-1.5676469090071028,0.013673190861190706,-1.5633595192911118,1.129930671152837,120.0310462140434,66.95362481129119
28066,028066,1880.974214387733,1880.974214387733,1915.779220181504,1915.779220181504,1.977851236897697,-0.006727592148754134,-1.569591747497633,-0.01629538688615913,-1.5688506905097992,1.100166968750412,119.4299449008713,66.58945770112874
28067,028067,1842.404839758716,1842.404839758716,1934.754952608012,1934.754952608012,2.049676593409205,0.00840991717115261,-1.5282289359939825,0.030133228316926594,-1.5689091484340498,1.12962535674074,121.8558717032652,67.74032599935602
28104,028104,1857.479804288565,1857.479804288565,1922.888630990956,1922.888630990956,2.004635553476707,0.005137445956362164,-1.558016415459667,-0.0031506953783180715,-1.5647864995029954,1.146133774946981,120.7571865009013,67.36403230763489
28112,028112,1842.404839758716,1842.404839758716,1934.754952608012,1934.754952608012,2.047493806442693,0.01132193851634119,-1.5412444667550063,0.030238908236011552,-1.5662469692397305,1.128173733560131,121.8558717032652,67.74032599935602
28117,028117,1857.34965296426,1857.34965296426,1917.924623722001,1917.924623722001,2.015306616523902,0.0004902130710700773,-1.5922332470746603,-0.014668153580254308,-1.5759355608146708,1.125060013269004,121.1604837134374,67.28731745081727
28122,028122,1863.741408936456,1863.741408936456,1907.013643152467,1907.013643152467,2.00447886760607,-0.01270781496313672,-1.5188653261385996,0.01643271269900077,-1.5727766151929443,1.102109518675779,120.9702880538638,67.1682674453265
28133,028133,1846.470459745119,1846.470459745119,1934.237294246353,1934.237294246353,2.053116246097614,0.007127191254660563,-1.5532465545489462,0.04239655825563713,-1.585496144359086,1.126073558516028,121.8482000805993,67.76262613512169
28136,028136,1860.44342061537,1860.44342061537,1931.800446368316,1931.800446368316,2.014037351924079,-0.002481086856738699,-1.5657787946070796,0.024763195053972537,-1.5905180797729668,1.128847994220851,121.0847164834004,67.28639589561944
28153,028153,1859.746969636308,1859.746969636308,1914.204755444865,1914.204755444865,2.009231466004983,-0.002970823641278691,-1.5629319833589455,0.02952976018188684,-1.5422887360998494,1.136123277061316,120.581700743319,67.21490441580156
28172,028172,1842.404839758716,1842.404839758716,1934.754952608012,1934.754952608012,2.047493806442693,0.01132193851634119,-1.5412444667550063,0.030238908236011552,-1.5662469692397305,1.128173733560131,121.8558717032652,67.74032599935602
28175,028175,1842.404839758716,1842.404839758716,1934.754952608012,1934.754952608012,2.049676593409205,0.00840991717115261,-1.5282289359939825,0.030133228316926594,-1.5689091484340498,1.12962535674074,121.8558717032652,67.74032599935602
28181,028181,1880.974214387733,1880.974214387733,1915.779220181504,1915.779220181504,1.977851236897697,-0.006727592148754134,-1.569591747497633,-0.01629538688615913,-1.5688506905097992,1.100166968750412,119.4299449008713,66.58945770112874
28187,028187,1857.34965296426,1857.34965296426,1917.924623722001,1917.924623722001,2.015306616523902,0.0004902130710700773,-1.5922332210785368,-0.014674245860053241,-1.5741902425771948,1.125060013269004,121.1604837134374,67.28731745081727
28195,028195,1863.741408936456,1863.741408936456,1907.013643152467,1907.013643152467,2.00447886760607,-0.01270781496313672,-1.5188653261385996,0.01643271269900077,-1.5727766151929443,1.102109518675779,120.9702880538638,67.1682674453265
28210,028210,1866.254649589019,1866.254649589019,1919.254029415608,1919.254029415608,2.023073685447837,-0.001729120249509546,-1.5676469090071028,0.013673190861190706,-1.5633595192911118,1.129930671152837,120.0310462140434,66.95362481129119
28230,028230,1860.564880874244,1860.564880874244,1915.277656000934,1915.277656000934,2.032247983139118,-0.002695228642927331,-1.569557994423854,-0.0005317036782272924,-1.5603823304900195,1.086569965134065,120.4121940536434,67.18210949757325
28245,028245,1857.479804288565,1857.479804288565,1922.888630990956,1922.888630990956,2.004635553476707,0.005137445956362164,-1.558016415459667,-0.0031506953783180715,-1.5647864995029954,1.146133774946981,120.7571865009013,67.36403230763489
28262,028262,1866.254649589019,1866.254649589019,1919.254029415608,1919.254029415608,2.023073685447837,-0.001729120249509546,-1.5676469090071028,0.013673190861190706,-1.5633595192911118,1.129930671152837,120.0310462140434,66.95362481129119
28282,028282,1857.34965296426,1857.34965296426,1917.924623722001,1917.924623722001,2.015306616523902,0.0004902130710700773,-1.5922332210785368,-0.014674245860053241,-1.5741902425771948,1.125060013269004,121.1604837134374,67.28731745081727
28293,028293,1863.741408936456,1863.741408936456,1907.013643152467,1907.013643152467,2.005329759075146,-0.003650044106571175,-1.5887481757638633,-0.014656299128578557,-1.575956084520097,1.11944171485232,120.9702880538638,67.1682674453265
28313,028313,1842.404839758716,1842.404839758716,1934.754952608012,1934.754952608012,2.047493806442693,0.01132193851634119,-1.5412444667550063,0.030238908236011552,-1.5662469692397305,1.128173733560131,121.8558717032652,67.74032599935602
28325,028325,1863.741408936456,1863.741408936456,1907.013643152467,1907.013643152467,2.005329759075146,-0.003650044106571175,-1.5887481757638633,-0.014656299128578557,-1.575956084520097,1.11944171485232,120.9702880538638,67.1682674453265
28328,028328,1860.44342061537,1860.44342061537,1931.800446368316,1931.800446368316,2.014037351924079,-0.002481086856738699,-1.5657787946070796,0.024763195053972537,-1.5905180797729668,1.128847994220851,121.0847164834004,67.28639589561944
28337,028337,1866.254649589019,1866.254649589019,1919.254029415608,1919.254029415608,2.023073685447837,-0.001729120249509546,-1.5676469090071028,0.013673190861190706,-1.5633595192911118,1.129930671152837,120.0310462140434,66.95362481129119
28338,028338,1842.404839758716,1842.404839758716,1934.754952608012,1934.754952608012,2.047493806442693,0.01132193851634119,-1.5412444667550063,0.030238908236011552,-1.5662469692397305,1.128173733560131,121.8558717032652,67.74032599935602
28341,028341,1857.479804288565,1857.479804288565,1922.888630990956,1922.888630990956,2.004635553476707,0.005137445956362164,-1.558016415459667,-0.0031506953783180715,-1.5647864995029954,1.146133774946981,120.7571865009013,67.36403230763489
28360,028360,1863.741408936456,1863.741408936456,1907.013643152467,1907.013643152467,2.005329759075146,-0.003650044106571175,-1.5887481757638633,-0.014656299128578557,-1.575956084520097,1.11944171485232,120.9702880538638,67.1682674453265
28370,028370,1857.34965296426,1857.34965296426,1917.924623722001,1917.924623722001,2.015306616523902,0.0004902130710700773,-1.5922332210785368,-0.014674245860053241,-1.5741902425771948,1.125060013269004,121.1604837134374,67.28731745081727
28395,028395,1866.254649589019,1866.254649589019,1919.254029415608,1919.254029415608,2.023073685447837,-0.001729120249509546,-1.569392313614426,0.013692241791982286,-1.5651287137304093,1.129930671152837,120.0310462140434,66.95362481129119
28418,028418,1857.479804288565,1857.479804288565,1922.888630990956,1922.888630990956,2.004635553476707,0.005137445956362164,-1.558016415459667,-0.0031506953783180715,-1.5647864995029954,1.146133774946981,120.7571865009013,67.36403230763489
28439,028439,1866.254649589019,1866.254649589019,1919.254029415608,1919.254029415608,2.023073685447837,-0.001729120249509546,-1.569392313614426,0.013692241791982286,-1.5651287137304093,1.129930671152837,120.0310462140434,66.95362481129119
28441,028441,1863.741408936456,1863.741408936456,1907.013643152467,1907.013643152467,2.00447886760607,-0.01270781496313672,-1.5188653261385996,0.01643271269900077,-1.5727766151929443,1.102109518675779,120.9702880538638,67.1682674453265
28443,028443,1860.44342061537,1860.44342061537,1931.800446368316,1931.800446368316,2.014037351924079,-0.002481086856738699,-1.5657787946070796,0.024763195053972537,-1.5905180797729668,1.128847994220851,121.0847164834004,67.28639589561944
28453,028453,1866.254649589019,1866.254649589019,1919.254029415608,1919.254029415608,2.022382969590999,-0.003597953696000636,-1.5700586556197347,0.014603913747234055,-1.5640112962393267,1.130147879676854,120.0310462140434,66.95362481129119
28457,028457,1863.741408936456,1863.741408936456,1907.013643152467,1907.013643152467,2.005329759075146,-0.003650044106571175,-1.5887481941415185,-0.014653253011738941,-1.5777014108444942,1.11944171485232,120.9702880538638,67.1682674453265
28458,028458,1846.470459745119,1846.470459745119,1934.237294246353,1934.237294246353,2.053116246097614,0.007127191254660563,-1.5532465545489462,0.04239655825563713,-1.585496144359086,1.126073558516028,121.8482000805993,67.76262613512169
28471,028471,1863.741408936456,1863.741408936456,1907.013643152467,1907.013643152467,2.005329759075146,-0.003650044106571175,-1.5887481757638633,-0.014656299128578557,-1.575956084520097,1.11944171485232,120.9702880538638,67.1682674453265
28474,028474,1842.404839758716,1842.404839758716,1934.754952608012,1934.754952608012,2.047493806442693,0.01132193851634119,-1.5412444667550063,0.030238908236011552,-1.5662469692397305,1.128173733560131,121.8558717032652,67.74032599935602
28494,028494,1842.404839758716,1842.404839758716,1934.754952608012,1934.754952608012,2.047493806442693,0.01132193851634119,-1.5412444667550063,0.030238908236011552,-1.5662469692397305,1.128173733560131,121.8558717032652,67.74032599935602
28495,028495,1860.44342061537,1860.44342061537,1931.800446368316,1931.800446368316,2.014037351924079,-0.002481086856738699,-1.5657787946070796,0.024763195053972537,-1.5905180797729668,1.128847994220851,121.0847164834004,67.28639589561944
28499,028499,1842.404839758716,1842.404839758716,1934.754952608012,1934.754952608012,2.049676593409205,0.00840991717115261,-1.5282289359939825,0.030133228316926594,-1.5689091484340498,1.12962535674074,121.8558717032652,67.74032599935602
28500,028500,1857.34965296426,1857.34965296426,1917.924623722001,1917.924623722001,2.015306616523902,0.0004902130710700773,-1.5922332210785368,-0.014674245860053241,-1.5741902425771948,1.125060013269004,121.1604837134374,67.28731745081727
28505,028505,1859.746969636308,1859.746969636308,1914.204755444865,1914.204755444865,2.009231466004983,-0.002970823641278691,-1.5629319833589455,0.02952976018188684,-1.5422887360998494,1.136123277061316,120.581700743319,67.21490441580156
28534,028534,1859.633325720178,1859.633325720178,1926.337015754446,1926.337015754446,1.997003502293789,0.007118608021303436,-1.5655439822728348,-0.002684599072072188,-1.570856670035724,1.144582618675452,120.6792689337453,67.26448936786939
28541,028541,1842.404839758716,1842.404839758716,1934.754952608012,1934.754952608012,2.049676593409205,0.00840991717115261,-1.5282289359939825,0.030133228316926594,-1.5689091484340498,1.12962535674074,121.8558717032652,67.74032599935602
28561,028561,1857.479804288565,1857.479804288565,1922.888630990956,1922.888630990956,2.004635553476707,0.005137445956362164,-1.558016415459667,-0.0031506953783180715,-1.5647864995029954,1.146133774946981,120.7571865009013,67.36403230763489
28567,028567,1846.470459745119,1846.470459745119,1934.237294246353,1934.237294246353,2.053116246097614,0.007127191254660563,-1.5532465545489462,0.04239655825563713,-1.585496144359086,1.126073558516028,121.8482000805993,67.76262613512169
28568,028568,1863.334264630649,1863.334264630649,1907.62696303471,1907.62696303471,2.015970272322051,0.008957195838649488,-1.5225925316185862,0.015377765957622191,-1.5681989866297787,1.131092790341723,121.100845132532,67.24295811544353
28572,028572,1846.470459745119,1846.470459745119,1934.237294246353,1934.237294246353,2.053116246097614,0.007127191254660563,-1.5532465545489462,0.04239655825563713,-1.585496144359086,1.126073558516028,121.8482000805993,67.76262613512169
28590,028590,1859.746969636308,1859.746969636308,1914.204755444865,1914.204755444865,2.009231466004983,-0.002970823641278691,-1.5629319833589455,0.02952976018188684,-1.5422887360998494,1.136123277061316,120.581700743319,67.21490441580156
28591,028591,1863.741408936456,1863.741408936456,1907.013643152467,1907.013643152467,2.00447886760607,-0.01270781496313672,-1.5188653261385996,0.01643271269900077,-1.5727766151929443,1.102109518675779,120.9702880538638,67.1682674453265
28598,028598,1857.34965296426,1857.34965296426,1917.924623722001,1917.924623722001,2.015306616523902,0.0004902130710700773,-1.5922332470746603,-0.014668153580254308,-1.5759355608146708,1.125060013269004,121.1604837134374,67.28731745081727
28607,028607,1860.44342061537,1860.44342061537,1931.800446368316,1931.800446368316,2.015408304393497,-0.0003830991732733452,-1.5666469810877037,0.024691876202095925,-1.593157160429589,1.13414802111517,121.0847164834004,67.28639589561944
28613,028613,1863.741408936456,1863.741408936456,1907.013643152467,1907.013643152467,2.00447886760607,-0.01270781496313672,-1.5188653261385996,0.01643271269900077,-1.5727766151929443,1.102109518675779,120.9702880538638,67.1682674453265
28615,028615,1842.404839758716,1842.404839758716,1934.754952608012,1934.754952608012,2.047493806442693,0.01132193851634119,-1.5412444667550063,0.030238908236011552,-1.5662469692397305,1.128173733560131,121.8558717032652,67.74032599935602
28623,028623,1857.479804288565,1857.479804288565,1922.888630990956,1922.888630990956,2.004635553476707,0.005137445956362164,-1.558016415459667,-0.0031506953783180715,-1.5647864995029954,1.146133774946981,120.7571865009013,67.36403230763489
28625,028625,1857.479804288565,1857.479804288565,1922.888630990956,1922.888630990956,2.004635553476707,0.005137445956362164,-1.558016415459667,-0.0031506953783180715,-1.5647864995029954,1.146133774946981,120.7571865009013,67.36403230763489
28634,028634,1842.404839758716,1842.404839758716,1934.754952608012,1934.754952608012,2.047493806442693,0.01132193851634119,-1.5412444667550063,0.030238908236011552,-1.5662469692397305,1.128173733560131,121.8558717032652,67.74032599935602
28635,028635,1847.919204237398,1847.919204237398,1921.263788490785,1921.263788490785,2.044438354629837,-0.006856317126254376,-1.56190282940682,0.01794578342158031,-1.5327716213215807,1.124371377834915,121.2376221304691,67.59771650670672
28648,028648,1842.404839758716,1842.404839758716,1934.754952608012,1934.754952608012,2.047493806442693,0.01132193851634119,-1.5412444667550063,0.030238908236011552,-1.5662469692397305,1.128173733560131,121.8558717032652,67.74032599935602
28651,028651,1859.633325720178,1859.633325720178,1926.337015754446,1926.337015754446,1.997003502293789,0.007118608021303436,-1.5655439822728348,-0.002684599072072188,-1.570856670035724,1.144582618675452,120.6792689337453,67.26448936786939
28669,028669,1860.44342061537,1860.44342061537,1931.800446368316,1931.800446368316,2.014037351924079,-0.002481086856738699,-1.5657787946070796,0.024763195053972537,-1.5905180797729668,1.128847994220851,121.0847164834004,67.28639589561944
28696,028696,1842.404839758716,1842.404839758716,1934.754952608012,1934.754952608012,2.047493806442693,0.01132193851634119,-1.5412444667550063,0.030238908236011552,-1.5662469692397305,1.128173733560131,121.8558717032652,67.74032599935602
28745,028745,1859.746969636308,1859.746969636308,1914.204755444865,1914.204755444865,2.009231466004983,-0.002970823641278691,-1.5646779031491849,0.02956119474784027,-1.5405950950370737,1.136123277061316,120.581700743319,67.21490441580156
28746,028746,1847.919204237398,1847.919204237398,1921.263788490785,1921.263788490785,2.044438354629837,-0.006856317126254376,-1.5601564303701785,0.017940294738900124,-1.5414667740539971,1.124371377834915,121.2376221304691,67.59771650670672
28757,028757,1842.404839758716,1842.404839758716,1934.754952608012,1934.754952608012,2.049676593409205,0.00840991717115261,-1.5282289359939825,0.030133228316926594,-1.5689091484340498,1.12962535674074,121.8558717032652,67.74032599935602
28765,028765,1863.741408936456,1863.741408936456,1907.013643152467,1907.013643152467,2.00447886760607,-0.01270781496313672,-1.5188653261385996,0.01643271269900077,-1.5727766151929443,1.102109518675779,120.9702880538638,67.1682674453265
28772,028772,1857.34965296426,1857.34965296426,1917.924623722001,1917.924623722001,2.015306616523902,0.0004902130710700773,-1.5922332210785368,-0.014674245860053241,-1.5741902425771948,1.125060013269004,121.1604837134374,67.28731745081727
28779,028779,1846.470459745119,1846.470459745119,1934.237294246353,1934.237294246353,2.053116246097614,0.007127191254660563,-1.5532465545489462,0.04239655825563713,-1.585496144359086,1.126073558516028,121.8482000805993,67.76262613512169
28806,028806,1847.919204237398,1847.919204237398,1921.263788490785,1921.263788490785,2.044438354629837,-0.006856317126254376,-1.5601564303701785,0.017940294738900124,-1.5414667740539971,1.124371377834915,121.2376221304691,67.59771650670672
28813,028813,1866.254649589019,1866.254649589019,1919.254029415608,1919.254029415608,2.022382969590999,-0.003597953696000636,-1.5700586556197347,0.014603913747234055,-1.5640112962393267,1.130147879676854,120.0310462140434,66.95362481129119
28816,028816,1863.741408936456,1863.741408936456,1907.013643152467,1907.013643152467,2.00447886760607,-0.01270781496313672,-1.5188653261385996,0.01643271269900077,-1.5727766151929443,1.102109518675779,120.9702880538638,67.1682674453265
28839,028839,1842.404839758716,1842.404839758716,1934.754952608012,1934.754952608012,2.047493806442693,0.01132193851634119,-1.5412444667550063,0.030238908236011552,-1.5662469692397305,1.128173733560131,121.8558717032652,67.74032599935602
28853,028853,1863.741408936456,1863.741408936456,1907.013643152467,1907.013643152467,2.005329759075146,-0.003650044106571175,-1.5887481757638633,-0.014656299128578557,-1.575956084520097,1.11944171485232,120.9702880538638,67.1682674453265
28864,028864,1842.404839758716,1842.404839758716,1934.754952608012,1934.754952608012,2.047493806442693,0.01132193851634119,-1.5412444667550063,0.030238908236011552,-1.5662469692397305,1.128173733560131,121.8558717032652,67.74032599935602
28881,028881,1866.254649589019,1866.254649589019,1919.254029415608,1919.254029415608,2.023073685447837,-0.001729120249509546,-1.5676469090071028,0.013673190861190706,-1.5633595192911118,1.129930671152837,120.0310462140434,66.95362481129119
28888,028888,1859.746969636308,1859.746969636308,1914.204755444865,1914.204755444865,2.009231466004983,-0.002970823641278691,-1.56293139392435,0.02955107472663299,-1.5440339176877833,1.136123277061316,120.581700743319,67.21490441580156
28901,028901,1863.334264630649,1863.334264630649,1907.62696303471,1907.62696303471,2.015970272322051,0.008957195838649488,-1.5225925316185862,0.015377765957622191,-1.5681989866297787,1.131092790341723,121.100845132532,67.24295811544353
28937,028937,1847.919204237398,1847.919204237398,1921.263788490785,1921.263788490785,2.044438354629837,-0.006856317126254376,-1.5601564303701785,0.017940294738900124,-1.5414667740539971,1.124371377834915,121.2376221304691,67.59771650670672
28941,028941,1863.741408936456,1863.741408936456,1907.013643152467,1907.013643152467,2.005329759075146,-0.003650044106571175,-1.5887481757638633,-0.014656299128578557,-1.575956084520097,1.11944171485232,120.9702880538638,67.1682674453265
28955,028955,1842.404839758716,1842.404839758716,1934.754952608012,1934.754952608012,2.047493806442693,0.01132193851634119,-1.5412444667550063,0.030238908236011552,-1.5662469692397305,1.128173733560131,121.8558717032652,67.74032599935602
28958,028958,1866.254649589019,1866.254649589019,1919.254029415608,1919.254029415608,2.023073685447837,-0.001729120249509546,-1.5676469090071028,0.013673190861190706,-1.5633595192911118,1.129930671152837,120.0310462140434,66.95362481129119
28973,028973,1857.479804288565,1857.479804288565,1922.888630990956,1922.888630990956,2.004635553476707,0.005137445956362164,-1.5510357394219714,-0.003256540141911394,-1.5595730426885313,1.146133774946981,120.7571865009013,67.36403230763489
28974,028974,1842.404839758716,1842.404839758716,1934.754952608012,1934.754952608012,2.047493806442693,0.01132193851634119,-1.5412444667550063,0.030238908236011552,-1.5662469692397305,1.128173733560131,121.8558717032652,67.74032599935602
28980,028980,1863.741408936456,1863.741408936456,1907.013643152467,1907.013643152467,2.00447886760607,-0.01270781496313672,-1.5188653261385996,0.01643271269900077,-1.5727766151929443,1.102109518675779,120.9702880538638,67.1682674453265
29027,029027,1863.741408936456,1863.741408936456,1907.013643152467,1907.013643152467,2.005329759075146,-0.003650044106571175,-1.5887481757638633,-0.014656299128578557,-1.575956084520097,1.11944171485232,120.9702880538638,67.1682674453265
29043,029043,1863.741408936456,1863.741408936456,1907.013643152467,1907.013643152467,2.00447886760607,-0.01270781496313672,-1.5188653261385996,0.01643271269900077,-1.5727766151929443,1.102109518675779,120.9702880538638,67.1682674453265
29056,029056,1857.34965296426,1857.34965296426,1917.924623722001,1917.924623722001,2.015306616523902,0.0004902130710700773,-1.5922332470746603,-0.014668153580254308,-1.5759355608146708,1.125060013269004,121.1604837134374,67.28731745081727
29061,029061,1842.404839758716,1842.404839758716,1934.754952608012,1934.754952608012,2.047493806442693,0.01132193851634119,-1.5412444667550063,0.030238908236011552,-1.5662469692397305,1.128173733560131,121.8558717032652,67.74032599935602
29068,029068,1842.404839758716,1842.404839758716,1934.754952608012,1934.754952608012,2.047493806442693,0.01132193851634119,-1.5412444667550063,0.030238908236011552,-1.5662469692397305,1.128173733560131,121.8558717032652,67.74032599935602
29077,029077,1847.919204237398,1847.919204237398,1921.263788490785,1921.263788490785,2.044438354629837,-0.006856317126254376,-1.5601564303701785,0.017940294738900124,-1.5414667740539971,1.124371377834915,121.2376221304691,67.59771650670672
29085,029085,1842.404839758716,1842.404839758716,1934.754952608012,1934.754952608012,2.047493806442693,0.01132193851634119,-1.5412444667550063,0.030238908236011552,-1.5662469692397305,1.128173733560131,121.8558717032652,67.74032599935602
29120,029120,1859.746969636308,1859.746969636308,1914.204755444865,1914.204755444865,2.009231466004983,-0.002970823641278691,-1.56293139392435,0.02955107472663299,-1.5440339176877833,1.136123277061316,120.581700743319,67.21490441580156
29147,029147,1857.34965296426,1857.34965296426,1917.924623722001,1917.924623722001,2.015306616523902,0.0004902130710700773,-1.5922332470746603,-0.014668153580254308,-1.5759355608146708,1.125060013269004,121.1604837134374,67.28731745081727
29157,029157,1847.919204237398,1847.919204237398,1921.263788490785,1921.263788490785,2.044438354629837,-0.006856317126254376,-1.5601557581409167,0.017964654651584994,-1.5449573354257424,1.124371377834915,121.2376221304691,67.59771650670672
29160,029160,1863.334264630649,1863.334264630649,1907.62696303471,1907.62696303471,2.015970272322051,0.008957195838649488,-1.5225925316185862,0.015377765957622191,-1.5681989866297787,1.131092790341723,121.100845132532,67.24295811544353
29166,029166,1880.974214387733,1880.974214387733,1915.779220181504,1915.779220181504,1.977851236897697,-0.006727592148754134,-1.569591747497633,-0.01629538688615913,-1.5688506905097992,1.100166968750412,119.4299449008713,66.58945770112874
29177,029177,1863.741408936456,1863.741408936456,1907.013643152467,1907.013643152467,2.00447886760607,-0.01270781496313672,-1.5188653261385996,0.01643271269900077,-1.5727766151929443,1.102109518675779,120.9702880538638,67.1682674453265
29200,029200,1846.470459745119,1846.470459745119,1934.237294246353,1934.237294246353,2.053116246097614,0.007127191254660563,-1.5532465545489462,0.04239655825563713,-1.585496144359086,1.126073558516028,121.8482000805993,67.76262613512169
29203,029203,1863.741408936456,1863.741408936456,1907.013643152467,1907.013643152467,2.005329759075146,-0.003650044106571175,-1.5887481757638633,-0.014656299128578557,-1.575956084520097,1.11944171485232,120.9702880538638,67.1682674453265
29208,029208,1866.254649589019,1866.254649589019,1919.254029415608,1919.254029415608,2.023073685447837,-0.001729120249509546,-1.569392313614426,0.013692241791982286,-1.5651287137304093,1.129930671152837,120.0310462140434,66.95362481129119
29224,029224,1863.334264630649,1863.334264630649,1907.62696303471,1907.62696303471,2.015970272322051,0.008957195838649488,-1.5225925316185862,0.015377765957622191,-1.5681989866297787,1.131092790341723,121.100845132532,67.24295811544353
29225,029225,1859.746969636308,1859.746969636308,1914.204755444865,1914.204755444865,2.009231466004983,-0.002970823641278691,-1.5629319833589455,0.02952976018188684,-1.5422887360998494,1.136123277061316,120.581700743319,67.21490441580156
29230,029230,1863.741408936456,1863.741408936456,1907.013643152467,1907.013643152467,2.00447886760607,-0.01270781496313672,-1.5188653261385996,0.01643271269900077,-1.5727766151929443,1.102109518675779,120.9702880538638,67.1682674453265
29251,029251,1847.919204237398,1847.919204237398,1921.263788490785,1921.263788490785,2.044438354629837,-0.006856317126254376,-1.560158957252722,0.017867231154737557,-1.5309950989703125,1.124371377834915,121.2376221304691,67.59771650670672
29258,029258,1846.470459745119,1846.470459745119,1934.237294246353,1934.237294246353,2.053116246097614,0.007127191254660563,-1.5532465545489462,0.04239655825563713,-1.585496144359086,1.126073558516028,121.8482000805993,67.76262613512169
29285,029285,1880.974214387733,1880.974214387733,1915.779220181504,1915.779220181504,1.977851236897697,-0.006727592148754134,-1.569591747497633,-0.01629538688615913,-1.5688506905097992,1.100166968750412,119.4299449008713,66.58945770112874
29298,029298,1857.479804288565,1857.479804288565,1922.888630990956,1922.888630990956,2.004635553476707,0.005137445956362164,-1.558016415459667,-0.0031506953783180715,-1.5647864995029954,1.146133774946981,120.7571865009013,67.36403230763489
29300,029300,1863.741408936456,1863.741408936456,1907.013643152467,1907.013643152467,2.00447886760607,-0.01270781496313672,-1.520610887543998,0.0164292314171461,-1.5728052951803733,1.102109518675779,120.9702880538638,67.1682674453265
29307,029307,1863.741408936456,1863.741408936456,1907.013643152467,1907.013643152467,2.00447886760607,-0.01270781496313672,-1.5188653261385996,0.01643271269900077,-1.5727766151929443,1.102109518675779,120.9702880538638,67.1682674453265
29331,029331,1860.44342061537,1860.44342061537,1931.800446368316,1931.800446368316,2.014037351924079,-0.002481086856738699,-1.5657787946070796,0.024763195053972537,-1.5905180797729668,1.128847994220851,121.0847164834004,67.28639589561944
29335,029335,1858.597086427252,1858.597086427252,1924.42584741907,1924.42584741907,2.029652670668384,0.006069991084438096,-1.5481785083094486,0.042104190812269744,-1.5829092444598964,1.133153905263153,121.4569399168275,67.46593912807965
29343,029343,1860.44342061537,1860.44342061537,1931.800446368316,1931.800446368316,2.014037351924079,-0.002481086856738699,-1.5657787946070796,0.024763195053972537,-1.5905180797729668,1.128847994220851,121.0847164834004,67.28639589561944
29366,029366,1842.404839758716,1842.404839758716,1934.754952608012,1934.754952608012,2.047493806442693,0.01132193851634119,-1.5412444667550063,0.030238908236011552,-1.5662469692397305,1.128173733560131,121.8558717032652,67.74032599935602
29377,029377,1857.479804288565,1857.479804288565,1922.888630990956,1922.888630990956,2.004635553476707,0.005137445956362164,-1.5510357394219714,-0.003256540141911394,-1.5595730426885313,1.146133774946981,120.7571865009013,67.36403230763489
29380,029380,1842.404839758716,1842.404839758716,1934.754952608012,1934.754952608012,2.047493806442693,0.01132193851634119,-1.5412444667550063,0.030238908236011552,-1.5662469692397305,1.128173733560131,121.8558717032652,67.74032599935602
29390,029390,1842.404839758716,1842.404839758716,1934.754952608012,1934.754952608012,2.047493806442693,0.01132193851634119,-1.5412444667550063,0.030238908236011552,-1.5662469692397305,1.128173733560131,121.8558717032652,67.74032599935602
29406,029406,1860.44342061537,1860.44342061537,1931.800446368316,1931.800446368316,2.014037351924079,-0.002481086856738699,-1.5657787946070796,0.024763195053972537,-1.5905180797729668,1.128847994220851,121.0847164834004,67.28639589561944
29411,029411,1842.404839758716,1842.404839758716,1934.754952608012,1934.754952608012,2.047493806442693,0.01132193851634119,-1.5412444667550063,0.030238908236011552,-1.5662469692397305,1.128173733560131,121.8558717032652,67.74032599935602
29424,029424,1857.479804288565,1857.479804288565,1922.888630990956,1922.888630990956,2.004635553476707,0.005137445956362164,-1.5510357394219714,-0.003256540141911394,-1.5595730426885313,1.146133774946981,120.7571865009013,67.36403230763489
29431,029431,1842.404839758716,1842.404839758716,1934.754952608012,1934.754952608012,2.047493806442693,0.01132193851634119,-1.5412444667550063,0.030238908236011552,-1.5662469692397305,1.128173733560131,121.8558717032652,67.74032599935602
29447,029447,1857.479804288565,1857.479804288565,1922.888630990956,1922.888630990956,2.004635553476707,0.005137445956362164,-1.558016415459667,-0.0031506953783180715,-1.5647864995029954,1.146133774946981,120.7571865009013,67.36403230763489
29448,029448,1860.44342061537,1860.44342061537,1931.800446368316,1931.800446368316,2.014037351924079,-0.002481086856738699,-1.5657787946070796,0.024763195053972537,-1.5905180797729668,1.128847994220851,121.0847164834004,67.28639589561944
29451,029451,1863.741408936456,1863.741408936456,1907.013643152467,1907.013643152467,2.00447886760607,-0.01270781496313672,-1.520610887543998,0.0164292314171461,-1.5728052951803733,1.102109518675779,120.9702880538638,67.1682674453265
29456,029456,1858.597086427252,1858.597086427252,1924.42584741907,1924.42584741907,2.029652670668384,0.006069991084438096,-1.5481785083094486,0.042104190812269744,-1.5829092444598964,1.133153905263153,121.4569399168275,67.46593912807965
29470,029470,1842.404839758716,1842.404839758716,1934.754952608012,1934.754952608012,2.049676593409205,0.00840991717115261,-1.5282289359939825,0.030133228316926594,-1.5689091484340498,1.12962535674074,121.8558717032652,67.74032599935602
29474,029474,1863.741408936456,1863.741408936456,1907.013643152467,1907.013643152467,2.005329759075146,-0.003650044106571175,-1.5887481757638633,-0.014656299128578557,-1.575956084520097,1.11944171485232,120.9702880538638,67.1682674453265
29483,029483,1859.746969636308,1859.746969636308,1914.204755444865,1914.204755444865,2.009231466004983,-0.002970823641278691,-1.5699128441987793,0.02975543926078322,-1.5477314577859038,1.136123277061316,120.581700743319,67.21490441580156
29484,029484,1863.741408936456,1863.741408936456,1907.013643152467,1907.013643152467,2.00447886760607,-0.01270781496313672,-1.5188653261385996,0.01643271269900077,-1.5727766151929443,1.102109518675779,120.9702880538638,67.1682674453265
29503,029503,1859.746969636308,1859.746969636308,1914.204755444865,1914.204755444865,2.009231466004983,-0.002970823641278691,-1.5629319833589455,0.02952976018188684,-1.5422887360998494,1.136123277061316,120.581700743319,67.21490441580156
29526,029526,1860.44342061537,1860.44342061537,1931.800446368316,1931.800446368316,2.014037351924079,-0.002481086856738699,-1.5657787946070796,0.024763195053972537,-1.5905180797729668,1.128847994220851,121.0847164834004,67.28639589561944
29559,029559,1860.44342061537,1860.44342061537,1931.800446368316,1931.800446368316,2.014037351924079,-0.002481086856738699,-1.5657787946070796,0.024763195053972537,-1.5905180797729668,1.128847994220851,121.0847164834004,67.28639589561944
29569,029569,1859.746969636308,1859.746969636308,1914.204755444865,1914.204755444865,2.009231466004983,-0.002970823641278691,-1.5629319833589455,0.02952976018188684,-1.5422887360998494,1.136123277061316,120.581700743319,67.21490441580156
29589,029589,1859.746969636308,1859.746969636308,1914.204755444865,1914.204755444865,2.009231466004983,-0.002970823641278691,-1.5646779031491849,0.02956119474784027,-1.5405950950370737,1.136123277061316,120.581700743319,67.21490441580156
29590,029590,1880.974214387733,1880.974214387733,1915.779220181504,1915.779220181504,1.977851236897697,-0.006727592148754134,-1.569591747497633,-0.01629538688615913,-1.5688506905097992,1.100166968750412,119.4299449008713,66.58945770112874
29600,029600,1846.470459745119,1846.470459745119,1934.237294246353,1934.237294246353,2.053116246097614,0.007127191254660563,-1.5532465545489462,0.04239655825563713,-1.585496144359086,1.126073558516028,121.8482000805993,67.76262613512169
29602,029602,1847.919204237398,1847.919204237398,1921.263788490785,1921.263788490785,2.044438354629837,-0.006856317126254376,-1.560158957252722,0.017867231154737557,-1.5309950989703125,1.124371377834915,121.2376221304691,67.59771650670672
29612,029612,1846.470459745119,1846.470459745119,1934.237294246353,1934.237294246353,2.053116246097614,0.007127191254660563,-1.5532465545489462,0.04239655825563713,-1.585496144359086,1.126073558516028,121.8482000805993,67.76262613512169
29621,029621,1863.741408936456,1863.741408936456,1907.013643152467,1907.013643152467,2.00447886760607,-0.01270781496313672,-1.5188653261385996,0.01643271269900077,-1.5727766151929443,1.102109518675779,120.9702880538638,67.1682674453265
29633,029633,1842.404839758716,1842.404839758716,1934.754952608012,1934.754952608012,2.047493806442693,0.01132193851634119,-1.5412444667550063,0.030238908236011552,-1.5662469692397305,1.128173733560131,121.8558717032652,67.74032599935602
29652,029652,1847.919204237398,1847.919204237398,1921.263788490785,1921.263788490785,2.044438354629837,-0.006856317126254376,-1.56190185876231,0.01797318165006547,-1.538007519872931,1.124371377834915,121.2376221304691,67.59771650670672
29665,029665,1842.404839758716,1842.404839758716,1934.754952608012,1934.754952608012,2.049676593409205,0.00840991717115261,-1.5282289359939825,0.030133228316926594,-1.5689091484340498,1.12962535674074,121.8558717032652,67.74032599935602
29667,029667,1857.479804288565,1857.479804288565,1922.888630990956,1922.888630990956,2.004635553476707,0.005137445956362164,-1.558016415459667,-0.0031506953783180715,-1.5647864995029954,1.146133774946981,120.7571865009013,67.36403230763489
29672,029672,1863.741408936456,1863.741408936456,1907.013643152467,1907.013643152467,2.00447886760607,-0.01270781496313672,-1.5188653261385996,0.01643271269900077,-1.5727766151929443,1.102109518675779,120.9702880538638,67.1682674453265
29678,029678,1859.746969636308,1859.746969636308,1914.204755444865,1914.204755444865,2.009231466004983,-0.002970823641278691,-1.5699128441987793,0.02975543926078322,-1.5477314577859038,1.136123277061316,120.581700743319,67.21490441580156
29685,029685,1860.44342061537,1860.44342061537,1931.800446368316,1931.800446368316,2.014037351924079,-0.002481086856738699,-1.5657787946070796,0.024763195053972537,-1.5905180797729668,1.128847994220851,121.0847164834004,67.28639589561944
29689,029689,1859.746969636308,1859.746969636308,1914.204755444865,1914.204755444865,2.009231466004983,-0.002970823641278691,-1.5646779031491849,0.02956119474784027,-1.5405950950370737,1.136123277061316,120.581700743319,67.21490441580156
29690,029690,1859.746969636308,1859.746969636308,1914.204755444865,1914.204755444865,2.009231466004983,-0.002970823641278691,-1.5629319833589455,0.02952976018188684,-1.5422887360998494,1.136123277061316,120.581700743319,67.21490441580156
29706,029706,1875.341941705681,1875.341941705681,1915.635705796355,1915.635705796355,1.982010734183471,-0.001951416398337044,-1.5952666133753044,0.07678052066715899,-1.6225170415384549,1.132630915685097,119.7869740687292,66.78209093962884
29718,029718,1863.741408936456,1863.741408936456,1907.013643152467,1907.013643152467,2.00447886760607,-0.01270781496313672,-1.5188653261385996,0.01643271269900077,-1.5727766151929443,1.102109518675779,120.9702880538638,67.1682674453265
29737,029737,1857.479804288565,1857.479804288565,1922.888630990956,1922.888630990956,2.004635553476707,0.005137445956362164,-1.558016415459667,-0.0031506953783180715,-1.5647864995029954,1.146133774946981,120.7571865009013,67.36403230763489
29744,029744,1866.254649589019,1866.254649589019,1919.254029415608,1919.254029415608,2.023073685447837,-0.001729120249509546,-1.5676469090071028,0.013673190861190706,-1.5633595192911118,1.129930671152837,120.0310462140434,66.95362481129119
29762,029762,1858.597086427252,1858.597086427252,1924.42584741907,1924.42584741907,2.029652670668384,0.006069991084438096,-1.551672000605969,0.04206165324630392,-1.5795655590792688,1.133153905263153,121.4569399168275,67.46593912807965
29765,029765,1857.479804288565,1857.479804288565,1922.888630990956,1922.888630990956,2.004635553476707,0.005137445956362164,-1.558016415459667,-0.0031506953783180715,-1.5647864995029954,1.146133774946981,120.7571865009013,67.36403230763489
29766,029766,1880.974214387733,1880.974214387733,1915.779220181504,1915.779220181504,1.977851236897697,-0.006727592148754134,-1.5713373051013404,-0.016291966292714507,-1.5688222502099622,1.100166968750412,119.4299449008713,66.58945770112874
29775,029775,1863.741408936456,1863.741408936456,1907.013643152467,1907.013643152467,2.005329759075146,-0.003650044106571175,-1.5887481757638633,-0.014656299128578557,-1.575956084520097,1.11944171485232,120.9702880538638,67.1682674453265
29799,029799,1842.404839758716,1842.404839758716,1934.754952608012,1934.754952608012,2.047493806442693,0.01132193851634119,-1.5412444667550063,0.030238908236011552,-1.5662469692397305,1.128173733560131,121.8558717032652,67.74032599935602
29803,029803,1863.741408936456,1863.741408936456,1907.013643152467,1907.013643152467,2.00447886760607,-0.01270781496313672,-1.5188653261385996,0.01643271269900077,-1.5727766151929443,1.102109518675779,120.9702880538638,67.1682674453265
29813,029813,1863.334264630649,1863.334264630649,1907.62696303471,1907.62696303471,2.015970272322051,0.008957195838649488,-1.5225925316185862,0.015377765957622191,-1.5681989866297787,1.131092790341723,121.100845132532,67.24295811544353
29815,029815,1880.974214387733,1880.974214387733,1915.779220181504,1915.779220181504,1.977851236897697,-0.006727592148754134,-1.5713373051013404,-0.016291966292714507,-1.5688222502099622,1.100166968750412,119.4299449008713,66.58945770112874
29825,029825,1859.746969636308,1859.746969636308,1914.204755444865,1914.204755444865,2.009231466004983,-0.002970823641278691,-1.5646779031491849,0.02956119474784027,-1.5405950950370737,1.136123277061316,120.581700743319,67.21490441580156
29826,029826,1857.34965296426,1857.34965296426,1917.924623722001,1917.924623722001,2.015306616523902,0.0004902130710700773,-1.5922332210785368,-0.014674245860053241,-1.5741902425771948,1.125060013269004,121.1604837134374,67.28731745081727
29835,029835,1863.741408936456,1863.741408936456,1907.013643152467,1907.013643152467,2.005329759075146,-0.003650044106571175,-1.5887481757638633,-0.014656299128578557,-1.575956084520097,1.11944171485232,120.9702880538638,67.1682674453265
29839,029839,1847.919204237398,1847.919204237398,1921.263788490785,1921.263788490785,2.044438354629837,-0.006856317126254376,-1.5601564303701785,0.017940294738900124,-1.5414667740539971,1.124371377834915,121.2376221304691,67.59771650670672
29842,029842,1847.919204237398,1847.919204237398,1921.263788490785,1921.263788490785,2.044438354629837,-0.006856317126254376,-1.5601557581409167,0.017964654651584994,-1.5449573354257424,1.124371377834915,121.2376221304691,67.59771650670672
29844,029844,1842.404839758716,1842.404839758716,1934.754952608012,1934.754952608012,2.047493806442693,0.01132193851634119,-1.5412444667550063,0.030238908236011552,-1.5662469692397305,1.128173733560131,121.8558717032652,67.74032599935602
29856,029856,1880.974214387733,1880.974214387733,1915.779220181504,1915.779220181504,1.977851236897697,-0.006727592148754134,-1.569591747497633,-0.01629538688615913,-1.5688506905097992,1.100166968750412,119.4299449008713,66.58945770112874
29861,029861,1842.404839758716,1842.404839758716,1934.754952608012,1934.754952608012,2.047493806442693,0.01132193851634119,-1.5412444667550063,0.030238908236011552,-1.5662469692397305,1.128173733560131,121.8558717032652,67.74032599935602
29885,029885,1859.746969636308,1859.746969636308,1914.204755444865,1914.204755444865,2.009231466004983,-0.002970823641278691,-1.5646779031491849,0.02956119474784027,-1.5405950950370737,1.136123277061316,120.581700743319,67.21490441580156
29911,029911,1842.404839758716,1842.404839758716,1934.754952608012,1934.754952608012,2.047493806442693,0.01132193851634119,-1.5412444667550063,0.030238908236011552,-1.5662469692397305,1.128173733560131,121.8558717032652,67.74032599935602
29915,029915,1859.746969636308,1859.746969636308,1914.204755444865,1914.204755444865,2.009231466004983,-0.002970823641278691,-1.5629319833589455,0.02952976018188684,-1.5422887360998494,1.136123277061316,120.581700743319,67.21490441580156
29928,029928,1866.254649589019,1866.254649589019,1919.254029415608,1919.254029415608,2.023073685447837,-0.001729120249509546,-1.5676469090071028,0.013673190861190706,-1.5633595192911118,1.129930671152837,120.0310462140434,66.95362481129119
29935,029935,1863.741408936456,1863.741408936456,1907.013643152467,1907.013643152467,2.00447886760607,-0.01270781496313672,-1.5188653261385996,0.01643271269900077,-1.5727766151929443,1.102109518675779,120.9702880538638,67.1682674453265
29938,029938,1857.479804288565,1857.479804288565,1922.888630990956,1922.888630990956,2.004635553476707,0.005137445956362164,-1.5510357394219714,-0.003256540141911394,-1.5595730426885313,1.146133774946981,120.7571865009013,67.36403230763489
29949,029949,1859.746969636308,1859.746969636308,1914.204755444865,1914.204755444865,2.009231466004983,-0.002970823641278691,-1.5646779031491849,0.02956119474784027,-1.5405950950370737,1.136123277061316,120.581700743319,67.21490441580156
29976,029976,1842.404839758716,1842.404839758716,1934.754952608012,1934.754952608012,2.047493806442693,0.01132193851634119,-1.5412444667550063,0.030238908236011552,-1.5662469692397305,1.128173733560131,121.8558717032652,67.74032599935602
29977,029977,1863.741408936456,1863.741408936456,1907.013643152467,1907.013643152467,2.00447886760607,-0.01270781496313672,-1.5188653261385996,0.01643271269900077,-1.5727766151929443,1.102109518675779,120.9702880538638,67.1682674453265
29986,029986,1842.404839758716,1842.404839758716,1934.754952608012,1934.754952608012,2.049676593409205,0.00840991717115261,-1.5282289359939825,0.030133228316926594,-1.5689091484340498,1.12962535674074,121.8558717032652,67.74032599935602
30013,030013,1860.44342061537,1860.44342061537,1931.800446368316,1931.800446368316,2.014037351924079,-0.002481086856738699,-1.5657787946070796,0.024763195053972537,-1.5905180797729668,1.128847994220851,121.0847164834004,67.28639589561944
30020,030020,1863.334264630649,1863.334264630649,1907.62696303471,1907.62696303471,2.015970272322051,0.008957195838649488,-1.5225925316185862,0.015377765957622191,-1.5681989866297787,1.131092790341723,121.100845132532,67.24295811544353
30043,030043,1863.741408936456,1863.741408936456,1907.013643152467,1907.013643152467,2.00447886760607,-0.01270781496313672,-1.5188653261385996,0.01643271269900077,-1.5727766151929443,1.102109518675779,120.9702880538638,67.1682674453265
30048,030048,1846.470459745119,1846.470459745119,1934.237294246353,1934.237294246353,2.053116246097614,0.007127191254660563,-1.5532465545489462,0.04239655825563713,-1.585496144359086,1.126073558516028,121.8482000805993,67.76262613512169
30049,030049,1842.404839758716,1842.404839758716,1934.754952608012,1934.754952608012,2.047493806442693,0.01132193851634119,-1.5412444667550063,0.030238908236011552,-1.5662469692397305,1.128173733560131,121.8558717032652,67.74032599935602
30066,030066,1859.746969636308,1859.746969636308,1914.204755444865,1914.204755444865,2.009231466004983,-0.002970823641278691,-1.5629319833589455,0.02952976018188684,-1.5422887360998494,1.136123277061316,120.581700743319,67.21490441580156
30080,030080,1866.254649589019,1866.254649589019,1919.254029415608,1919.254029415608,2.023073685447837,-0.001729120249509546,-1.569392313614426,0.013692241791982286,-1.5651287137304093,1.129930671152837,120.0310462140434,66.95362481129119
30101,030101,1860.564880874244,1860.564880874244,1915.277656000934,1915.277656000934,2.032247983139118,-0.002695228642927331,-1.569557994423854,-0.0005317036782272924,-1.5603823304900195,1.086569965134065,120.4121940536434,67.18210949757325
30102,030102,1859.746969636308,1859.746969636308,1914.204755444865,1914.204755444865,2.009231466004983,-0.002970823641278691,-1.5629319833589455,0.02952976018188684,-1.5422887360998494,1.136123277061316,120.581700743319,67.21490441580156
30122,030122,1846.470459745119,1846.470459745119,1934.237294246353,1934.237294246353,2.053116246097614,0.007127191254660563,-1.5532465545489462,0.04239655825563713,-1.585496144359086,1.126073558516028,121.8482000805993,67.76262613512169
30136,030136,1842.404839758716,1842.404839758716,1934.754952608012,1934.754952608012,2.047493806442693,0.01132193851634119,-1.5412444667550063,0.030238908236011552,-1.5662469692397305,1.128173733560131,121.8558717032652,67.74032599935602
30139,030139,1863.741408936456,1863.741408936456,1907.013643152467,1907.013643152467,2.00447886760607,-0.01270781496313672,-1.5188653261385996,0.01643271269900077,-1.5727766151929443,1.102109518675779,120.9702880538638,67.1682674453265
30140,030140,1863.741408936456,1863.741408936456,1907.013643152467,1907.013643152467,2.005329759075146,-0.003650044106571175,-1.5887481757638633,-0.014656299128578557,-1.575956084520097,1.11944171485232,120.9702880538638,67.1682674453265
30143,030143,1859.633325720178,1859.633325720178,1926.337015754446,1926.337015754446,1.997003502293789,0.007118608021303436,-1.5655439822728348,-0.002684599072072188,-1.570856670035724,1.144582618675452,120.6792689337453,67.26448936786939
30150,030150,1863.741408936456,1863.741408936456,1907.013643152467,1907.013643152467,2.00447886760607,-0.01270781496313672,-1.5188653261385996,0.01643271269900077,-1.5727766151929443,1.102109518675779,120.9702880538638,67.1682674453265
30152,030152,1866.254649589019,1866.254649589019,1919.254029415608,1919.254029415608,2.023073685447837,-0.001729120249509546,-1.5676469090071028,0.013673190861190706,-1.5633595192911118,1.129930671152837,120.0310462140434,66.95362481129119
30156,030156,1880.974214387733,1880.974214387733,1915.779220181504,1915.779220181504,1.977851236897697,-0.006727592148754134,-1.569591747497633,-0.01629538688615913,-1.5688506905097992,1.100166968750412,119.4299449008713,66.58945770112874
30160,030160,1857.34965296426,1857.34965296426,1917.924623722001,1917.924623722001,2.015306616523902,0.0004902130710700773,-1.5922332210785368,-0.014674245860053241,-1.5741902425771948,1.125060013269004,121.1604837134374,67.28731745081727
30162,030162,1860.44342061537,1860.44342061537,1931.800446368316,1931.800446368316,2.014037351924079,-0.002481086856738699,-1.5657787946070796,0.024763195053972537,-1.5905180797729668,1.128847994220851,121.0847164834004,67.28639589561944
30166,030166,1857.34965296426,1857.34965296426,1917.924623722001,1917.924623722001,2.015306616523902,0.0004902130710700773,-1.5922332470746603,-0.014668153580254308,-1.5759355608146708,1.125060013269004,121.1604837134374,67.28731745081727
30174,030174,1863.741408936456,1863.741408936456,1907.013643152467,1907.013643152467,2.005329759075146,-0.003650044106571175,-1.5887481757638633,-0.014656299128578557,-1.575956084520097,1.11944171485232,120.9702880538638,67.1682674453265
30188,030188,1863.741408936456,1863.741408936456,1907.013643152467,1907.013643152467,2.00447886760607,-0.01270781496313672,-1.520610887543998,0.0164292314171461,-1.5728052951803733,1.102109518675779,120.9702880538638,67.1682674453265
30202,030202,1863.741408936456,1863.741408936456,1907.013643152467,1907.013643152467,2.005329759075146,-0.003650044106571175,-1.5887481757638633,-0.014656299128578557,-1.575956084520097,1.11944171485232,120.9702880538638,67.1682674453265
30206,030206,1842.404839758716,1842.404839758716,1934.754952608012,1934.754952608012,2.047493806442693,0.01132193851634119,-1.5412444667550063,0.030238908236011552,-1.5662469692397305,1.128173733560131,121.8558717032652,67.74032599935602
30213,030213,1842.404839758716,1842.404839758716,1934.754952608012,1934.754952608012,2.047493806442693,0.01132193851634119,-1.5412444667550063,0.030238908236011552,-1.5662469692397305,1.128173733560131,121.8558717032652,67.74032599935602
30216,030216,1866.254649589019,1866.254649589019,1919.254029415608,1919.254029415608,2.023073685447837,-0.001729120249509546,-1.5676469090071028,0.013673190861190706,-1.5633595192911118,1.129930671152837,120.0310462140434,66.95362481129119
30223,030223,1859.746969636308,1859.746969636308,1914.204755444865,1914.204755444865,2.009231466004983,-0.002970823641278691,-1.5629319833589455,0.02952976018188684,-1.5422887360998494,1.136123277061316,120.581700743319,67.21490441580156
30230,030230,1866.254649589019,1866.254649589019,1919.254029415608,1919.254029415608,2.023073685447837,-0.001729120249509546,-1.5676469090071028,0.013673190861190706,-1.5633595192911118,1.129930671152837,120.0310462140434,66.95362481129119
30232,030232,1846.470459745119,1846.470459745119,1934.237294246353,1934.237294246353,2.053116246097614,0.007127191254660563,-1.5532465545489462,0.04239655825563713,-1.585496144359086,1.126073558516028,121.8482000805993,67.76262613512169
30240,030240,1846.470459745119,1846.470459745119,1934.237294246353,1934.237294246353,2.053116246097614,0.007127191254660563,-1.5532465545489462,0.04239655825563713,-1.585496144359086,1.126073558516028,121.8482000805993,67.76262613512169
30244,030244,1863.741408936456,1863.741408936456,1907.013643152467,1907.013643152467,2.005329759075146,-0.003650044106571175,-1.5887481941415185,-0.014653253011738941,-1.5777014108444942,1.11944171485232,120.9702880538638,67.1682674453265
30264,030264,1842.404839758716,1842.404839758716,1934.754952608012,1934.754952608012,2.049676593409205,0.00840991717115261,-1.5282289359939825,0.030133228316926594,-1.5689091484340498,1.12962535674074,121.8558717032652,67.74032599935602
30268,030268,1866.254649589019,1866.254649589019,1919.254029415608,1919.254029415608,2.023073685447837,-0.001729120249509546,-1.569392313614426,0.013692241791982286,-1.5651287137304093,1.129930671152837,120.0310462140434,66.95362481129119
30269,030269,1866.254649589019,1866.254649589019,1919.254029415608,1919.254029415608,2.022382969590999,-0.003597953696000636,-1.5700586556197347,0.014603913747234055,-1.5640112962393267,1.130147879676854,120.0310462140434,66.95362481129119
30275,030275,1857.34965296426,1857.34965296426,1917.924623722001,1917.924623722001,2.015306616523902,0.0004902130710700773,-1.5922332210785368,-0.014674245860053241,-1.5741902425771948,1.125060013269004,121.1604837134374,67.28731745081727
30276,030276,1842.404839758716,1842.404839758716,1934.754952608012,1934.754952608012,2.045975662868765,-0.002400173486311045,-1.55338857412205,0.01825416843181658,-1.577136067995388,1.130651936362605,121.8558717032652,67.74032599935602
30287,030287,1859.746969636308,1859.746969636308,1914.204755444865,1914.204755444865,2.009231466004983,-0.002970823641278691,-1.5699128441987793,0.02975543926078322,-1.5477314577859038,1.136123277061316,120.581700743319,67.21490441580156
30297,030297,1859.746969636308,1859.746969636308,1914.204755444865,1914.204755444865,2.009231466004983,-0.002970823641278691,-1.5646779031491849,0.02956119474784027,-1.5405950950370737,1.136123277061316,120.581700743319,67.21490441580156
30308,030308,1842.404839758716,1842.404839758716,1934.754952608012,1934.754952608012,2.047493806442693,0.01132193851634119,-1.5412444667550063,0.030238908236011552,-1.5662469692397305,1.128173733560131,121.8558717032652,67.74032599935602
30330,030330,1863.741408936456,1863.741408936456,1907.013643152467,1907.013643152467,2.00447886760607,-0.01270781496313672,-1.5188653261385996,0.01643271269900077,-1.5727766151929443,1.102109518675779,120.9702880538638,67.1682674453265
30333,030333,1859.746969636308,1859.746969636308,1914.204755444865,1914.204755444865,2.009231466004983,-0.002970823641278691,-1.5646779031491849,0.02956119474784027,-1.5405950950370737,1.136123277061316,120.581700743319,67.21490441580156
30336,030336,1866.254649589019,1866.254649589019,1919.254029415608,1919.254029415608,2.023073685447837,-0.001729120249509546,-1.569392313614426,0.013692241791982286,-1.5651287137304093,1.129930671152837,120.0310462140434,66.95362481129119
30338,030338,1863.741408936456,1863.741408936456,1907.013643152467,1907.013643152467,2.00447886760607,-0.01270781496313672,-1.5188653261385996,0.01643271269900077,-1.5727766151929443,1.102109518675779,120.9702880538638,67.1682674453265
30344,030344,1842.404839758716,1842.404839758716,1934.754952608012,1934.754952608012,2.049676593409205,0.00840991717115261,-1.5282289359939825,0.030133228316926594,-1.5689091484340498,1.12962535674074,121.8558717032652,67.74032599935602
30351,030351,1863.741408936456,1863.741408936456,1907.013643152467,1907.013643152467,2.00447886760607,-0.01270781496313672,-1.5188653261385996,0.01643271269900077,-1.5727766151929443,1.102109518675779,120.9702880538638,67.1682674453265
30391,030391,1858.597086427252,1858.597086427252,1924.42584741907,1924.42584741907,2.029652670668384,0.006069991084438096,-1.5481785083094486,0.042104190812269744,-1.5829092444598964,1.133153905263153,121.4569399168275,67.46593912807965
30397,030397,1863.741408936456,1863.741408936456,1907.013643152467,1907.013643152467,2.00447886760607,-0.01270781496313672,-1.520610887543998,0.0164292314171461,-1.5728052951803733,1.102109518675779,120.9702880538638,67.1682674453265
30406,030406,1857.479804288565,1857.479804288565,1922.888630990956,1922.888630990956,2.004635553476707,0.005137445956362164,-1.558016415459667,-0.0031506953783180715,-1.5647864995029954,1.146133774946981,120.7571865009013,67.36403230763489
30417,030417,1866.254649589019,1866.254649589019,1919.254029415608,1919.254029415608,2.023073685447837,-0.001729120249509546,-1.5676469090071028,0.013673190861190706,-1.5633595192911118,1.129930671152837,120.0310462140434,66.95362481129119
30440,030440,1857.479804288565,1857.479804288565,1922.888630990956,1922.888630990956,2.004635553476707,0.005137445956362164,-1.558016415459667,-0.0031506953783180715,-1.5647864995029954,1.146133774946981,120.7571865009013,67.36403230763489
30445,030445,1863.334264630649,1863.334264630649,1907.62696303471,1907.62696303471,2.015970272322051,0.008957195838649488,-1.5225925316185862,0.015377765957622191,-1.5681989866297787,1.131092790341723,121.100845132532,67.24295811544353
30450,030450,1858.597086427252,1858.597086427252,1924.42584741907,1924.42584741907,2.029652670668384,0.006069991084438096,-1.5481785083094486,0.042104190812269744,-1.5829092444598964,1.133153905263153,121.4569399168275,67.46593912807965
30463,030463,1842.404839758716,1842.404839758716,1934.754952608012,1934.754952608012,2.049676593409205,0.00840991717115261,-1.5282289359939825,0.030133228316926594,-1.5689091484340498,1.12962535674074,121.8558717032652,67.74032599935602
30472,030472,1842.404839758716,1842.404839758716,1934.754952608012,1934.754952608012,2.049676593409205,0.00840991717115261,-1.5282289359939825,0.030133228316926594,-1.5689091484340498,1.12962535674074,121.8558717032652,67.74032599935602
30496,030496,1857.34965296426,1857.34965296426,1917.924623722001,1917.924623722001,2.015306616523902,0.0004902130710700773,-1.5922332470746603,-0.014668153580254308,-1.5759355608146708,1.125060013269004,121.1604837134374,67.28731745081727
30503,030503,1842.404839758716,1842.404839758716,1934.754952608012,1934.754952608012,2.047493806442693,0.01132193851634119,-1.5412444667550063,0.030238908236011552,-1.5662469692397305,1.128173733560131,121.8558717032652,67.74032599935602
30513,030513,1860.564880874244,1860.564880874244,1915.277656000934,1915.277656000934,2.031375676321548,-0.004711303360378697,-1.572197634012666,7.307615744461239e-05,-1.5680679276620353,1.096924474809985,120.4121940536434,67.18210949757325
30518,030518,1863.741408936456,1863.741408936456,1907.013643152467,1907.013643152467,2.00447886760607,-0.01270781496313672,-1.5188653261385996,0.01643271269900077,-1.5727766151929443,1.102109518675779,120.9702880538638,67.1682674453265
30526,030526,1863.741408936456,1863.741408936456,1907.013643152467,1907.013643152467,2.005329759075146,-0.003650044106571175,-1.5887481757638633,-0.014656299128578557,-1.575956084520097,1.11944171485232,120.9702880538638,67.1682674453265
30538,030538,1866.254649589019,1866.254649589019,1919.254029415608,1919.254029415608,2.023073685447837,-0.001729120249509546,-1.5676469090071028,0.013673190861190706,-1.5633595192911118,1.129930671152837,120.0310462140434,66.95362481129119
30543,030543,1847.919204237398,1847.919204237398,1921.263788490785,1921.263788490785,2.044438354629837,-0.006856317126254376,-1.56190282940682,0.01794578342158031,-1.5327716213215807,1.124371377834915,121.2376221304691,67.59771650670672
30554,030554,1857.479804288565,1857.479804288565,1922.888630990956,1922.888630990956,2.004635553476707,0.005137445956362164,-1.558016415459667,-0.0031506953783180715,-1.5647864995029954,1.146133774946981,120.7571865009013,67.36403230763489
30567,030567,1866.254649589019,1866.254649589019,1919.254029415608,1919.254029415608,2.023073685447837,-0.001729120249509546,-1.569392313614426,0.013692241791982286,-1.5651287137304093,1.129930671152837,120.0310462140434,66.95362481129119
30577,030577,1859.746969636308,1859.746969636308,1914.204755444865,1914.204755444865,2.009231466004983,-0.002970823641278691,-1.5629319833589455,0.02952976018188684,-1.5422887360998494,1.136123277061316,120.581700743319,67.21490441580156
30581,030581,1875.341941705681,1875.341941705681,1915.635705796355,1915.635705796355,1.982010734183471,-0.001951416398337044,-1.5952666133753044,0.07678052066715899,-1.6225170415384549,1.132630915685097,119.7869740687292,66.78209093962884
30588,030588,1842.404839758716,1842.404839758716,1934.754952608012,1934.754952608012,2.045975662868765,-0.002400173486311045,-1.55338857412205,0.01825416843181658,-1.577136067995388,1.130651936362605,121.8558717032652,67.74032599935602
30592,030592,1842.404839758716,1842.404839758716,1934.754952608012,1934.754952608012,2.049676593409205,0.00840991717115261,-1.5282289359939825,0.030133228316926594,-1.5689091484340498,1.12962535674074,121.8558717032652,67.74032599935602
30594,030594,1857.34965296426,1857.34965296426,1917.924623722001,1917.924623722001,2.015306616523902,0.0004902130710700773,-1.5904877533289208,-0.014659161626945269,-1.5759611552265513,1.125060013269004,121.1604837134374,67.28731745081727
30614,030614,1863.741408936456,1863.741408936456,1907.013643152467,1907.013643152467,2.00447886760607,-0.01270781496313672,-1.520610887543998,0.0164292314171461,-1.5728052951803733,1.102109518675779,120.9702880538638,67.1682674453265
30632,030632,1858.597086427252,1858.597086427252,1924.42584741907,1924.42584741907,2.029652670668384,0.006069991084438096,-1.5481785083094486,0.042104190812269744,-1.5829092444598964,1.133153905263153,121.4569399168275,67.46593912807965
30646,030646,1847.919204237398,1847.919204237398,1921.263788490785,1921.263788490785,2.044438354629837,-0.006856317126254376,-1.56190185876231,0.01797318165006547,-1.538007519872931,1.124371377834915,121.2376221304691,67.59771650670672
30663,030663,1880.974214387733,1880.974214387733,1915.779220181504,1915.779220181504,1.977851236897697,-0.006727592148754134,-1.569591747497633,-0.01629538688615913,-1.5688506905097992,1.100166968750412,119.4299449008713,66.58945770112874
30664,030664,1860.564880874244,1860.564880874244,1915.277656000934,1915.277656000934,2.031375676321548,-0.004711303360378697,-1.572197634012666,7.307615744461239e-05,-1.5680679276620353,1.096924474809985,120.4121940536434,67.18210949757325
30683,030683,1863.741408936456,1863.741408936456,1907.013643152467,1907.013643152467,2.00447886760607,-0.01270781496313672,-1.520610887543998,0.0164292314171461,-1.5728052951803733,1.102109518675779,120.9702880538638,67.1682674453265
30743,030743,1842.404839758716,1842.404839758716,1934.754952608012,1934.754952608012,2.049676593409205,0.00840991717115261,-1.5282289359939825,0.030133228316926594,-1.5689091484340498,1.12962535674074,121.8558717032652,67.74032599935602
30744,030744,1859.746969636308,1859.746969636308,1914.204755444865,1914.204755444865,2.009231466004983,-0.002970823641278691,-1.5646779031491849,0.02956119474784027,-1.5405950950370737,1.136123277061316,120.581700743319,67.21490441580156
30799,030799,1842.404839758716,1842.404839758716,1934.754952608012,1934.754952608012,2.047493806442693,0.01132193851634119,-1.5412444667550063,0.030238908236011552,-1.5662469692397305,1.128173733560131,121.8558717032652,67.74032599935602
30813,030813,1842.404839758716,1842.404839758716,1934.754952608012,1934.754952608012,2.049676593409205,0.00840991717115261,-1.5282289359939825,0.030133228316926594,-1.5689091484340498,1.12962535674074,121.8558717032652,67.74032599935602
30815,030815,1863.741408936456,1863.741408936456,1907.013643152467,1907.013643152467,2.005329759075146,-0.003650044106571175,-1.5887481757638633,-0.014656299128578557,-1.575956084520097,1.11944171485232,120.9702880538638,67.1682674453265
30831,030831,1880.974214387733,1880.974214387733,1915.779220181504,1915.779220181504,1.977851236897697,-0.006727592148754134,-1.5695917278837737,-0.016277110187861606,-1.570595924383754,1.100166968750412,119.4299449008713,66.58945770112874
30872,030872,1842.404839758716,1842.404839758716,1934.754952608012,1934.754952608012,2.049676593409205,0.00840991717115261,-1.5282289359939825,0.030133228316926594,-1.5689091484340498,1.12962535674074,121.8558717032652,67.74032599935602
30886,030886,1857.34965296426,1857.34965296426,1917.924623722001,1917.924623722001,2.015306616523902,0.0004902130710700773,-1.5922332210785368,-0.014674245860053241,-1.5741902425771948,1.125060013269004,121.1604837134374,67.28731745081727
30889,030889,1863.741408936456,1863.741408936456,1907.013643152467,1907.013643152467,2.005329759075146,-0.003650044106571175,-1.5887481757638633,-0.014656299128578557,-1.575956084520097,1.11944171485232,120.9702880538638,67.1682674453265
30893,030893,1866.254649589019,1866.254649589019,1919.254029415608,1919.254029415608,2.023073685447837,-0.001729120249509546,-1.5676469090071028,0.013673190861190706,-1.5633595192911118,1.129930671152837,120.0310462140434,66.95362481129119
30903,030903,1860.44342061537,1860.44342061537,1931.800446368316,1931.800446368316,2.014037351924079,-0.002481086856738699,-1.5657787946070796,0.024763195053972537,-1.5905180797729668,1.128847994220851,121.0847164834004,67.28639589561944
30906,030906,1863.334264630649,1863.334264630649,1907.62696303471,1907.62696303471,2.015970272322051,0.008957195838649488,-1.5225925316185862,0.015377765957622191,-1.5681989866297787,1.131092790341723,121.100845132532,67.24295811544353
30907,030907,1859.746969636308,1859.746969636308,1914.204755444865,1914.204755444865,2.009231466004983,-0.002970823641278691,-1.5646779031491849,0.02956119474784027,-1.5405950950370737,1.136123277061316,120.581700743319,67.21490441580156
30912,030912,1842.404839758716,1842.404839758716,1934.754952608012,1934.754952608012,2.047493806442693,0.01132193851634119,-1.5412444667550063,0.030238908236011552,-1.5662469692397305,1.128173733560131,121.8558717032652,67.74032599935602
30919,030919,1859.746969636308,1859.746969636308,1914.204755444865,1914.204755444865,2.009231466004983,-0.002970823641278691,-1.5699128441987793,0.02975543926078322,-1.5477314577859038,1.136123277061316,120.581700743319,67.21490441580156
30923,030923,1858.597086427252,1858.597086427252,1924.42584741907,1924.42584741907,2.029652670668384,0.006069991084438096,-1.5481785083094486,0.042104190812269744,-1.5829092444598964,1.133153905263153,121.4569399168275,67.46593912807965
30929,030929,1863.741408936456,1863.741408936456,1907.013643152467,1907.013643152467,2.00447886760607,-0.01270781496313672,-1.520610887543998,0.0164292314171461,-1.5728052951803733,1.102109518675779,120.9702880538638,67.1682674453265
30933,030933,1863.741408936456,1863.741408936456,1907.013643152467,1907.013643152467,2.00447886760607,-0.01270781496313672,-1.5188653261385996,0.01643271269900077,-1.5727766151929443,1.102109518675779,120.9702880538638,67.1682674453265
30945,030945,1863.741408936456,1863.741408936456,1907.013643152467,1907.013643152467,2.005329759075146,-0.003650044106571175,-1.5887481941415185,-0.014653253011738941,-1.5777014108444942,1.11944171485232,120.9702880538638,67.1682674453265
30948,030948,1842.404839758716,1842.404839758716,1934.754952608012,1934.754952608012,2.047493806442693,0.01132193851634119,-1.5412444667550063,0.030238908236011552,-1.5662469692397305,1.128173733560131,121.8558717032652,67.74032599935602
30956,030956,1863.334264630649,1863.334264630649,1907.62696303471,1907.62696303471,2.015970272322051,0.008957195838649488,-1.5225925316185862,0.015377765957622191,-1.5681989866297787,1.131092790341723,121.100845132532,67.24295811544353
30958,030958,1842.404839758716,1842.404839758716,1934.754952608012,1934.754952608012,2.047493806442693,0.01132193851634119,-1.5412444667550063,0.030238908236011552,-1.5662469692397305,1.128173733560131,121.8558717032652,67.74032599935602
30989,030989,1866.254649589019,1866.254649589019,1919.254029415608,1919.254029415608,2.022382969590999,-0.003597953696000636,-1.5700586556197347,0.014603913747234055,-1.5640112962393267,1.130147879676854,120.0310462140434,66.95362481129119
30996,030996,1863.741408936456,1863.741408936456,1907.013643152467,1907.013643152467,2.00447886760607,-0.01270781496313672,-1.5188653261385996,0.01643271269900077,-1.5727766151929443,1.102109518675779,120.9702880538638,67.1682674453265
30999,030999,1860.44342061537,1860.44342061537,1931.800446368316,1931.800446368316,2.015408304393497,-0.0003830991732733452,-1.5666471279812573,0.02469796677423977,-1.5966478172441692,1.13414802111517,121.0847164834004,67.28639589561944
31002,031002,1863.741408936456,1863.741408936456,1907.013643152467,1907.013643152467,2.00447886760607,-0.01270781496313672,-1.5188653261385996,0.01643271269900077,-1.5727766151929443,1.102109518675779,120.9702880538638,67.1682674453265
31028,031028,1846.470459745119,1846.470459745119,1934.237294246353,1934.237294246353,2.053116246097614,0.007127191254660563,-1.5532465545489462,0.04239655825563713,-1.585496144359086,1.126073558516028,121.8482000805993,67.76262613512169
31048,031048,1857.479804288565,1857.479804288565,1922.888630990956,1922.888630990956,2.004635553476707,0.005137445956362164,-1.558016415459667,-0.0031506953783180715,-1.5647864995029954,1.146133774946981,120.7571865009013,67.36403230763489
31056,031056,1863.741408936456,1863.741408936456,1907.013643152467,1907.013643152467,2.00447886760607,-0.01270781496313672,-1.5188653261385996,0.01643271269900077,-1.5727766151929443,1.102109518675779,120.9702880538638,67.1682674453265
31058,031058,1842.404839758716,1842.404839758716,1934.754952608012,1934.754952608012,2.049676593409205,0.00840991717115261,-1.5282289359939825,0.030133228316926594,-1.5689091484340498,1.12962535674074,121.8558717032652,67.74032599935602
31061,031061,1842.404839758716,1842.404839758716,1934.754952608012,1934.754952608012,2.049676593409205,0.00840991717115261,-1.5282289359939825,0.030133228316926594,-1.5689091484340498,1.12962535674074,121.8558717032652,67.74032599935602
31064,031064,1842.404839758716,1842.404839758716,1934.754952608012,1934.754952608012,2.047493806442693,0.01132193851634119,-1.5412444667550063,0.030238908236011552,-1.5662469692397305,1.128173733560131,121.8558717032652,67.74032599935602
31066,031066,1863.741408936456,1863.741408936456,1907.013643152467,1907.013643152467,2.00447886760607,-0.01270781496313672,-1.520610887543998,0.0164292314171461,-1.5728052951803733,1.102109518675779,120.9702880538638,67.1682674453265
31070,031070,1863.741408936456,1863.741408936456,1907.013643152467,1907.013643152467,2.00447886760607,-0.01270781496313672,-1.520610887543998,0.0164292314171461,-1.5728052951803733,1.102109518675779,120.9702880538638,67.1682674453265
31078,031078,1863.741408936456,1863.741408936456,1907.013643152467,1907.013643152467,2.005329759075146,-0.003650044106571175,-1.5887481757638633,-0.014656299128578557,-1.575956084520097,1.11944171485232,120.9702880538638,67.1682674453265
31097,031097,1866.254649589019,1866.254649589019,1919.254029415608,1919.254029415608,2.023073685447837,-0.001729120249509546,-1.5676469090071028,0.013673190861190706,-1.5633595192911118,1.129930671152837,120.0310462140434,66.95362481129119
31108,031108,1863.741408936456,1863.741408936456,1907.013643152467,1907.013643152467,2.00447886760607,-0.01270781496313672,-1.5188653261385996,0.01643271269900077,-1.5727766151929443,1.102109518675779,120.9702880538638,67.1682674453265
31110,031110,1857.34965296426,1857.34965296426,1917.924623722001,1917.924623722001,2.015306616523902,0.0004902130710700773,-1.5922332470746603,-0.014668153580254308,-1.5759355608146708,1.125060013269004,121.1604837134374,67.28731745081727
31145,031145,1880.974214387733,1880.974214387733,1915.779220181504,1915.779220181504,1.977851236897697,-0.006727592148754134,-1.5713373051013404,-0.016291966292714507,-1.5688222502099622,1.100166968750412,119.4299449008713,66.58945770112874
31154,031154,1863.741408936456,1863.741408936456,1907.013643152467,1907.013643152467,2.005329759075146,-0.003650044106571175,-1.5887481757638633,-0.014656299128578557,-1.575956084520097,1.11944171485232,120.9702880538638,67.1682674453265
31170,031170,1863.741408936456,1863.741408936456,1907.013643152467,1907.013643152467,2.00447886760607,-0.01270781496313672,-1.5188653261385996,0.01643271269900077,-1.5727766151929443,1.102109518675779,120.9702880538638,67.1682674453265
31175,031175,1857.479804288565,1857.479804288565,1922.888630990956,1922.888630990956,2.004635553476707,0.005137445956362164,-1.5580163224699002,-0.003123280124826136,-1.570022415777389,1.146133774946981,120.7571865009013,67.36403230763489
31180,031180,1857.479804288565,1857.479804288565,1922.888630990956,1922.888630990956,2.004635553476707,0.005137445956362164,-1.558016415459667,-0.0031506953783180715,-1.5647864995029954,1.146133774946981,120.7571865009013,67.36403230763489
31187,031187,1863.334264630649,1863.334264630649,1907.62696303471,1907.62696303471,2.015970272322051,0.008957195838649488,-1.5225925316185862,0.015377765957622191,-1.5681989866297787,1.131092790341723,121.100845132532,67.24295811544353
31201,031201,1857.479804288565,1857.479804288565,1922.888630990956,1922.888630990956,2.004635553476707,0.005137445956362164,-1.558016415459667,-0.0031506953783180715,-1.5647864995029954,1.146133774946981,120.7571865009013,67.36403230763489
31204,031204,1846.470459745119,1846.470459745119,1934.237294246353,1934.237294246353,2.053116246097614,0.007127191254660563,-1.5532465545489462,0.04239655825563713,-1.585496144359086,1.126073558516028,121.8482000805993,67.76262613512169
31208,031208,1857.34965296426,1857.34965296426,1917.924623722001,1917.924623722001,2.015306616523902,0.0004902130710700773,-1.5904877533289208,-0.014659161626945269,-1.5759611552265513,1.125060013269004,121.1604837134374,67.28731745081727
31210,031210,1863.741408936456,1863.741408936456,1907.013643152467,1907.013643152467,2.005329759075146,-0.003650044106571175,-1.5887481757638633,-0.014656299128578557,-1.575956084520097,1.11944171485232,120.9702880538638,67.1682674453265
31223,031223,1857.34965296426,1857.34965296426,1917.924623722001,1917.924623722001,2.015306616523902,0.0004902130710700773,-1.5922332210785368,-0.014674245860053241,-1.5741902425771948,1.125060013269004,121.1604837134374,67.28731745081727
31235,031235,1880.974214387733,1880.974214387733,1915.779220181504,1915.779220181504,1.977851236897697,-0.006727592148754134,-1.569591747497633,-0.01629538688615913,-1.5688506905097992,1.100166968750412,119.4299449008713,66.58945770112874
31240,031240,1880.974214387733,1880.974214387733,1915.779220181504,1915.779220181504,1.977851236897697,-0.006727592148754134,-1.569591747497633,-0.01629538688615913,-1.5688506905097992,1.100166968750412,119.4299449008713,66.58945770112874
31242,031242,1842.404839758716,1842.404839758716,1934.754952608012,1934.754952608012,2.047493806442693,0.01132193851634119,-1.5412444667550063,0.030238908236011552,-1.5662469692397305,1.128173733560131,121.8558717032652,67.74032599935602
31243,031243,1863.741408936456,1863.741408936456,1907.013643152467,1907.013643152467,2.00447886760607,-0.01270781496313672,-1.5188653261385996,0.01643271269900077,-1.5727766151929443,1.102109518675779,120.9702880538638,67.1682674453265
31250,031250,1866.254649589019,1866.254649589019,1919.254029415608,1919.254029415608,2.023073685447837,-0.001729120249509546,-1.5676469090071028,0.013673190861190706,-1.5633595192911118,1.129930671152837,120.0310462140434,66.95362481129119
31291,031291,1842.404839758716,1842.404839758716,1934.754952608012,1934.754952608012,2.047493806442693,0.01132193851634119,-1.5412444667550063,0.030238908236011552,-1.5662469692397305,1.128173733560131,121.8558717032652,67.74032599935602
31301,031301,1842.404839758716,1842.404839758716,1934.754952608012,1934.754952608012,2.049676593409205,0.00840991717115261,-1.5282289359939825,0.030133228316926594,-1.5689091484340498,1.12962535674074,121.8558717032652,67.74032599935602
31350,031350,1859.746969636308,1859.746969636308,1914.204755444865,1914.204755444865,2.009231466004983,-0.002970823641278691,-1.5646779031491849,0.02956119474784027,-1.5405950950370737,1.136123277061316,120.581700743319,67.21490441580156
31377,031377,1859.746969636308,1859.746969636308,1914.204755444865,1914.204755444865,2.009231466004983,-0.002970823641278691,-1.5646779031491849,0.02956119474784027,-1.5405950950370737,1.136123277061316,120.581700743319,67.21490441580156
31401,031401,1863.741408936456,1863.741408936456,1907.013643152467,1907.013643152467,2.00447886760607,-0.01270781496313672,-1.5188653261385996,0.01643271269900077,-1.5727766151929443,1.102109518675779,120.9702880538638,67.1682674453265
31402,031402,1866.254649589019,1866.254649589019,1919.254029415608,1919.254029415608,2.023073685447837,-0.001729120249509546,-1.5676469090071028,0.013673190861190706,-1.5633595192911118,1.129930671152837,120.0310462140434,66.95362481129119
31426,031426,1866.254649589019,1866.254649589019,1919.254029415608,1919.254029415608,2.023073685447837,-0.001729120249509546,-1.5676469090071028,0.013673190861190706,-1.5633595192911118,1.129930671152837,120.0310462140434,66.95362481129119
31430,031430,1866.254649589019,1866.254649589019,1919.254029415608,1919.254029415608,2.023073685447837,-0.001729120249509546,-1.5676469090071028,0.013673190861190706,-1.5633595192911118,1.129930671152837,120.0310462140434,66.95362481129119
31438,031438,1863.741408936456,1863.741408936456,1907.013643152467,1907.013643152467,2.00447886760607,-0.01270781496313672,-1.5188653261385996,0.01643271269900077,-1.5727766151929443,1.102109518675779,120.9702880538638,67.1682674453265
31444,031444,1857.479804288565,1857.479804288565,1922.888630990956,1922.888630990956,2.004635553476707,0.005137445956362164,-1.558016415459667,-0.0031506953783180715,-1.5647864995029954,1.146133774946981,120.7571865009013,67.36403230763489
31445,031445,1847.919204237398,1847.919204237398,1921.263788490785,1921.263788490785,2.044438354629837,-0.006856317126254376,-1.56190185876231,0.01797318165006547,-1.538007519872931,1.124371377834915,121.2376221304691,67.59771650670672
31447,031447,1846.470459745119,1846.470459745119,1934.237294246353,1934.237294246353,2.053116246097614,0.007127191254660563,-1.5532465545489462,0.04239655825563713,-1.585496144359086,1.126073558516028,121.8482000805993,67.76262613512169
31466,031466,1880.974214387733,1880.974214387733,1915.779220181504,1915.779220181504,1.977851236897697,-0.006727592148754134,-1.569591747497633,-0.01629538688615913,-1.5688506905097992,1.100166968750412,119.4299449008713,66.58945770112874
31485,031485,1863.334264630649,1863.334264630649,1907.62696303471,1907.62696303471,2.015970272322051,0.008957195838649488,-1.5225925316185862,0.015377765957622191,-1.5681989866297787,1.131092790341723,121.100845132532,67.24295811544353
31488,031488,1859.633325720178,1859.633325720178,1926.337015754446,1926.337015754446,1.997003502293789,0.007118608021303436,-1.5655439822728348,-0.002684599072072188,-1.570856670035724,1.144582618675452,120.6792689337453,67.26448936786939
31493,031493,1880.974214387733,1880.974214387733,1915.779220181504,1915.779220181504,1.977851236897697,-0.006727592148754134,-1.569591747497633,-0.01629538688615913,-1.5688506905097992,1.100166968750412,119.4299449008713,66.58945770112874
31522,031522,1842.404839758716,1842.404839758716,1934.754952608012,1934.754952608012,2.047493806442693,0.01132193851634119,-1.5412444667550063,0.030238908236011552,-1.5662469692397305,1.128173733560131,121.8558717032652,67.74032599935602
31549,031549,1860.44342061537,1860.44342061537,1931.800446368316,1931.800446368316,2.014037351924079,-0.002481086856738699,-1.5657787946070796,0.024763195053972537,-1.5905180797729668,1.128847994220851,121.0847164834004,67.28639589561944
31557,031557,1842.404839758716,1842.404839758716,1934.754952608012,1934.754952608012,2.047493806442693,0.01132193851634119,-1.5412444667550063,0.030238908236011552,-1.5662469692397305,1.128173733560131,121.8558717032652,67.74032599935602
31566,031566,1863.741408936456,1863.741408936456,1907.013643152467,1907.013643152467,2.00447886760607,-0.01270781496313672,-1.5188653261385996,0.01643271269900077,-1.5727766151929443,1.102109518675779,120.9702880538638,67.1682674453265
31570,031570,1863.741408936456,1863.741408936456,1907.013643152467,1907.013643152467,2.005329759075146,-0.003650044106571175,-1.5887481757638633,-0.014656299128578557,-1.575956084520097,1.11944171485232,120.9702880538638,67.1682674453265
31589,031589,1842.404839758716,1842.404839758716,1934.754952608012,1934.754952608012,2.047493806442693,0.01132193851634119,-1.5412444667550063,0.030238908236011552,-1.5662469692397305,1.128173733560131,121.8558717032652,67.74032599935602
31591,031591,1857.34965296426,1857.34965296426,1917.924623722001,1917.924623722001,2.015306616523902,0.0004902130710700773,-1.5922332470746603,-0.014668153580254308,-1.5759355608146708,1.125060013269004,121.1604837134374,67.28731745081727
31608,031608,1857.479804288565,1857.479804288565,1922.888630990956,1922.888630990956,2.004635553476707,0.005137445956362164,-1.558016415459667,-0.0031506953783180715,-1.5647864995029954,1.146133774946981,120.7571865009013,67.36403230763489
31609,031609,1860.44342061537,1860.44342061537,1931.800446368316,1931.800446368316,2.014037351924079,-0.002481086856738699,-1.5657787946070796,0.024763195053972537,-1.5905180797729668,1.128847994220851,121.0847164834004,67.28639589561944
31611,031611,1880.974214387733,1880.974214387733,1915.779220181504,1915.779220181504,1.977851236897697,-0.006727592148754134,-1.569591747497633,-0.01629538688615913,-1.5688506905097992,1.100166968750412,119.4299449008713,66.58945770112874
31615,031615,1866.254649589019,1866.254649589019,1919.254029415608,1919.254029415608,2.023073685447837,-0.001729120249509546,-1.569392313614426,0.013692241791982286,-1.5651287137304093,1.129930671152837,120.0310462140434,66.95362481129119
31628,031628,1866.254649589019,1866.254649589019,1919.254029415608,1919.254029415608,2.023073685447837,-0.001729120249509546,-1.5676469090071028,0.013673190861190706,-1.5633595192911118,1.129930671152837,120.0310462140434,66.95362481129119
31633,031633,1858.597086427252,1858.597086427252,1924.42584741907,1924.42584741907,2.029652670668384,0.006069991084438096,-1.5481785083094486,0.042104190812269744,-1.5829092444598964,1.133153905263153,121.4569399168275,67.46593912807965
31634,031634,1859.746969636308,1859.746969636308,1914.204755444865,1914.204755444865,2.009231466004983,-0.002970823641278691,-1.56293139392435,0.02955107472663299,-1.5440339176877833,1.136123277061316,120.581700743319,67.21490441580156
31674,031674,1842.404839758716,1842.404839758716,1934.754952608012,1934.754952608012,2.047493806442693,0.01132193851634119,-1.5412444667550063,0.030238908236011552,-1.5662469692397305,1.128173733560131,121.8558717032652,67.74032599935602
31685,031685,1863.741408936456,1863.741408936456,1907.013643152467,1907.013643152467,2.00447886760607,-0.01270781496313672,-1.520610887543998,0.0164292314171461,-1.5728052951803733,1.102109518675779,120.9702880538638,67.1682674453265
31700,031700,1863.741408936456,1863.741408936456,1907.013643152467,1907.013643152467,2.00447886760607,-0.01270781496313672,-1.5188653261385996,0.01643271269900077,-1.5727766151929443,1.102109518675779,120.9702880538638,67.1682674453265
31706,031706,1857.34965296426,1857.34965296426,1917.924623722001,1917.924623722001,2.015306616523902,0.0004902130710700773,-1.5922332210785368,-0.014674245860053241,-1.5741902425771948,1.125060013269004,121.1604837134374,67.28731745081727
31714,031714,1857.34965296426,1857.34965296426,1917.924623722001,1917.924623722001,2.015306616523902,0.0004902130710700773,-1.5922332470746603,-0.014668153580254308,-1.5759355608146708,1.125060013269004,121.1604837134374,67.28731745081727
31740,031740,1842.404839758716,1842.404839758716,1934.754952608012,1934.754952608012,2.047493806442693,0.01132193851634119,-1.5412444667550063,0.030238908236011552,-1.5662469692397305,1.128173733560131,121.8558717032652,67.74032599935602
31749,031749,1842.404839758716,1842.404839758716,1934.754952608012,1934.754952608012,2.049676593409205,0.00840991717115261,-1.5282289359939825,0.030133228316926594,-1.5689091484340498,1.12962535674074,121.8558717032652,67.74032599935602
31750,031750,1857.479804288565,1857.479804288565,1922.888630990956,1922.888630990956,2.004635553476707,0.005137445956362164,-1.5510357394219714,-0.003256540141911394,-1.5595730426885313,1.146133774946981,120.7571865009013,67.36403230763489
31757,031757,1863.741408936456,1863.741408936456,1907.013643152467,1907.013643152467,2.005329759075146,-0.003650044106571175,-1.5887481941415185,-0.014653253011738941,-1.5777014108444942,1.11944171485232,120.9702880538638,67.1682674453265
31760,031760,1842.404839758716,1842.404839758716,1934.754952608012,1934.754952608012,2.047493806442693,0.01132193851634119,-1.5412444667550063,0.030238908236011552,-1.5662469692397305,1.128173733560131,121.8558717032652,67.74032599935602
31780,031780,1857.479804288565,1857.479804288565,1922.888630990956,1922.888630990956,2.004635553476707,0.005137445956362164,-1.5510357394219714,-0.003256540141911394,-1.5595730426885313,1.146133774946981,120.7571865009013,67.36403230763489
31788,031788,1860.44342061537,1860.44342061537,1931.800446368316,1931.800446368316,2.014037351924079,-0.002481086856738699,-1.5657787946070796,0.024763195053972537,-1.5905180797729668,1.128847994220851,121.0847164834004,67.28639589561944
31789,031789,1863.741408936456,1863.741408936456,1907.013643152467,1907.013643152467,2.005329759075146,-0.003650044106571175,-1.5887481757638633,-0.014656299128578557,-1.575956084520097,1.11944171485232,120.9702880538638,67.1682674453265
31813,031813,1863.741408936456,1863.741408936456,1907.013643152467,1907.013643152467,2.005329759075146,-0.003650044106571175,-1.5887481941415185,-0.014653253011738941,-1.5777014108444942,1.11944171485232,120.9702880538638,67.1682674453265
31816,031816,1857.479804288565,1857.479804288565,1922.888630990956,1922.888630990956,2.004635553476707,0.005137445956362164,-1.558016415459667,-0.0031506953783180715,-1.5647864995029954,1.146133774946981,120.7571865009013,67.36403230763489
31821,031821,1866.254649589019,1866.254649589019,1919.254029415608,1919.254029415608,2.023073685447837,-0.001729120249509546,-1.569392313614426,0.013692241791982286,-1.5651287137304093,1.129930671152837,120.0310462140434,66.95362481129119
31829,031829,1863.741408936456,1863.741408936456,1907.013643152467,1907.013643152467,2.005329759075146,-0.003650044106571175,-1.5887481941415185,-0.014653253011738941,-1.5777014108444942,1.11944171485232,120.9702880538638,67.1682674453265
31869,031869,1863.741408936456,1863.741408936456,1907.013643152467,1907.013643152467,2.005329759075146,-0.003650044106571175,-1.5887481757638633,-0.014656299128578557,-1.575956084520097,1.11944171485232,120.9702880538638,67.1682674453265
31882,031882,1842.404839758716,1842.404839758716,1934.754952608012,1934.754952608012,2.047493806442693,0.01132193851634119,-1.5412444667550063,0.030238908236011552,-1.5662469692397305,1.128173733560131,121.8558717032652,67.74032599935602
31889,031889,1863.741408936456,1863.741408936456,1907.013643152467,1907.013643152467,2.00447886760607,-0.01270781496313672,-1.5188653261385996,0.01643271269900077,-1.5727766151929443,1.102109518675779,120.9702880538638,67.1682674453265
31891,031891,1866.254649589019,1866.254649589019,1919.254029415608,1919.254029415608,2.023073685447837,-0.001729120249509546,-1.5676469090071028,0.013673190861190706,-1.5633595192911118,1.129930671152837,120.0310462140434,66.95362481129119
31892,031892,1866.254649589019,1866.254649589019,1919.254029415608,1919.254029415608,2.023073685447837,-0.001729120249509546,-1.569392313614426,0.013692241791982286,-1.5651287137304093,1.129930671152837,120.0310462140434,66.95362481129119
31903,031903,1857.479804288565,1857.479804288565,1922.888630990956,1922.888630990956,2.004635553476707,0.005137445956362164,-1.558016415459667,-0.0031506953783180715,-1.5647864995029954,1.146133774946981,120.7571865009013,67.36403230763489
31905,031905,1858.597086427252,1858.597086427252,1924.42584741907,1924.42584741907,2.029652670668384,0.006069991084438096,-1.5481785083094486,0.042104190812269744,-1.5829092444598964,1.133153905263153,121.4569399168275,67.46593912807965
31908,031908,1863.334264630649,1863.334264630649,1907.62696303471,1907.62696303471,2.015970272322051,0.008957195838649488,-1.5225925316185862,0.015377765957622191,-1.5681989866297787,1.131092790341723,121.100845132532,67.24295811544353
31909,031909,1857.34965296426,1857.34965296426,1917.924623722001,1917.924623722001,2.015306616523902,0.0004902130710700773,-1.5922332210785368,-0.014674245860053241,-1.5741902425771948,1.125060013269004,121.1604837134374,67.28731745081727
31911,031911,1863.741408936456,1863.741408936456,1907.013643152467,1907.013643152467,2.005329759075146,-0.003650044106571175,-1.5887481941415185,-0.014653253011738941,-1.5777014108444942,1.11944171485232,120.9702880538638,67.1682674453265
31914,031914,1863.741408936456,1863.741408936456,1907.013643152467,1907.013643152467,2.00447886760607,-0.01270781496313672,-1.520610887543998,0.0164292314171461,-1.5728052951803733,1.102109518675779,120.9702880538638,67.1682674453265
31915,031915,1842.404839758716,1842.404839758716,1934.754952608012,1934.754952608012,2.047493806442693,0.01132193851634119,-1.5412444667550063,0.030238908236011552,-1.5662469692397305,1.128173733560131,121.8558717032652,67.74032599935602
31947,031947,1847.919204237398,1847.919204237398,1921.263788490785,1921.263788490785,2.044438354629837,-0.006856317126254376,-1.56015679837494,0.017928115699436843,-1.539721493933943,1.124371377834915,121.2376221304691,67.59771650670672
32002,032002,1847.919204237398,1847.919204237398,1921.263788490785,1921.263788490785,2.044438354629837,-0.006856317126254376,-1.5601564303701785,0.017940294738900124,-1.5414667740539971,1.124371377834915,121.2376221304691,67.59771650670672
32008,032008,1866.254649589019,1866.254649589019,1919.254029415608,1919.254029415608,2.023073685447837,-0.001729120249509546,-1.5676469090071028,0.013673190861190706,-1.5633595192911118,1.129930671152837,120.0310462140434,66.95362481129119
32015,032015,1866.254649589019,1866.254649589019,1919.254029415608,1919.254029415608,2.023073685447837,-0.001729120249509546,-1.5676469090071028,0.013673190861190706,-1.5633595192911118,1.129930671152837,120.0310462140434,66.95362481129119
32042,032042,1863.741408936456,1863.741408936456,1907.013643152467,1907.013643152467,2.00447886760607,-0.01270781496313672,-1.5188653261385996,0.01643271269900077,-1.5727766151929443,1.102109518675779,120.9702880538638,67.1682674453265
32048,032048,1842.404839758716,1842.404839758716,1934.754952608012,1934.754952608012,2.047493806442693,0.01132193851634119,-1.5412444667550063,0.030238908236011552,-1.5662469692397305,1.128173733560131,121.8558717032652,67.74032599935602
32051,032051,1842.404839758716,1842.404839758716,1934.754952608012,1934.754952608012,2.047493806442693,0.01132193851634119,-1.5412444667550063,0.030238908236011552,-1.5662469692397305,1.128173733560131,121.8558717032652,67.74032599935602
32065,032065,1857.479804288565,1857.479804288565,1922.888630990956,1922.888630990956,2.004635553476707,0.005137445956362164,-1.5580163224699002,-0.003123280124826136,-1.570022415777389,1.146133774946981,120.7571865009013,67.36403230763489
32068,032068,1857.479804288565,1857.479804288565,1922.888630990956,1922.888630990956,2.004635553476707,0.005137445956362164,-1.558016415459667,-0.0031506953783180715,-1.5647864995029954,1.146133774946981,120.7571865009013,67.36403230763489
32099,032099,1863.334264630649,1863.334264630649,1907.62696303471,1907.62696303471,2.015970272322051,0.008957195838649488,-1.5225925316185862,0.015377765957622191,-1.5681989866297787,1.131092790341723,121.100845132532,67.24295811544353
32109,032109,1863.741408936456,1863.741408936456,1907.013643152467,1907.013643152467,2.00447886760607,-0.01270781496313672,-1.5188653261385996,0.01643271269900077,-1.5727766151929443,1.102109518675779,120.9702880538638,67.1682674453265
32133,032133,1842.404839758716,1842.404839758716,1934.754952608012,1934.754952608012,2.049676593409205,0.00840991717115261,-1.5282289359939825,0.030133228316926594,-1.5689091484340498,1.12962535674074,121.8558717032652,67.74032599935602
32141,032141,1866.254649589019,1866.254649589019,1919.254029415608,1919.254029415608,2.023073685447837,-0.001729120249509546,-1.5676469090071028,0.013673190861190706,-1.5633595192911118,1.129930671152837,120.0310462140434,66.95362481129119
32150,032150,1863.741408936456,1863.741408936456,1907.013643152467,1907.013643152467,2.00447886760607,-0.01270781496313672,-1.5188653261385996,0.01643271269900077,-1.5727766151929443,1.102109518675779,120.9702880538638,67.1682674453265
32158,032158,1859.746969636308,1859.746969636308,1914.204755444865,1914.204755444865,2.009231466004983,-0.002970823641278691,-1.5646779031491849,0.02956119474784027,-1.5405950950370737,1.136123277061316,120.581700743319,67.21490441580156
32164,032164,1863.741408936456,1863.741408936456,1907.013643152467,1907.013643152467,2.00447886760607,-0.01270781496313672,-1.5188653261385996,0.01643271269900077,-1.5727766151929443,1.102109518675779,120.9702880538638,67.1682674453265
32187,032187,1866.254649589019,1866.254649589019,1919.254029415608,1919.254029415608,2.023073685447837,-0.001729120249509546,-1.569392313614426,0.013692241791982286,-1.5651287137304093,1.129930671152837,120.0310462140434,66.95362481129119
32195,032195,1859.746969636308,1859.746969636308,1914.204755444865,1914.204755444865,2.009231466004983,-0.002970823641278691,-1.5629319833589455,0.02952976018188684,-1.5422887360998494,1.136123277061316,120.581700743319,67.21490441580156
32216,032216,1863.741408936456,1863.741408936456,1907.013643152467,1907.013643152467,2.005329759075146,-0.003650044106571175,-1.5887481757638633,-0.014656299128578557,-1.575956084520097,1.11944171485232,120.9702880538638,67.1682674453265
32222,032222,1842.404839758716,1842.404839758716,1934.754952608012,1934.754952608012,2.049676593409205,0.00840991717115261,-1.5282289359939825,0.030133228316926594,-1.5689091484340498,1.12962535674074,121.8558717032652,67.74032599935602
32243,032243,1857.479804288565,1857.479804288565,1922.888630990956,1922.888630990956,2.004635553476707,0.005137445956362164,-1.558016415459667,-0.0031506953783180715,-1.5647864995029954,1.146133774946981,120.7571865009013,67.36403230763489
32248,032248,1863.741408936456,1863.741408936456,1907.013643152467,1907.013643152467,2.005329759075146,-0.003650044106571175,-1.5887481941415185,-0.014653253011738941,-1.5777014108444942,1.11944171485232,120.9702880538638,67.1682674453265
32258,032258,1880.974214387733,1880.974214387733,1915.779220181504,1915.779220181504,1.977851236897697,-0.006727592148754134,-1.569591747497633,-0.01629538688615913,-1.5688506905097992,1.100166968750412,119.4299449008713,66.58945770112874
32268,032268,1859.746969636308,1859.746969636308,1914.204755444865,1914.204755444865,2.009231466004983,-0.002970823641278691,-1.5699128441987793,0.02975543926078322,-1.5477314577859038,1.136123277061316,120.581700743319,67.21490441580156
32269,032269,1866.254649589019,1866.254649589019,1919.254029415608,1919.254029415608,2.022382969590999,-0.003597953696000636,-1.5700586556197347,0.014603913747234055,-1.5640112962393267,1.130147879676854,120.0310462140434,66.95362481129119
32283,032283,1857.479804288565,1857.479804288565,1922.888630990956,1922.888630990956,2.004635553476707,0.005137445956362164,-1.558016415459667,-0.0031506953783180715,-1.5647864995029954,1.146133774946981,120.7571865009013,67.36403230763489
32317,032317,1863.741408936456,1863.741408936456,1907.013643152467,1907.013643152467,2.00447886760607,-0.01270781496313672,-1.520610887543998,0.0164292314171461,-1.5728052951803733,1.102109518675779,120.9702880538638,67.1682674453265
32329,032329,1858.597086427252,1858.597086427252,1924.42584741907,1924.42584741907,2.029652670668384,0.006069991084438096,-1.5481785083094486,0.042104190812269744,-1.5829092444598964,1.133153905263153,121.4569399168275,67.46593912807965
32349,032349,1851.83618357446,1851.83618357446,1915.259734665388,1915.259734665388,2.0339196102626,-0.005694530419066602,-1.563387881739645,0.02728212930346041,-1.5386813218462054,1.130775474183994,121.1021209397552,67.48494915545704
32374,032374,1857.34965296426,1857.34965296426,1917.924623722001,1917.924623722001,2.015306616523902,0.0004902130710700773,-1.5922332470746603,-0.014668153580254308,-1.5759355608146708,1.125060013269004,121.1604837134374,67.28731745081727
32386,032386,1866.254649589019,1866.254649589019,1919.254029415608,1919.254029415608,2.022382969590999,-0.003597953696000636,-1.5700586556197347,0.014603913747234055,-1.5640112962393267,1.130147879676854,120.0310462140434,66.95362481129119
32413,032413,1875.341941705681,1875.341941705681,1915.635705796355,1915.635705796355,1.982010734183471,-0.001951416398337044,-1.5952666133753044,0.07678052066715899,-1.6225170415384549,1.132630915685097,119.7869740687292,66.78209093962884
32434,032434,1863.334264630649,1863.334264630649,1907.62696303471,1907.62696303471,2.015970272322051,0.008957195838649488,-1.5225925316185862,0.015377765957622191,-1.5681989866297787,1.131092790341723,121.100845132532,67.24295811544353
32442,032442,1866.254649589019,1866.254649589019,1919.254029415608,1919.254029415608,2.023073685447837,-0.001729120249509546,-1.5676469090071028,0.013673190861190706,-1.5633595192911118,1.129930671152837,120.0310462140434,66.95362481129119
32455,032455,1863.741408936456,1863.741408936456,1907.013643152467,1907.013643152467,2.00447886760607,-0.01270781496313672,-1.5188653261385996,0.01643271269900077,-1.5727766151929443,1.102109518675779,120.9702880538638,67.1682674453265
32459,032459,1842.404839758716,1842.404839758716,1934.754952608012,1934.754952608012,2.049676593409205,0.00840991717115261,-1.5282289359939825,0.030133228316926594,-1.5689091484340498,1.12962535674074,121.8558717032652,67.74032599935602
32465,032465,1857.479804288565,1857.479804288565,1922.888630990956,1922.888630990956,2.004635553476707,0.005137445956362164,-1.558016415459667,-0.0031506953783180715,-1.5647864995029954,1.146133774946981,120.7571865009013,67.36403230763489
32468,032468,1855.611679448001,1855.611679448001,1918.782750108382,1918.782750108382,2.05513307421246,-0.002349478392438995,-1.5636219313508197,0.017387886370147185,-1.562345220387446,1.128509700670556,120.6309216201748,67.34206591228028
32473,032473,1859.746969636308,1859.746969636308,1914.204755444865,1914.204755444865,2.009231466004983,-0.002970823641278691,-1.5699128441987793,0.02975543926078322,-1.5477314577859038,1.136123277061316,120.581700743319,67.21490441580156
32494,032494,1860.44342061537,1860.44342061537,1931.800446368316,1931.800446368316,2.014037351924079,-0.002481086856738699,-1.5657787946070796,0.024763195053972537,-1.5905180797729668,1.128847994220851,121.0847164834004,67.28639589561944
32513,032513,1857.34965296426,1857.34965296426,1917.924623722001,1917.924623722001,2.015306616523902,0.0004902130710700773,-1.5992152520022311,-0.014697582001379522,-1.57408770834131,1.125060013269004,121.1604837134374,67.28731745081727
32521,032521,1863.741408936456,1863.741408936456,1907.013643152467,1907.013643152467,2.00447886760607,-0.01270781496313672,-1.5188653261385996,0.01643271269900077,-1.5727766151929443,1.102109518675779,120.9702880538638,67.1682674453265
32527,032527,1857.34965296426,1857.34965296426,1917.924623722001,1917.924623722001,2.015306616523902,0.0004902130710700773,-1.5922332470746603,-0.014668153580254308,-1.5759355608146708,1.125060013269004,121.1604837134374,67.28731745081727
32528,032528,1863.741408936456,1863.741408936456,1907.013643152467,1907.013643152467,2.005329759075146,-0.003650044106571175,-1.5887481941415185,-0.014653253011738941,-1.5777014108444942,1.11944171485232,120.9702880538638,67.1682674453265
32558,032558,1863.741408936456,1863.741408936456,1907.013643152467,1907.013643152467,2.00447886760607,-0.01270781496313672,-1.5188653261385996,0.01643271269900077,-1.5727766151929443,1.102109518675779,120.9702880538638,67.1682674453265
32559,032559,1863.741408936456,1863.741408936456,1907.013643152467,1907.013643152467,2.00447886760607,-0.01270781496313672,-1.5188653261385996,0.01643271269900077,-1.5727766151929443,1.102109518675779,120.9702880538638,67.1682674453265
32560,032560,1866.254649589019,1866.254649589019,1919.254029415608,1919.254029415608,2.023073685447837,-0.001729120249509546,-1.5676469090071028,0.013673190861190706,-1.5633595192911118,1.129930671152837,120.0310462140434,66.95362481129119
32561,032561,1858.597086427252,1858.597086427252,1924.42584741907,1924.42584741907,2.029652670668384,0.006069991084438096,-1.5481785083094486,0.042104190812269744,-1.5829092444598964,1.133153905263153,121.4569399168275,67.46593912807965
32570,032570,1842.404839758716,1842.404839758716,1934.754952608012,1934.754952608012,2.047493806442693,0.01132193851634119,-1.5412444667550063,0.030238908236011552,-1.5662469692397305,1.128173733560131,121.8558717032652,67.74032599935602
32592,032592,1857.479804288565,1857.479804288565,1922.888630990956,1922.888630990956,2.004635553476707,0.005137445956362164,-1.558016415459667,-0.0031506953783180715,-1.5647864995029954,1.146133774946981,120.7571865009013,67.36403230763489
32594,032594,1859.746969636308,1859.746969636308,1914.204755444865,1914.204755444865,2.009231466004983,-0.002970823641278691,-1.5699128441987793,0.02975543926078322,-1.5477314577859038,1.136123277061316,120.581700743319,67.21490441580156
32598,032598,1846.470459745119,1846.470459745119,1934.237294246353,1934.237294246353,2.053116246097614,0.007127191254660563,-1.5532465545489462,0.04239655825563713,-1.585496144359086,1.126073558516028,121.8482000805993,67.76262613512169
32601,032601,1846.470459745119,1846.470459745119,1934.237294246353,1934.237294246353,2.053116246097614,0.007127191254660563,-1.5532465545489462,0.04239655825563713,-1.585496144359086,1.126073558516028,121.8482000805993,67.76262613512169
32610,032610,1866.254649589019,1866.254649589019,1919.254029415608,1919.254029415608,2.023073685447837,-0.001729120249509546,-1.569392313614426,0.013692241791982286,-1.5651287137304093,1.129930671152837,120.0310462140434,66.95362481129119
32621,032621,1865.601863955799,1865.601863955799,1928.857328627447,1928.857328627447,2.001821056922886,0.007634072428357207,-1.5622044920282512,0.00025225417731760286,-1.5803754455393095,1.138603587390257,120.3479639363886,67.08908981397964
32629,032629,1880.974214387733,1880.974214387733,1915.779220181504,1915.779220181504,1.977851236897697,-0.006727592148754134,-1.569591747497633,-0.01629538688615913,-1.5688506905097992,1.100166968750412,119.4299449008713,66.58945770112874
32637,032637,1842.404839758716,1842.404839758716,1934.754952608012,1934.754952608012,2.049676593409205,0.00840991717115261,-1.5282289359939825,0.030133228316926594,-1.5689091484340498,1.12962535674074,121.8558717032652,67.74032599935602
32639,032639,1863.741408936456,1863.741408936456,1907.013643152467,1907.013643152467,2.00447886760607,-0.01270781496313672,-1.5188653261385996,0.01643271269900077,-1.5727766151929443,1.102109518675779,120.9702880538638,67.1682674453265
32644,032644,1880.974214387733,1880.974214387733,1915.779220181504,1915.779220181504,1.977851236897697,-0.006727592148754134,-1.5713373051013404,-0.016291966292714507,-1.5688222502099622,1.100166968750412,119.4299449008713,66.58945770112874
32651,032651,1866.254649589019,1866.254649589019,1919.254029415608,1919.254029415608,2.022382969590999,-0.003597953696000636,-1.5700586556197347,0.014603913747234055,-1.5640112962393267,1.130147879676854,120.0310462140434,66.95362481129119
32691,032691,1860.44342061537,1860.44342061537,1931.800446368316,1931.800446368316,2.015408304393497,-0.0003830991732733452,-1.5666469810877037,0.024691876202095925,-1.593157160429589,1.13414802111517,121.0847164834004,67.28639589561944
32707,032707,1863.741408936456,1863.741408936456,1907.013643152467,1907.013643152467,2.005329759075146,-0.003650044106571175,-1.5887481941415185,-0.014653253011738941,-1.5777014108444942,1.11944171485232,120.9702880538638,67.1682674453265
32723,032723,1857.479804288565,1857.479804288565,1922.888630990956,1922.888630990956,2.004635553476707,0.005137445956362164,-1.5510357394219714,-0.003256540141911394,-1.5595730426885313,1.146133774946981,120.7571865009013,67.36403230763489
32733,032733,1842.404839758716,1842.404839758716,1934.754952608012,1934.754952608012,2.049676593409205,0.00840991717115261,-1.5282289359939825,0.030133228316926594,-1.5689091484340498,1.12962535674074,121.8558717032652,67.74032599935602
32742,032742,1857.479804288565,1857.479804288565,1922.888630990956,1922.888630990956,2.004635553476707,0.005137445956362164,-1.558016415459667,-0.0031506953783180715,-1.5647864995029954,1.146133774946981,120.7571865009013,67.36403230763489
32747,032747,1842.404839758716,1842.404839758716,1934.754952608012,1934.754952608012,2.049676593409205,0.00840991717115261,-1.5282289359939825,0.030133228316926594,-1.5689091484340498,1.12962535674074,121.8558717032652,67.74032599935602
32749,032749,1842.404839758716,1842.404839758716,1934.754952608012,1934.754952608012,2.049676593409205,0.00840991717115261,-1.5282289359939825,0.030133228316926594,-1.5689091484340498,1.12962535674074,121.8558717032652,67.74032599935602
32772,032772,1863.741408936456,1863.741408936456,1907.013643152467,1907.013643152467,2.00447886760607,-0.01270781496313672,-1.5188653261385996,0.01643271269900077,-1.5727766151929443,1.102109518675779,120.9702880538638,67.1682674453265
32791,032791,1846.470459745119,1846.470459745119,1934.237294246353,1934.237294246353,2.053116246097614,0.007127191254660563,-1.5532465545489462,0.04239655825563713,-1.585496144359086,1.126073558516028,121.8482000805993,67.76262613512169
32793,032793,1842.404839758716,1842.404839758716,1934.754952608012,1934.754952608012,2.047493806442693,0.01132193851634119,-1.5412444667550063,0.030238908236011552,-1.5662469692397305,1.128173733560131,121.8558717032652,67.74032599935602
32802,032802,1863.741408936456,1863.741408936456,1907.013643152467,1907.013643152467,2.00447886760607,-0.01270781496313672,-1.5188653261385996,0.01643271269900077,-1.5727766151929443,1.102109518675779,120.9702880538638,67.1682674453265
32834,032834,1863.741408936456,1863.741408936456,1907.013643152467,1907.013643152467,2.00447886760607,-0.01270781496313672,-1.5188653261385996,0.01643271269900077,-1.5727766151929443,1.102109518675779,120.9702880538638,67.1682674453265
32841,032841,1863.741408936456,1863.741408936456,1907.013643152467,1907.013643152467,2.00447886760607,-0.01270781496313672,-1.520610887543998,0.0164292314171461,-1.5728052951803733,1.102109518675779,120.9702880538638,67.1682674453265
32870,032870,1863.741408936456,1863.741408936456,1907.013643152467,1907.013643152467,2.00447886760607,-0.01270781496313672,-1.520610887543998,0.0164292314171461,-1.5728052951803733,1.102109518675779,120.9702880538638,67.1682674453265
32878,032878,1866.254649589019,1866.254649589019,1919.254029415608,1919.254029415608,2.023073685447837,-0.001729120249509546,-1.5676469090071028,0.013673190861190706,-1.5633595192911118,1.129930671152837,120.0310462140434,66.95362481129119
32898,032898,1857.34965296426,1857.34965296426,1917.924623722001,1917.924623722001,2.015306616523902,0.0004902130710700773,-1.5922332470746603,-0.014668153580254308,-1.5759355608146708,1.125060013269004,121.1604837134374,67.28731745081727
32904,032904,1857.479804288565,1857.479804288565,1922.888630990956,1922.888630990956,2.004635553476707,0.005137445956362164,-1.558016415459667,-0.0031506953783180715,-1.5647864995029954,1.146133774946981,120.7571865009013,67.36403230763489
32914,032914,1842.404839758716,1842.404839758716,1934.754952608012,1934.754952608012,2.047493806442693,0.01132193851634119,-1.5412444667550063,0.030238908236011552,-1.5662469692397305,1.128173733560131,121.8558717032652,67.74032599935602
32924,032924,1859.746969636308,1859.746969636308,1914.204755444865,1914.204755444865,2.009231466004983,-0.002970823641278691,-1.5699128441987793,0.02975543926078322,-1.5477314577859038,1.136123277061316,120.581700743319,67.21490441580156
32954,032954,1857.34965296426,1857.34965296426,1917.924623722001,1917.924623722001,2.015306616523902,0.0004902130710700773,-1.5922332210785368,-0.014674245860053241,-1.5741902425771948,1.125060013269004,121.1604837134374,67.28731745081727
32960,032960,1847.919204237398,1847.919204237398,1921.263788490785,1921.263788490785,2.044438354629837,-0.006856317126254376,-1.56190185876231,0.01797318165006547,-1.538007519872931,1.124371377834915,121.2376221304691,67.59771650670672
32961,032961,1857.34965296426,1857.34965296426,1917.924623722001,1917.924623722001,2.015306616523902,0.0004902130710700773,-1.5922332210785368,-0.014674245860053241,-1.5741902425771948,1.125060013269004,121.1604837134374,67.28731745081727
32981,032981,1846.470459745119,1846.470459745119,1934.237294246353,1934.237294246353,2.053116246097614,0.007127191254660563,-1.5532465545489462,0.04239655825563713,-1.585496144359086,1.126073558516028,121.8482000805993,67.76262613512169
32987,032987,1858.597086427252,1858.597086427252,1924.42584741907,1924.42584741907,2.029652670668384,0.006069991084438096,-1.5481785083094486,0.042104190812269744,-1.5829092444598964,1.133153905263153,121.4569399168275,67.46593912807965
32990,032990,1857.34965296426,1857.34965296426,1917.924623722001,1917.924623722001,2.015306616523902,0.0004902130710700773,-1.5922332470746603,-0.014668153580254308,-1.5759355608146708,1.125060013269004,121.1604837134374,67.28731745081727
33020,033020,1842.404839758716,1842.404839758716,1934.754952608012,1934.754952608012,2.047493806442693,0.01132193851634119,-1.5412444667550063,0.030238908236011552,-1.5662469692397305,1.128173733560131,121.8558717032652,67.74032599935602
33023,033023,1863.741408936456,1863.741408936456,1907.013643152467,1907.013643152467,2.00447886760607,-0.01270781496313672,-1.520610887543998,0.0164292314171461,-1.5728052951803733,1.102109518675779,120.9702880538638,67.1682674453265
33039,033039,1857.34965296426,1857.34965296426,1917.924623722001,1917.924623722001,2.015306616523902,0.0004902130710700773,-1.5922332210785368,-0.014674245860053241,-1.5741902425771948,1.125060013269004,121.1604837134374,67.28731745081727
33042,033042,1859.746969636308,1859.746969636308,1914.204755444865,1914.204755444865,2.009231466004983,-0.002970823641278691,-1.5646779031491849,0.02956119474784027,-1.5405950950370737,1.136123277061316,120.581700743319,67.21490441580156
33047,033047,1880.974214387733,1880.974214387733,1915.779220181504,1915.779220181504,1.977851236897697,-0.006727592148754134,-1.5713373051013404,-0.016291966292714507,-1.5688222502099622,1.100166968750412,119.4299449008713,66.58945770112874
33061,033061,1863.741408936456,1863.741408936456,1907.013643152467,1907.013643152467,2.00447886760607,-0.01270781496313672,-1.5188653261385996,0.01643271269900077,-1.5727766151929443,1.102109518675779,120.9702880538638,67.1682674453265
33079,033079,1863.741408936456,1863.741408936456,1907.013643152467,1907.013643152467,2.005329759075146,-0.003650044106571175,-1.5887481941415185,-0.014653253011738941,-1.5777014108444942,1.11944171485232,120.9702880538638,67.1682674453265
33080,033080,1863.741408936456,1863.741408936456,1907.013643152467,1907.013643152467,2.005329759075146,-0.003650044106571175,-1.5887481941415185,-0.014653253011738941,-1.5777014108444942,1.11944171485232,120.9702880538638,67.1682674453265
33089,033089,1866.254649589019,1866.254649589019,1919.254029415608,1919.254029415608,2.023073685447837,-0.001729120249509546,-1.5676469090071028,0.013673190861190706,-1.5633595192911118,1.129930671152837,120.0310462140434,66.95362481129119
33105,033105,1863.741408936456,1863.741408936456,1907.013643152467,1907.013643152467,2.005329759075146,-0.003650044106571175,-1.5887481941415185,-0.014653253011738941,-1.5777014108444942,1.11944171485232,120.9702880538638,67.1682674453265
33114,033114,1847.919204237398,1847.919204237398,1921.263788490785,1921.263788490785,2.044438354629837,-0.006856317126254376,-1.56190282940682,0.01794578342158031,-1.5327716213215807,1.124371377834915,121.2376221304691,67.59771650670672
33122,033122,1860.44342061537,1860.44342061537,1931.800446368316,1931.800446368316,2.015408304393497,-0.0003830991732733452,-1.5666471279812573,0.02469796677423977,-1.5966478172441692,1.13414802111517,121.0847164834004,67.28639589561944
33129,033129,1842.404839758716,1842.404839758716,1934.754952608012,1934.754952608012,2.049676593409205,0.00840991717115261,-1.5282289359939825,0.030133228316926594,-1.5689091484340498,1.12962535674074,121.8558717032652,67.74032599935602
33132,033132,1863.741408936456,1863.741408936456,1907.013643152467,1907.013643152467,2.00447886760607,-0.01270781496313672,-1.5188653261385996,0.01643271269900077,-1.5727766151929443,1.102109518675779,120.9702880538638,67.1682674453265
33137,033137,1857.479804288565,1857.479804288565,1922.888630990956,1922.888630990956,2.004635553476707,0.005137445956362164,-1.5510357394219714,-0.003256540141911394,-1.5595730426885313,1.146133774946981,120.7571865009013,67.36403230763489
33144,033144,1857.479804288565,1857.479804288565,1922.888630990956,1922.888630990956,2.004635553476707,0.005137445956362164,-1.558016415459667,-0.0031506953783180715,-1.5647864995029954,1.146133774946981,120.7571865009013,67.36403230763489
33149,033149,1859.746969636308,1859.746969636308,1914.204755444865,1914.204755444865,2.009231466004983,-0.002970823641278691,-1.5629326100062055,0.029508446697819848,-1.5405435555976825,1.136123277061316,120.581700743319,67.21490441580156
33168,033168,1842.404839758716,1842.404839758716,1934.754952608012,1934.754952608012,2.047493806442693,0.01132193851634119,-1.5412444667550063,0.030238908236011552,-1.5662469692397305,1.128173733560131,121.8558717032652,67.74032599935602
33180,033180,1846.470459745119,1846.470459745119,1934.237294246353,1934.237294246353,2.053116246097614,0.007127191254660563,-1.5532465545489462,0.04239655825563713,-1.585496144359086,1.126073558516028,121.8482000805993,67.76262613512169
33208,033208,1880.974214387733,1880.974214387733,1915.779220181504,1915.779220181504,1.977851236897697,-0.006727592148754134,-1.569591747497633,-0.01629538688615913,-1.5688506905097992,1.100166968750412,119.4299449008713,66.58945770112874
33214,033214,1842.404839758716,1842.404839758716,1934.754952608012,1934.754952608012,2.047493806442693,0.01132193851634119,-1.5412444667550063,0.030238908236011552,-1.5662469692397305,1.128173733560131,121.8558717032652,67.74032599935602
33222,033222,1863.741408936456,1863.741408936456,1907.013643152467,1907.013643152467,2.00447886760607,-0.01270781496313672,-1.5188653261385996,0.01643271269900077,-1.5727766151929443,1.102109518675779,120.9702880538638,67.1682674453265
33235,033235,1863.741408936456,1863.741408936456,1907.013643152467,1907.013643152467,2.00447886760607,-0.01270781496313672,-1.5188653261385996,0.01643271269900077,-1.5727766151929443,1.102109518675779,120.9702880538638,67.1682674453265
33238,033238,1857.479804288565,1857.479804288565,1922.888630990956,1922.888630990956,2.004635553476707,0.005137445956362164,-1.558016415459667,-0.0031506953783180715,-1.5647864995029954,1.146133774946981,120.7571865009013,67.36403230763489
33240,033240,1858.597086427252,1858.597086427252,1924.42584741907,1924.42584741907,2.029652670668384,0.006069991084438096,-1.5481785083094486,0.042104190812269744,-1.5829092444598964,1.133153905263153,121.4569399168275,67.46593912807965
33252,033252,1863.741408936456,1863.741408936456,1907.013643152467,1907.013643152467,2.00447886760607,-0.01270781496313672,-1.5188653261385996,0.01643271269900077,-1.5727766151929443,1.102109518675779,120.9702880538638,67.1682674453265
33257,033257,1863.741408936456,1863.741408936456,1907.013643152467,1907.013643152467,2.00447886760607,-0.01270781496313672,-1.520610887543998,0.0164292314171461,-1.5728052951803733,1.102109518675779,120.9702880538638,67.1682674453265
33264,033264,1863.741408936456,1863.741408936456,1907.013643152467,1907.013643152467,2.00447886760607,-0.01270781496313672,-1.5188653261385996,0.01643271269900077,-1.5727766151929443,1.102109518675779,120.9702880538638,67.1682674453265
33294,033294,1863.741408936456,1863.741408936456,1907.013643152467,1907.013643152467,2.005329759075146,-0.003650044106571175,-1.5887481941415185,-0.014653253011738941,-1.5777014108444942,1.11944171485232,120.9702880538638,67.1682674453265
33295,033295,1857.479804288565,1857.479804288565,1922.888630990956,1922.888630990956,2.004635553476707,0.005137445956362164,-1.558016415459667,-0.0031506953783180715,-1.5647864995029954,1.146133774946981,120.7571865009013,67.36403230763489
33323,033323,1857.34965296426,1857.34965296426,1917.924623722001,1917.924623722001,2.015306616523902,0.0004902130710700773,-1.5922332210785368,-0.014674245860053241,-1.5741902425771948,1.125060013269004,121.1604837134374,67.28731745081727
33343,033343,1860.44342061537,1860.44342061537,1931.800446368316,1931.800446368316,2.015408304393497,-0.0003830991732733452,-1.5666471279812573,0.02469796677423977,-1.5966478172441692,1.13414802111517,121.0847164834004,67.28639589561944
33351,033351,1842.404839758716,1842.404839758716,1934.754952608012,1934.754952608012,2.047493806442693,0.01132193851634119,-1.5412444667550063,0.030238908236011552,-1.5662469692397305,1.128173733560131,121.8558717032652,67.74032599935602
33353,033353,1857.479804288565,1857.479804288565,1922.888630990956,1922.888630990956,2.004635553476707,0.005137445956362164,-1.558016415459667,-0.0031506953783180715,-1.5647864995029954,1.146133774946981,120.7571865009013,67.36403230763489
33380,033380,1863.741408936456,1863.741408936456,1907.013643152467,1907.013643152467,2.00447886760607,-0.01270781496313672,-1.5188653261385996,0.01643271269900077,-1.5727766151929443,1.102109518675779,120.9702880538638,67.1682674453265
33383,033383,1842.404839758716,1842.404839758716,1934.754952608012,1934.754952608012,2.047493806442693,0.01132193851634119,-1.5412444667550063,0.030238908236011552,-1.5662469692397305,1.128173733560131,121.8558717032652,67.74032599935602
33400,033400,1857.34965296426,1857.34965296426,1917.924623722001,1917.924623722001,2.015306616523902,0.0004902130710700773,-1.5922332470746603,-0.014668153580254308,-1.5759355608146708,1.125060013269004,121.1604837134374,67.28731745081727
33418,033418,1857.34965296426,1857.34965296426,1917.924623722001,1917.924623722001,2.015306616523902,0.0004902130710700773,-1.5922332470746603,-0.014668153580254308,-1.5759355608146708,1.125060013269004,121.1604837134374,67.28731745081727
33421,033421,1842.404839758716,1842.404839758716,1934.754952608012,1934.754952608012,2.047493806442693,0.01132193851634119,-1.5412444667550063,0.030238908236011552,-1.5662469692397305,1.128173733560131,121.8558717032652,67.74032599935602
33426,033426,1860.44342061537,1860.44342061537,1931.800446368316,1931.800446368316,2.014037351924079,-0.002481086856738699,-1.5657787946070796,0.024763195053972537,-1.5905180797729668,1.128847994220851,121.0847164834004,67.28639589561944
33429,033429,1880.974214387733,1880.974214387733,1915.779220181504,1915.779220181504,1.977851236897697,-0.006727592148754134,-1.5695917278837737,-0.016277110187861606,-1.570595924383754,1.100166968750412,119.4299449008713,66.58945770112874
33451,033451,1863.741408936456,1863.741408936456,1907.013643152467,1907.013643152467,2.005329759075146,-0.003650044106571175,-1.5887481941415185,-0.014653253011738941,-1.5777014108444942,1.11944171485232,120.9702880538638,67.1682674453265
33471,033471,1863.741408936456,1863.741408936456,1907.013643152467,1907.013643152467,2.00447886760607,-0.01270781496313672,-1.5188653261385996,0.01643271269900077,-1.5727766151929443,1.102109518675779,120.9702880538638,67.1682674453265
33473,033473,1866.254649589019,1866.254649589019,1919.254029415608,1919.254029415608,2.023073685447837,-0.001729120249509546,-1.5676469090071028,0.013673190861190706,-1.5633595192911118,1.129930671152837,120.0310462140434,66.95362481129119
33477,033477,1842.404839758716,1842.404839758716,1934.754952608012,1934.754952608012,2.047493806442693,0.01132193851634119,-1.5412444667550063,0.030238908236011552,-1.5662469692397305,1.128173733560131,121.8558717032652,67.74032599935602
33484,033484,1866.254649589019,1866.254649589019,1919.254029415608,1919.254029415608,2.023073685447837,-0.001729120249509546,-1.5676469090071028,0.013673190861190706,-1.5633595192911118,1.129930671152837,120.0310462140434,66.95362481129119
33489,033489,1875.341941705681,1875.341941705681,1915.635705796355,1915.635705796355,1.982010734183471,-0.001951416398337044,-1.5952666133753044,0.07678052066715899,-1.6225170415384549,1.132630915685097,119.7869740687292,66.78209093962884
33491,033491,1866.254649589019,1866.254649589019,1919.254029415608,1919.254029415608,2.023073685447837,-0.001729120249509546,-1.569392313614426,0.013692241791982286,-1.5651287137304093,1.129930671152837,120.0310462140434,66.95362481129119
33522,033522,1866.254649589019,1866.254649589019,1919.254029415608,1919.254029415608,2.023073685447837,-0.001729120249509546,-1.5676469090071028,0.013673190861190706,-1.5633595192911118,1.129930671152837,120.0310462140434,66.95362481129119
33527,033527,1846.470459745119,1846.470459745119,1934.237294246353,1934.237294246353,2.053116246097614,0.007127191254660563,-1.5532465545489462,0.04239655825563713,-1.585496144359086,1.126073558516028,121.8482000805993,67.76262613512169
33536,033536,1857.34965296426,1857.34965296426,1917.924623722001,1917.924623722001,2.015306616523902,0.0004902130710700773,-1.5922332470746603,-0.014668153580254308,-1.5759355608146708,1.125060013269004,121.1604837134374,67.28731745081727
33541,033541,1880.974214387733,1880.974214387733,1915.779220181504,1915.779220181504,1.977851236897697,-0.006727592148754134,-1.5695917278837737,-0.016277110187861606,-1.570595924383754,1.100166968750412,119.4299449008713,66.58945770112874
33550,033550,1866.254649589019,1866.254649589019,1919.254029415608,1919.254029415608,2.023073685447837,-0.001729120249509546,-1.5676469090071028,0.013673190861190706,-1.5633595192911118,1.129930671152837,120.0310462140434,66.95362481129119
33588,033588,1863.741408936456,1863.741408936456,1907.013643152467,1907.013643152467,2.00447886760607,-0.01270781496313672,-1.5188653261385996,0.01643271269900077,-1.5727766151929443,1.102109518675779,120.9702880538638,67.1682674453265
33590,033590,1857.34965296426,1857.34965296426,1917.924623722001,1917.924623722001,2.015306616523902,0.0004902130710700773,-1.5922332470746603,-0.014668153580254308,-1.5759355608146708,1.125060013269004,121.1604837134374,67.28731745081727
33599,033599,1842.404839758716,1842.404839758716,1934.754952608012,1934.754952608012,2.045975662868765,-0.002400173486311045,-1.55338857412205,0.01825416843181658,-1.577136067995388,1.130651936362605,121.8558717032652,67.74032599935602
33613,033613,1857.479804288565,1857.479804288565,1922.888630990956,1922.888630990956,2.004635553476707,0.005137445956362164,-1.558016415459667,-0.0031506953783180715,-1.5647864995029954,1.146133774946981,120.7571865009013,67.36403230763489
33620,033620,1842.404839758716,1842.404839758716,1934.754952608012,1934.754952608012,2.047493806442693,0.01132193851634119,-1.5412444667550063,0.030238908236011552,-1.5662469692397305,1.128173733560131,121.8558717032652,67.74032599935602
33627,033627,1842.404839758716,1842.404839758716,1934.754952608012,1934.754952608012,2.049676593409205,0.00840991717115261,-1.5282289359939825,0.030133228316926594,-1.5689091484340498,1.12962535674074,121.8558717032652,67.74032599935602
33636,033636,1842.404839758716,1842.404839758716,1934.754952608012,1934.754952608012,2.047493806442693,0.01132193851634119,-1.5412444667550063,0.030238908236011552,-1.5662469692397305,1.128173733560131,121.8558717032652,67.74032599935602
33637,033637,1842.404839758716,1842.404839758716,1934.754952608012,1934.754952608012,2.047493806442693,0.01132193851634119,-1.5412444667550063,0.030238908236011552,-1.5662469692397305,1.128173733560131,121.8558717032652,67.74032599935602
33650,033650,1847.919204237398,1847.919204237398,1921.263788490785,1921.263788490785,2.044438354629837,-0.006856317126254376,-1.56190282940682,0.01794578342158031,-1.5327716213215807,1.124371377834915,121.2376221304691,67.59771650670672
33653,033653,1846.470459745119,1846.470459745119,1934.237294246353,1934.237294246353,2.053116246097614,0.007127191254660563,-1.5532465545489462,0.04239655825563713,-1.585496144359086,1.126073558516028,121.8482000805993,67.76262613512169
33658,033658,1866.254649589019,1866.254649589019,1919.254029415608,1919.254029415608,2.022382969590999,-0.003597953696000636,-1.5700586556197347,0.014603913747234055,-1.5640112962393267,1.130147879676854,120.0310462140434,66.95362481129119
33675,033675,1863.741408936456,1863.741408936456,1907.013643152467,1907.013643152467,2.005329759075146,-0.003650044106571175,-1.5887481941415185,-0.014653253011738941,-1.5777014108444942,1.11944171485232,120.9702880538638,67.1682674453265
33694,033694,1842.404839758716,1842.404839758716,1934.754952608012,1934.754952608012,2.047493806442693,0.01132193851634119,-1.5412444667550063,0.030238908236011552,-1.5662469692397305,1.128173733560131,121.8558717032652,67.74032599935602
33700,033700,1863.741408936456,1863.741408936456,1907.013643152467,1907.013643152467,2.00447886760607,-0.01270781496313672,-1.520610887543998,0.0164292314171461,-1.5728052951803733,1.102109518675779,120.9702880538638,67.1682674453265
33733,033733,1842.404839758716,1842.404839758716,1934.754952608012,1934.754952608012,2.049676593409205,0.00840991717115261,-1.5282289359939825,0.030133228316926594,-1.5689091484340498,1.12962535674074,121.8558717032652,67.74032599935602
33754,033754,1857.34965296426,1857.34965296426,1917.924623722001,1917.924623722001,2.015306616523902,0.0004902130710700773,-1.5922332470746603,-0.014668153580254308,-1.5759355608146708,1.125060013269004,121.1604837134374,67.28731745081727
33764,033764,1857.479804288565,1857.479804288565,1922.888630990956,1922.888630990956,2.004635553476707,0.005137445956362164,-1.558016415459667,-0.0031506953783180715,-1.5647864995029954,1.146133774946981,120.7571865009013,67.36403230763489
33769,033769,1857.34965296426,1857.34965296426,1917.924623722001,1917.924623722001,2.015306616523902,0.0004902130710700773,-1.5922332470746603,-0.014668153580254308,-1.5759355608146708,1.125060013269004,121.1604837134374,67.28731745081727
33776,033776,1842.404839758716,1842.404839758716,1934.754952608012,1934.754952608012,2.047493806442693,0.01132193851634119,-1.5412444667550063,0.030238908236011552,-1.5662469692397305,1.128173733560131,121.8558717032652,67.74032599935602
33777,033777,1863.741408936456,1863.741408936456,1907.013643152467,1907.013643152467,2.005329759075146,-0.003650044106571175,-1.5887481757638633,-0.014656299128578557,-1.575956084520097,1.11944171485232,120.9702880538638,67.1682674453265
33796,033796,1847.919204237398,1847.919204237398,1921.263788490785,1921.263788490785,2.044438354629837,-0.006856317126254376,-1.560158957252722,0.017867231154737557,-1.5309950989703125,1.124371377834915,121.2376221304691,67.59771650670672
33815,033815,1842.404839758716,1842.404839758716,1934.754952608012,1934.754952608012,2.047493806442693,0.01132193851634119,-1.5412444667550063,0.030238908236011552,-1.5662469692397305,1.128173733560131,121.8558717032652,67.74032599935602
33821,033821,1857.34965296426,1857.34965296426,1917.924623722001,1917.924623722001,2.015306616523902,0.0004902130710700773,-1.5922332470746603,-0.014668153580254308,-1.5759355608146708,1.125060013269004,121.1604837134374,67.28731745081727
33823,033823,1859.746969636308,1859.746969636308,1914.204755444865,1914.204755444865,2.009231466004983,-0.002970823641278691,-1.5629319833589455,0.02952976018188684,-1.5422887360998494,1.136123277061316,120.581700743319,67.21490441580156
33830,033830,1842.404839758716,1842.404839758716,1934.754952608012,1934.754952608012,2.047493806442693,0.01132193851634119,-1.5412444667550063,0.030238908236011552,-1.5662469692397305,1.128173733560131,121.8558717032652,67.74032599935602
33833,033833,1863.741408936456,1863.741408936456,1907.013643152467,1907.013643152467,2.005329759075146,-0.003650044106571175,-1.5887481757638633,-0.014656299128578557,-1.575956084520097,1.11944171485232,120.9702880538638,67.1682674453265
33869,033869,1842.404839758716,1842.404839758716,1934.754952608012,1934.754952608012,2.047493806442693,0.01132193851634119,-1.5412444667550063,0.030238908236011552,-1.5662469692397305,1.128173733560131,121.8558717032652,67.74032599935602
33898,033898,1863.334264630649,1863.334264630649,1907.62696303471,1907.62696303471,2.015970272322051,0.008957195838649488,-1.5225925316185862,0.015377765957622191,-1.5681989866297787,1.131092790341723,121.100845132532,67.24295811544353
33913,033913,1863.741408936456,1863.741408936456,1907.013643152467,1907.013643152467,2.00447886760607,-0.01270781496313672,-1.5188653261385996,0.01643271269900077,-1.5727766151929443,1.102109518675779,120.9702880538638,67.1682674453265
33922,033922,1866.254649589019,1866.254649589019,1919.254029415608,1919.254029415608,2.022382969590999,-0.003597953696000636,-1.5700586556197347,0.014603913747234055,-1.5640112962393267,1.130147879676854,120.0310462140434,66.95362481129119
33928,033928,1866.254649589019,1866.254649589019,1919.254029415608,1919.254029415608,2.023073685447837,-0.001729120249509546,-1.5676469090071028,0.013673190861190706,-1.5633595192911118,1.129930671152837,120.0310462140434,66.95362481129119
33935,033935,1858.597086427252,1858.597086427252,1924.42584741907,1924.42584741907,2.029652670668384,0.006069991084438096,-1.5481785083094486,0.042104190812269744,-1.5829092444598964,1.133153905263153,121.4569399168275,67.46593912807965
33942,033942,1842.404839758716,1842.404839758716,1934.754952608012,1934.754952608012,2.047493806442693,0.01132193851634119,-1.5412444667550063,0.030238908236011552,-1.5662469692397305,1.128173733560131,121.8558717032652,67.74032599935602
33948,033948,1880.974214387733,1880.974214387733,1915.779220181504,1915.779220181504,1.977851236897697,-0.006727592148754134,-1.569591747497633,-0.01629538688615913,-1.5688506905097992,1.100166968750412,119.4299449008713,66.58945770112874
33954,033954,1847.919204237398,1847.919204237398,1921.263788490785,1921.263788490785,2.044438354629837,-0.006856317126254376,-1.5601564303701785,0.017940294738900124,-1.5414667740539971,1.124371377834915,121.2376221304691,67.59771650670672
33955,033955,1842.404839758716,1842.404839758716,1934.754952608012,1934.754952608012,2.049676593409205,0.00840991717115261,-1.5282289359939825,0.030133228316926594,-1.5689091484340498,1.12962535674074,121.8558717032652,67.74032599935602
33956,033956,1857.34965296426,1857.34965296426,1917.924623722001,1917.924623722001,2.015306616523902,0.0004902130710700773,-1.5922332470746603,-0.014668153580254308,-1.5759355608146708,1.125060013269004,121.1604837134374,67.28731745081727
33961,033961,1857.479804288565,1857.479804288565,1922.888630990956,1922.888630990956,2.004635553476707,0.005137445956362164,-1.558016415459667,-0.0031506953783180715,-1.5647864995029954,1.146133774946981,120.7571865009013,67.36403230763489
33964,033964,1842.404839758716,1842.404839758716,1934.754952608012,1934.754952608012,2.049676593409205,0.00840991717115261,-1.5282289359939825,0.030133228316926594,-1.5689091484340498,1.12962535674074,121.8558717032652,67.74032599935602
33971,033971,1842.404839758716,1842.404839758716,1934.754952608012,1934.754952608012,2.049676593409205,0.00840991717115261,-1.5282289359939825,0.030133228316926594,-1.5689091484340498,1.12962535674074,121.8558717032652,67.74032599935602
33978,033978,1880.974214387733,1880.974214387733,1915.779220181504,1915.779220181504,1.977851236897697,-0.006727592148754134,-1.569591747497633,-0.01629538688615913,-1.5688506905097992,1.100166968750412,119.4299449008713,66.58945770112874
33980,033980,1847.919204237398,1847.919204237398,1921.263788490785,1921.263788490785,2.044438354629837,-0.006856317126254376,-1.56190185876231,0.01797318165006547,-1.538007519872931,1.124371377834915,121.2376221304691,67.59771650670672
33992,033992,1842.404839758716,1842.404839758716,1934.754952608012,1934.754952608012,2.047493806442693,0.01132193851634119,-1.5412444667550063,0.030238908236011552,-1.5662469692397305,1.128173733560131,121.8558717032652,67.74032599935602
34000,034000,1857.34965296426,1857.34965296426,1917.924623722001,1917.924623722001,2.015306616523902,0.0004902130710700773,-1.5922332470746603,-0.014668153580254308,-1.5759355608146708,1.125060013269004,121.1604837134374,67.28731745081727
34009,034009,1857.34965296426,1857.34965296426,1917.924623722001,1917.924623722001,2.015306616523902,0.0004902130710700773,-1.5904877533289208,-0.014659161626945269,-1.5759611552265513,1.125060013269004,121.1604837134374,67.28731745081727
34011,034011,1846.470459745119,1846.470459745119,1934.237294246353,1934.237294246353,2.053116246097614,0.007127191254660563,-1.5532465545489462,0.04239655825563713,-1.585496144359086,1.126073558516028,121.8482000805993,67.76262613512169
34013,034013,1857.479804288565,1857.479804288565,1922.888630990956,1922.888630990956,2.004635553476707,0.005137445956362164,-1.5510357394219714,-0.003256540141911394,-1.5595730426885313,1.146133774946981,120.7571865009013,67.36403230763489
34024,034024,1857.479804288565,1857.479804288565,1922.888630990956,1922.888630990956,2.004635553476707,0.005137445956362164,-1.558016415459667,-0.0031506953783180715,-1.5647864995029954,1.146133774946981,120.7571865009013,67.36403230763489
34029,034029,1842.404839758716,1842.404839758716,1934.754952608012,1934.754952608012,2.047493806442693,0.01132193851634119,-1.5412444667550063,0.030238908236011552,-1.5662469692397305,1.128173733560131,121.8558717032652,67.74032599935602
34037,034037,1857.479804288565,1857.479804288565,1922.888630990956,1922.888630990956,2.004635553476707,0.005137445956362164,-1.558016415459667,-0.0031506953783180715,-1.5647864995029954,1.146133774946981,120.7571865009013,67.36403230763489
34039,034039,1842.404839758716,1842.404839758716,1934.754952608012,1934.754952608012,2.049676593409205,0.00840991717115261,-1.5282289359939825,0.030133228316926594,-1.5689091484340498,1.12962535674074,121.8558717032652,67.74032599935602
34042,034042,1857.479804288565,1857.479804288565,1922.888630990956,1922.888630990956,2.004635553476707,0.005137445956362164,-1.558016415459667,-0.0031506953783180715,-1.5647864995029954,1.146133774946981,120.7571865009013,67.36403230763489
34049,034049,1842.404839758716,1842.404839758716,1934.754952608012,1934.754952608012,2.047493806442693,0.01132193851634119,-1.5412444667550063,0.030238908236011552,-1.5662469692397305,1.128173733560131,121.8558717032652,67.74032599935602
34054,034054,1863.741408936456,1863.741408936456,1907.013643152467,1907.013643152467,2.00447886760607,-0.01270781496313672,-1.520610887543998,0.0164292314171461,-1.5728052951803733,1.102109518675779,120.9702880538638,67.1682674453265
34089,034089,1863.334264630649,1863.334264630649,1907.62696303471,1907.62696303471,2.015970272322051,0.008957195838649488,-1.5225925316185862,0.015377765957622191,-1.5681989866297787,1.131092790341723,121.100845132532,67.24295811544353
34187,034187,1859.746969636308,1859.746969636308,1914.204755444865,1914.204755444865,2.009231466004983,-0.002970823641278691,-1.56293139392435,0.02955107472663299,-1.5440339176877833,1.136123277061316,120.581700743319,67.21490441580156
34210,034210,1857.34965296426,1857.34965296426,1917.924623722001,1917.924623722001,2.015306616523902,0.0004902130710700773,-1.5922332210785368,-0.014674245860053241,-1.5741902425771948,1.125060013269004,121.1604837134374,67.28731745081727
34214,034214,1857.479804288565,1857.479804288565,1922.888630990956,1922.888630990956,2.004635553476707,0.005137445956362164,-1.5510357394219714,-0.003256540141911394,-1.5595730426885313,1.146133774946981,120.7571865009013,67.36403230763489
34220,034220,1860.44342061537,1860.44342061537,1931.800446368316,1931.800446368316,2.014037351924079,-0.002481086856738699,-1.5657787946070796,0.024763195053972537,-1.5905180797729668,1.128847994220851,121.0847164834004,67.28639589561944
34221,034221,1866.254649589019,1866.254649589019,1919.254029415608,1919.254029415608,2.023073685447837,-0.001729120249509546,-1.5676469090071028,0.013673190861190706,-1.5633595192911118,1.129930671152837,120.0310462140434,66.95362481129119
34230,034230,1857.34965296426,1857.34965296426,1917.924623722001,1917.924623722001,2.015306616523902,0.0004902130710700773,-1.5922332470746603,-0.014668153580254308,-1.5759355608146708,1.125060013269004,121.1604837134374,67.28731745081727
34233,034233,1859.746969636308,1859.746969636308,1914.204755444865,1914.204755444865,2.009231466004983,-0.002970823641278691,-1.5629319833589455,0.02952976018188684,-1.5422887360998494,1.136123277061316,120.581700743319,67.21490441580156
34259,034259,1863.741408936456,1863.741408936456,1907.013643152467,1907.013643152467,2.00447886760607,-0.01270781496313672,-1.5188653261385996,0.01643271269900077,-1.5727766151929443,1.102109518675779,120.9702880538638,67.1682674453265
34280,034280,1863.741408936456,1863.741408936456,1907.013643152467,1907.013643152467,2.00447886760607,-0.01270781496313672,-1.5188653261385996,0.01643271269900077,-1.5727766151929443,1.102109518675779,120.9702880538638,67.1682674453265
34282,034282,1863.741408936456,1863.741408936456,1907.013643152467,1907.013643152467,2.005329759075146,-0.003650044106571175,-1.5887481757638633,-0.014656299128578557,-1.575956084520097,1.11944171485232,120.9702880538638,67.1682674453265
34301,034301,1880.974214387733,1880.974214387733,1915.779220181504,1915.779220181504,1.977851236897697,-0.006727592148754134,-1.569591747497633,-0.01629538688615913,-1.5688506905097992,1.100166968750412,119.4299449008713,66.58945770112874
34316,034316,1866.254649589019,1866.254649589019,1919.254029415608,1919.254029415608,2.023073685447837,-0.001729120249509546,-1.5676469090071028,0.013673190861190706,-1.5633595192911118,1.129930671152837,120.0310462140434,66.95362481129119
34320,034320,1857.479804288565,1857.479804288565,1922.888630990956,1922.888630990956,2.004635553476707,0.005137445956362164,-1.558016415459667,-0.0031506953783180715,-1.5647864995029954,1.146133774946981,120.7571865009013,67.36403230763489
34335,034335,1857.34965296426,1857.34965296426,1917.924623722001,1917.924623722001,2.015306616523902,0.0004902130710700773,-1.5922332470746603,-0.014668153580254308,-1.5759355608146708,1.125060013269004,121.1604837134374,67.28731745081727
34343,034343,1857.34965296426,1857.34965296426,1917.924623722001,1917.924623722001,2.015306616523902,0.0004902130710700773,-1.5922332210785368,-0.014674245860053241,-1.5741902425771948,1.125060013269004,121.1604837134374,67.28731745081727
34349,034349,1842.404839758716,1842.404839758716,1934.754952608012,1934.754952608012,2.049676593409205,0.00840991717115261,-1.5282289359939825,0.030133228316926594,-1.5689091484340498,1.12962535674074,121.8558717032652,67.74032599935602
34350,034350,1842.404839758716,1842.404839758716,1934.754952608012,1934.754952608012,2.048990724305743,0.001072998664298168,-1.572216906112501,0.005096192184355016,-1.5088385307464232,1.12456066455856,121.8558717032652,67.74032599935602
34355,034355,1842.404839758716,1842.404839758716,1934.754952608012,1934.754952608012,2.049676593409205,0.00840991717115261,-1.5282289359939825,0.030133228316926594,-1.5689091484340498,1.12962535674074,121.8558717032652,67.74032599935602
34358,034358,1859.633325720178,1859.633325720178,1926.337015754446,1926.337015754446,1.997003502293789,0.007118608021303436,-1.5655439822728348,-0.002684599072072188,-1.570856670035724,1.144582618675452,120.6792689337453,67.26448936786939
34381,034381,1866.254649589019,1866.254649589019,1919.254029415608,1919.254029415608,2.023073685447837,-0.001729120249509546,-1.5676469090071028,0.013673190861190706,-1.5633595192911118,1.129930671152837,120.0310462140434,66.95362481129119
34420,034420,1857.34965296426,1857.34965296426,1917.924623722001,1917.924623722001,2.015306616523902,0.0004902130710700773,-1.5922332470746603,-0.014668153580254308,-1.5759355608146708,1.125060013269004,121.1604837134374,67.28731745081727
34435,034435,1866.254649589019,1866.254649589019,1919.254029415608,1919.254029415608,2.022382969590999,-0.003597953696000636,-1.5700586556197347,0.014603913747234055,-1.5640112962393267,1.130147879676854,120.0310462140434,66.95362481129119
34436,034436,1857.479804288565,1857.479804288565,1922.888630990956,1922.888630990956,2.004635553476707,0.005137445956362164,-1.558016415459667,-0.0031506953783180715,-1.5647864995029954,1.146133774946981,120.7571865009013,67.36403230763489
34451,034451,1846.470459745119,1846.470459745119,1934.237294246353,1934.237294246353,2.053116246097614,0.007127191254660563,-1.5532465545489462,0.04239655825563713,-1.585496144359086,1.126073558516028,121.8482000805993,67.76262613512169
34453,034453,1863.741408936456,1863.741408936456,1907.013643152467,1907.013643152467,2.005329759075146,-0.003650044106571175,-1.5887481941415185,-0.014653253011738941,-1.5777014108444942,1.11944171485232,120.9702880538638,67.1682674453265
34460,034460,1857.479804288565,1857.479804288565,1922.888630990956,1922.888630990956,2.004635553476707,0.005137445956362164,-1.558016415459667,-0.0031506953783180715,-1.5647864995029954,1.146133774946981,120.7571865009013,67.36403230763489
34473,034473,1859.746969636308,1859.746969636308,1914.204755444865,1914.204755444865,2.009231466004983,-0.002970823641278691,-1.5646779031491849,0.02956119474784027,-1.5405950950370737,1.136123277061316,120.581700743319,67.21490441580156
34476,034476,1846.470459745119,1846.470459745119,1934.237294246353,1934.237294246353,2.053116246097614,0.007127191254660563,-1.5532465545489462,0.04239655825563713,-1.585496144359086,1.126073558516028,121.8482000805993,67.76262613512169
34481,034481,1860.44342061537,1860.44342061537,1931.800446368316,1931.800446368316,2.014037351924079,-0.002481086856738699,-1.5657787946070796,0.024763195053972537,-1.5905180797729668,1.128847994220851,121.0847164834004,67.28639589561944
34503,034503,1842.404839758716,1842.404839758716,1934.754952608012,1934.754952608012,2.047493806442693,0.01132193851634119,-1.5412444667550063,0.030238908236011552,-1.5662469692397305,1.128173733560131,121.8558717032652,67.74032599935602
34513,034513,1860.44342061537,1860.44342061537,1931.800446368316,1931.800446368316,2.014037351924079,-0.002481086856738699,-1.5657787946070796,0.024763195053972537,-1.5905180797729668,1.128847994220851,121.0847164834004,67.28639589561944
34521,034521,1846.470459745119,1846.470459745119,1934.237294246353,1934.237294246353,2.053116246097614,0.007127191254660563,-1.5532465545489462,0.04239655825563713,-1.585496144359086,1.126073558516028,121.8482000805993,67.76262613512169
34523,034523,1863.741408936456,1863.741408936456,1907.013643152467,1907.013643152467,2.005329759075146,-0.003650044106571175,-1.5887481757638633,-0.014656299128578557,-1.575956084520097,1.11944171485232,120.9702880538638,67.1682674453265
34526,034526,1863.741408936456,1863.741408936456,1907.013643152467,1907.013643152467,2.005329759075146,-0.003650044106571175,-1.5887481941415185,-0.014653253011738941,-1.5777014108444942,1.11944171485232,120.9702880538638,67.1682674453265
34529,034529,1866.254649589019,1866.254649589019,1919.254029415608,1919.254029415608,2.023073685447837,-0.001729120249509546,-1.569392313614426,0.013692241791982286,-1.5651287137304093,1.129930671152837,120.0310462140434,66.95362481129119
34548,034548,1859.746969636308,1859.746969636308,1914.204755444865,1914.204755444865,2.009231466004983,-0.002970823641278691,-1.5629319833589455,0.02952976018188684,-1.5422887360998494,1.136123277061316,120.581700743319,67.21490441580156
34564,034564,1842.404839758716,1842.404839758716,1934.754952608012,1934.754952608012,2.049676593409205,0.00840991717115261,-1.5282289359939825,0.030133228316926594,-1.5689091484340498,1.12962535674074,121.8558717032652,67.74032599935602
34590,034590,1842.404839758716,1842.404839758716,1934.754952608012,1934.754952608012,2.047493806442693,0.01132193851634119,-1.5412444667550063,0.030238908236011552,-1.5662469692397305,1.128173733560131,121.8558717032652,67.74032599935602
34593,034593,1842.404839758716,1842.404839758716,1934.754952608012,1934.754952608012,2.047493806442693,0.01132193851634119,-1.5412444667550063,0.030238908236011552,-1.5662469692397305,1.128173733560131,121.8558717032652,67.74032599935602
34598,034598,1857.34965296426,1857.34965296426,1917.924623722001,1917.924623722001,2.015306616523902,0.0004902130710700773,-1.5922332470746603,-0.014668153580254308,-1.5759355608146708,1.125060013269004,121.1604837134374,67.28731745081727
34606,034606,1863.741408936456,1863.741408936456,1907.013643152467,1907.013643152467,2.005329759075146,-0.003650044106571175,-1.5887481757638633,-0.014656299128578557,-1.575956084520097,1.11944171485232,120.9702880538638,67.1682674453265
34609,034609,1857.34965296426,1857.34965296426,1917.924623722001,1917.924623722001,2.015306616523902,0.0004902130710700773,-1.5922332210785368,-0.014674245860053241,-1.5741902425771948,1.125060013269004,121.1604837134374,67.28731745081727
34619,034619,1863.741408936456,1863.741408936456,1907.013643152467,1907.013643152467,2.005329759075146,-0.003650044106571175,-1.5887481757638633,-0.014656299128578557,-1.575956084520097,1.11944171485232,120.9702880538638,67.1682674453265
34630,034630,1842.404839758716,1842.404839758716,1934.754952608012,1934.754952608012,2.049676593409205,0.00840991717115261,-1.5282289359939825,0.030133228316926594,-1.5689091484340498,1.12962535674074,121.8558717032652,67.74032599935602
34639,034639,1866.254649589019,1866.254649589019,1919.254029415608,1919.254029415608,2.023073685447837,-0.001729120249509546,-1.5676469090071028,0.013673190861190706,-1.5633595192911118,1.129930671152837,120.0310462140434,66.95362481129119
34645,034645,1842.404839758716,1842.404839758716,1934.754952608012,1934.754952608012,2.047493806442693,0.01132193851634119,-1.5412444667550063,0.030238908236011552,-1.5662469692397305,1.128173733560131,121.8558717032652,67.74032599935602
34686,034686,1859.746969636308,1859.746969636308,1914.204755444865,1914.204755444865,2.009231466004983,-0.002970823641278691,-1.5646779031491849,0.02956119474784027,-1.5405950950370737,1.136123277061316,120.581700743319,67.21490441580156
34698,034698,1863.741408936456,1863.741408936456,1907.013643152467,1907.013643152467,2.00447886760607,-0.01270781496313672,-1.5188653261385996,0.01643271269900077,-1.5727766151929443,1.102109518675779,120.9702880538638,67.1682674453265
34715,034715,1880.974214387733,1880.974214387733,1915.779220181504,1915.779220181504,1.977851236897697,-0.006727592148754134,-1.569591747497633,-0.01629538688615913,-1.5688506905097992,1.100166968750412,119.4299449008713,66.58945770112874
34737,034737,1866.254649589019,1866.254649589019,1919.254029415608,1919.254029415608,2.023073685447837,-0.001729120249509546,-1.569392313614426,0.013692241791982286,-1.5651287137304093,1.129930671152837,120.0310462140434,66.95362481129119
34758,034758,1863.334264630649,1863.334264630649,1907.62696303471,1907.62696303471,2.015970272322051,0.008957195838649488,-1.5225925316185862,0.015377765957622191,-1.5681989866297787,1.131092790341723,121.100845132532,67.24295811544353
34772,034772,1866.254649589019,1866.254649589019,1919.254029415608,1919.254029415608,2.023073685447837,-0.001729120249509546,-1.569392313614426,0.013692241791982286,-1.5651287137304093,1.129930671152837,120.0310462140434,66.95362481129119
34807,034807,1859.746969636308,1859.746969636308,1914.204755444865,1914.204755444865,2.009231466004983,-0.002970823641278691,-1.56293139392435,0.02955107472663299,-1.5440339176877833,1.136123277061316,120.581700743319,67.21490441580156
34820,034820,1846.470459745119,1846.470459745119,1934.237294246353,1934.237294246353,2.053116246097614,0.007127191254660563,-1.5532465545489462,0.04239655825563713,-1.585496144359086,1.126073558516028,121.8482000805993,67.76262613512169
34831,034831,1863.741408936456,1863.741408936456,1907.013643152467,1907.013643152467,2.005329759075146,-0.003650044106571175,-1.5887481941415185,-0.014653253011738941,-1.5777014108444942,1.11944171485232,120.9702880538638,67.1682674453265
34848,034848,1857.479804288565,1857.479804288565,1922.888630990956,1922.888630990956,2.004635553476707,0.005137445956362164,-1.558016415459667,-0.0031506953783180715,-1.5647864995029954,1.146133774946981,120.7571865009013,67.36403230763489
34867,034867,1847.919204237398,1847.919204237398,1921.263788490785,1921.263788490785,2.044438354629837,-0.006856317126254376,-1.5601564303701785,0.017940294738900124,-1.5414667740539971,1.124371377834915,121.2376221304691,67.59771650670672
34874,034874,1863.741408936456,1863.741408936456,1907.013643152467,1907.013643152467,2.005329759075146,-0.003650044106571175,-1.5887481757638633,-0.014656299128578557,-1.575956084520097,1.11944171485232,120.9702880538638,67.1682674453265
34881,034881,1857.34965296426,1857.34965296426,1917.924623722001,1917.924623722001,2.015306616523902,0.0004902130710700773,-1.5922332470746603,-0.014668153580254308,-1.5759355608146708,1.125060013269004,121.1604837134374,67.28731745081727
34883,034883,1859.746969636308,1859.746969636308,1914.204755444865,1914.204755444865,2.009231466004983,-0.002970823641278691,-1.56293139392435,0.02955107472663299,-1.5440339176877833,1.136123277061316,120.581700743319,67.21490441580156
34886,034886,1860.44342061537,1860.44342061537,1931.800446368316,1931.800446368316,2.014037351924079,-0.002481086856738699,-1.5657787946070796,0.024763195053972537,-1.5905180797729668,1.128847994220851,121.0847164834004,67.28639589561944
34905,034905,1842.404839758716,1842.404839758716,1934.754952608012,1934.754952608012,2.047493806442693,0.01132193851634119,-1.5412444667550063,0.030238908236011552,-1.5662469692397305,1.128173733560131,121.8558717032652,67.74032599935602
34915,034915,1860.44342061537,1860.44342061537,1931.800446368316,1931.800446368316,2.015408304393497,-0.0003830991732733452,-1.5666471279812573,0.02469796677423977,-1.5966478172441692,1.13414802111517,121.0847164834004,67.28639589561944
34923,034923,1842.404839758716,1842.404839758716,1934.754952608012,1934.754952608012,2.047493806442693,0.01132193851634119,-1.5412444667550063,0.030238908236011552,-1.5662469692397305,1.128173733560131,121.8558717032652,67.74032599935602
34954,034954,1857.34965296426,1857.34965296426,1917.924623722001,1917.924623722001,2.015306616523902,0.0004902130710700773,-1.5922332210785368,-0.014674245860053241,-1.5741902425771948,1.125060013269004,121.1604837134374,67.28731745081727
34959,034959,1863.741408936456,1863.741408936456,1907.013643152467,1907.013643152467,2.00447886760607,-0.01270781496313672,-1.5188653261385996,0.01643271269900077,-1.5727766151929443,1.102109518675779,120.9702880538638,67.1682674453265
34967,034967,1860.44342061537,1860.44342061537,1931.800446368316,1931.800446368316,2.014037351924079,-0.002481086856738699,-1.5657787946070796,0.024763195053972537,-1.5905180797729668,1.128847994220851,121.0847164834004,67.28639589561944
34973,034973,1857.34965296426,1857.34965296426,1917.924623722001,1917.924623722001,2.015306616523902,0.0004902130710700773,-1.5922332470746603,-0.014668153580254308,-1.5759355608146708,1.125060013269004,121.1604837134374,67.28731745081727
34975,034975,1866.254649589019,1866.254649589019,1919.254029415608,1919.254029415608,2.023073685447837,-0.001729120249509546,-1.569392313614426,0.013692241791982286,-1.5651287137304093,1.129930671152837,120.0310462140434,66.95362481129119
34978,034978,1860.44342061537,1860.44342061537,1931.800446368316,1931.800446368316,2.014037351924079,-0.002481086856738699,-1.5657787946070796,0.024763195053972537,-1.5905180797729668,1.128847994220851,121.0847164834004,67.28639589561944
34981,034981,1857.34965296426,1857.34965296426,1917.924623722001,1917.924623722001,2.015306616523902,0.0004902130710700773,-1.5922332470746603,-0.014668153580254308,-1.5759355608146708,1.125060013269004,121.1604837134374,67.28731745081727
34987,034987,1859.746969636308,1859.746969636308,1914.204755444865,1914.204755444865,2.009231466004983,-0.002970823641278691,-1.5646779031491849,0.02956119474784027,-1.5405950950370737,1.136123277061316,120.581700743319,67.21490441580156
35015,035015,1863.741408936456,1863.741408936456,1907.013643152467,1907.013643152467,2.00447886760607,-0.01270781496313672,-1.5188653261385996,0.01643271269900077,-1.5727766151929443,1.102109518675779,120.9702880538638,67.1682674453265
35043,035043,1863.334264630649,1863.334264630649,1907.62696303471,1907.62696303471,2.015970272322051,0.008957195838649488,-1.5225925316185862,0.015377765957622191,-1.5681989866297787,1.131092790341723,121.100845132532,67.24295811544353
35072,035072,1863.741408936456,1863.741408936456,1907.013643152467,1907.013643152467,2.00447886760607,-0.01270781496313672,-1.5188653261385996,0.01643271269900077,-1.5727766151929443,1.102109518675779,120.9702880538638,67.1682674453265
35125,035125,1859.746969636308,1859.746969636308,1914.204755444865,1914.204755444865,2.009231466004983,-0.002970823641278691,-1.56293139392435,0.02955107472663299,-1.5440339176877833,1.136123277061316,120.581700743319,67.21490441580156
35138,035138,1842.404839758716,1842.404839758716,1934.754952608012,1934.754952608012,2.047493806442693,0.01132193851634119,-1.5412444667550063,0.030238908236011552,-1.5662469692397305,1.128173733560131,121.8558717032652,67.74032599935602
35149,035149,1863.741408936456,1863.741408936456,1907.013643152467,1907.013643152467,2.00447886760607,-0.01270781496313672,-1.5188653261385996,0.01643271269900077,-1.5727766151929443,1.102109518675779,120.9702880538638,67.1682674453265
35155,035155,1859.746969636308,1859.746969636308,1914.204755444865,1914.204755444865,2.009231466004983,-0.002970823641278691,-1.56293139392435,0.02955107472663299,-1.5440339176877833,1.136123277061316,120.581700743319,67.21490441580156
35181,035181,1863.741408936456,1863.741408936456,1907.013643152467,1907.013643152467,2.00447886760607,-0.01270781496313672,-1.5188653261385996,0.01643271269900077,-1.5727766151929443,1.102109518675779,120.9702880538638,67.1682674453265
35198,035198,1866.254649589019,1866.254649589019,1919.254029415608,1919.254029415608,2.023073685447837,-0.001729120249509546,-1.5676468490155226,0.013682329143988894,-1.5651048237980518,1.129930671152837,120.0310462140434,66.95362481129119
35207,035207,1842.404839758716,1842.404839758716,1934.754952608012,1934.754952608012,2.047493806442693,0.01132193851634119,-1.5412444667550063,0.030238908236011552,-1.5662469692397305,1.128173733560131,121.8558717032652,67.74032599935602
35223,035223,1860.44342061537,1860.44342061537,1931.800446368316,1931.800446368316,2.014037351924079,-0.002481086856738699,-1.5657787946070796,0.024763195053972537,-1.5905180797729668,1.128847994220851,121.0847164834004,67.28639589561944
35224,035224,1863.741408936456,1863.741408936456,1907.013643152467,1907.013643152467,2.005329759075146,-0.003650044106571175,-1.5887481757638633,-0.014656299128578557,-1.575956084520097,1.11944171485232,120.9702880538638,67.1682674453265
35235,035235,1857.34965296426,1857.34965296426,1917.924623722001,1917.924623722001,2.015306616523902,0.0004902130710700773,-1.5922332470746603,-0.014668153580254308,-1.5759355608146708,1.125060013269004,121.1604837134374,67.28731745081727
35258,035258,1858.597086427252,1858.597086427252,1924.42584741907,1924.42584741907,2.029652670668384,0.006069991084438096,-1.551672000605969,0.04206165324630392,-1.5795655590792688,1.133153905263153,121.4569399168275,67.46593912807965
35259,035259,1863.741408936456,1863.741408936456,1907.013643152467,1907.013643152467,2.005329759075146,-0.003650044106571175,-1.5887481757638633,-0.014656299128578557,-1.575956084520097,1.11944171485232,120.9702880538638,67.1682674453265
35265,035265,1842.404839758716,1842.404839758716,1934.754952608012,1934.754952608012,2.047493806442693,0.01132193851634119,-1.5412444667550063,0.030238908236011552,-1.5662469692397305,1.128173733560131,121.8558717032652,67.74032599935602
35267,035267,1859.746969636308,1859.746969636308,1914.204755444865,1914.204755444865,2.009231466004983,-0.002970823641278691,-1.5629319833589455,0.02952976018188684,-1.5422887360998494,1.136123277061316,120.581700743319,67.21490441580156
35273,035273,1880.974214387733,1880.974214387733,1915.779220181504,1915.779220181504,1.977851236897697,-0.006727592148754134,-1.5713373051013404,-0.016291966292714507,-1.5688222502099622,1.100166968750412,119.4299449008713,66.58945770112874
35274,035274,1842.404839758716,1842.404839758716,1934.754952608012,1934.754952608012,2.047493806442693,0.01132193851634119,-1.5412444667550063,0.030238908236011552,-1.5662469692397305,1.128173733560131,121.8558717032652,67.74032599935602
35276,035276,1846.470459745119,1846.470459745119,1934.237294246353,1934.237294246353,2.053116246097614,0.007127191254660563,-1.5532465545489462,0.04239655825563713,-1.585496144359086,1.126073558516028,121.8482000805993,67.76262613512169
35282,035282,1880.974214387733,1880.974214387733,1915.779220181504,1915.779220181504,1.977851236897697,-0.006727592148754134,-1.569591747497633,-0.01629538688615913,-1.5688506905097992,1.100166968750412,119.4299449008713,66.58945770112874
35296,035296,1880.974214387733,1880.974214387733,1915.779220181504,1915.779220181504,1.977851236897697,-0.006727592148754134,-1.5713373051013404,-0.016291966292714507,-1.5688222502099622,1.100166968750412,119.4299449008713,66.58945770112874
35297,035297,1863.741408936456,1863.741408936456,1907.013643152467,1907.013643152467,2.005329759075146,-0.003650044106571175,-1.5887481757638633,-0.014656299128578557,-1.575956084520097,1.11944171485232,120.9702880538638,67.1682674453265
35321,035321,1842.404839758716,1842.404839758716,1934.754952608012,1934.754952608012,2.049676593409205,0.00840991717115261,-1.5282289359939825,0.030133228316926594,-1.5689091484340498,1.12962535674074,121.8558717032652,67.74032599935602
35330,035330,1860.44342061537,1860.44342061537,1931.800446368316,1931.800446368316,2.014037351924079,-0.002481086856738699,-1.5657787946070796,0.024763195053972537,-1.5905180797729668,1.128847994220851,121.0847164834004,67.28639589561944
35338,035338,1863.741408936456,1863.741408936456,1907.013643152467,1907.013643152467,2.005329759075146,-0.003650044106571175,-1.5887481757638633,-0.014656299128578557,-1.575956084520097,1.11944171485232,120.9702880538638,67.1682674453265
35342,035342,1866.254649589019,1866.254649589019,1919.254029415608,1919.254029415608,2.023073685447837,-0.001729120249509546,-1.569392313614426,0.013692241791982286,-1.5651287137304093,1.129930671152837,120.0310462140434,66.95362481129119
35344,035344,1842.404839758716,1842.404839758716,1934.754952608012,1934.754952608012,2.047493806442693,0.01132193851634119,-1.5412444667550063,0.030238908236011552,-1.5662469692397305,1.128173733560131,121.8558717032652,67.74032599935602
35349,035349,1846.470459745119,1846.470459745119,1934.237294246353,1934.237294246353,2.053116246097614,0.007127191254660563,-1.5532465545489462,0.04239655825563713,-1.585496144359086,1.126073558516028,121.8482000805993,67.76262613512169
35400,035400,1863.741408936456,1863.741408936456,1907.013643152467,1907.013643152467,2.00447886760607,-0.01270781496313672,-1.5188653261385996,0.01643271269900077,-1.5727766151929443,1.102109518675779,120.9702880538638,67.1682674453265
35408,035408,1866.254649589019,1866.254649589019,1919.254029415608,1919.254029415608,2.023073685447837,-0.001729120249509546,-1.569392313614426,0.013692241791982286,-1.5651287137304093,1.129930671152837,120.0310462140434,66.95362481129119
35409,035409,1880.974214387733,1880.974214387733,1915.779220181504,1915.779220181504,1.977851236897697,-0.006727592148754134,-1.5713373051013404,-0.016291966292714507,-1.5688222502099622,1.100166968750412,119.4299449008713,66.58945770112874
35410,035410,1860.564880874244,1860.564880874244,1915.277656000934,1915.277656000934,2.031375676321548,-0.004711303360378697,-1.572197634012666,7.307615744461239e-05,-1.5680679276620353,1.096924474809985,120.4121940536434,67.18210949757325
35416,035416,1859.746969636308,1859.746969636308,1914.204755444865,1914.204755444865,2.009231466004983,-0.002970823641278691,-1.5646779031491849,0.02956119474784027,-1.5405950950370737,1.136123277061316,120.581700743319,67.21490441580156
35417,035417,1857.34965296426,1857.34965296426,1917.924623722001,1917.924623722001,2.015306616523902,0.0004902130710700773,-1.5922332210785368,-0.014674245860053241,-1.5741902425771948,1.125060013269004,121.1604837134374,67.28731745081727
35424,035424,1863.741408936456,1863.741408936456,1907.013643152467,1907.013643152467,2.00447886760607,-0.01270781496313672,-1.520610887543998,0.0164292314171461,-1.5728052951803733,1.102109518675779,120.9702880538638,67.1682674453265
35433,035433,1857.34965296426,1857.34965296426,1917.924623722001,1917.924623722001,2.015306616523902,0.0004902130710700773,-1.5922332470746603,-0.014668153580254308,-1.5759355608146708,1.125060013269004,121.1604837134374,67.28731745081727
35437,035437,1842.404839758716,1842.404839758716,1934.754952608012,1934.754952608012,2.047493806442693,0.01132193851634119,-1.5412444667550063,0.030238908236011552,-1.5662469692397305,1.128173733560131,121.8558717032652,67.74032599935602
35443,035443,1842.404839758716,1842.404839758716,1934.754952608012,1934.754952608012,2.049676593409205,0.00840991717115261,-1.5282289359939825,0.030133228316926594,-1.5689091484340498,1.12962535674074,121.8558717032652,67.74032599935602
35444,035444,1863.334264630649,1863.334264630649,1907.62696303471,1907.62696303471,2.015970272322051,0.008957195838649488,-1.5225925316185862,0.015377765957622191,-1.5681989866297787,1.131092790341723,121.100845132532,67.24295811544353
35457,035457,1863.741408936456,1863.741408936456,1907.013643152467,1907.013643152467,2.005329759075146,-0.003650044106571175,-1.5887481757638633,-0.014656299128578557,-1.575956084520097,1.11944171485232,120.9702880538638,67.1682674453265
35462,035462,1859.746969636308,1859.746969636308,1914.204755444865,1914.204755444865,2.009231466004983,-0.002970823641278691,-1.5629326100062055,0.029508446697819848,-1.5405435555976825,1.136123277061316,120.581700743319,67.21490441580156
35463,035463,1863.741408936456,1863.741408936456,1907.013643152467,1907.013643152467,2.005329759075146,-0.003650044106571175,-1.5887481941415185,-0.014653253011738941,-1.5777014108444942,1.11944171485232,120.9702880538638,67.1682674453265
35468,035468,1859.746969636308,1859.746969636308,1914.204755444865,1914.204755444865,2.009231466004983,-0.002970823641278691,-1.5699128441987793,0.02975543926078322,-1.5477314577859038,1.136123277061316,120.581700743319,67.21490441580156
35469,035469,1842.404839758716,1842.404839758716,1934.754952608012,1934.754952608012,2.045975662868765,-0.002400173486311045,-1.55338857412205,0.01825416843181658,-1.577136067995388,1.130651936362605,121.8558717032652,67.74032599935602
35473,035473,1863.741408936456,1863.741408936456,1907.013643152467,1907.013643152467,2.005329759075146,-0.003650044106571175,-1.5887481757638633,-0.014656299128578557,-1.575956084520097,1.11944171485232,120.9702880538638,67.1682674453265
35478,035478,1866.254649589019,1866.254649589019,1919.254029415608,1919.254029415608,2.022382969590999,-0.003597953696000636,-1.5700586556197347,0.014603913747234055,-1.5640112962393267,1.130147879676854,120.0310462140434,66.95362481129119
35480,035480,1857.34965296426,1857.34965296426,1917.924623722001,1917.924623722001,2.015306616523902,0.0004902130710700773,-1.5922332470746603,-0.014668153580254308,-1.5759355608146708,1.125060013269004,121.1604837134374,67.28731745081727
35485,035485,1863.741408936456,1863.741408936456,1907.013643152467,1907.013643152467,2.005329759075146,-0.003650044106571175,-1.5887481757638633,-0.014656299128578557,-1.575956084520097,1.11944171485232,120.9702880538638,67.1682674453265
35490,035490,1857.34965296426,1857.34965296426,1917.924623722001,1917.924623722001,2.015306616523902,0.0004902130710700773,-1.5922332470746603,-0.014668153580254308,-1.5759355608146708,1.125060013269004,121.1604837134374,67.28731745081727
35511,035511,1842.404839758716,1842.404839758716,1934.754952608012,1934.754952608012,2.047493806442693,0.01132193851634119,-1.5412444667550063,0.030238908236011552,-1.5662469692397305,1.128173733560131,121.8558717032652,67.74032599935602
35515,035515,1866.254649589019,1866.254649589019,1919.254029415608,1919.254029415608,2.023073685447837,-0.001729120249509546,-1.5676469090071028,0.013673190861190706,-1.5633595192911118,1.129930671152837,120.0310462140434,66.95362481129119
35522,035522,1846.470459745119,1846.470459745119,1934.237294246353,1934.237294246353,2.053116246097614,0.007127191254660563,-1.5532465545489462,0.04239655825563713,-1.585496144359086,1.126073558516028,121.8482000805993,67.76262613512169
35527,035527,1880.974214387733,1880.974214387733,1915.779220181504,1915.779220181504,1.977851236897697,-0.006727592148754134,-1.5713373051013404,-0.016291966292714507,-1.5688222502099622,1.100166968750412,119.4299449008713,66.58945770112874
35557,035557,1866.254649589019,1866.254649589019,1919.254029415608,1919.254029415608,2.023073685447837,-0.001729120249509546,-1.5676469090071028,0.013673190861190706,-1.5633595192911118,1.129930671152837,120.0310462140434,66.95362481129119
35560,035560,1857.34965296426,1857.34965296426,1917.924623722001,1917.924623722001,2.015306616523902,0.0004902130710700773,-1.5922332210785368,-0.014674245860053241,-1.5741902425771948,1.125060013269004,121.1604837134374,67.28731745081727
35561,035561,1863.741408936456,1863.741408936456,1907.013643152467,1907.013643152467,2.00447886760607,-0.01270781496313672,-1.5188653261385996,0.01643271269900077,-1.5727766151929443,1.102109518675779,120.9702880538638,67.1682674453265
35579,035579,1866.254649589019,1866.254649589019,1919.254029415608,1919.254029415608,2.023073685447837,-0.001729120249509546,-1.5676468490155226,0.013682329143988894,-1.5651048237980518,1.129930671152837,120.0310462140434,66.95362481129119
35580,035580,1859.746969636308,1859.746969636308,1914.204755444865,1914.204755444865,2.009231466004983,-0.002970823641278691,-1.5646779031491849,0.02956119474784027,-1.5405950950370737,1.136123277061316,120.581700743319,67.21490441580156
35582,035582,1866.254649589019,1866.254649589019,1919.254029415608,1919.254029415608,2.022382969590999,-0.003597953696000636,-1.5700586556197347,0.014603913747234055,-1.5640112962393267,1.130147879676854,120.0310462140434,66.95362481129119
35602,035602,1880.974214387733,1880.974214387733,1915.779220181504,1915.779220181504,1.977851236897697,-0.006727592148754134,-1.569591747497633,-0.01629538688615913,-1.5688506905097992,1.100166968750412,119.4299449008713,66.58945770112874
35622,035622,1842.404839758716,1842.404839758716,1934.754952608012,1934.754952608012,2.047493806442693,0.01132193851634119,-1.5412444667550063,0.030238908236011552,-1.5662469692397305,1.128173733560131,121.8558717032652,67.74032599935602
35661,035661,1857.479804288565,1857.479804288565,1922.888630990956,1922.888630990956,2.004635553476707,0.005137445956362164,-1.558016415459667,-0.0031506953783180715,-1.5647864995029954,1.146133774946981,120.7571865009013,67.36403230763489
35675,035675,1863.741408936456,1863.741408936456,1907.013643152467,1907.013643152467,2.00447886760607,-0.01270781496313672,-1.5188653261385996,0.01643271269900077,-1.5727766151929443,1.102109518675779,120.9702880538638,67.1682674453265
35690,035690,1857.34965296426,1857.34965296426,1917.924623722001,1917.924623722001,2.015306616523902,0.0004902130710700773,-1.5922332470746603,-0.014668153580254308,-1.5759355608146708,1.125060013269004,121.1604837134374,67.28731745081727
35707,035707,1859.746969636308,1859.746969636308,1914.204755444865,1914.204755444865,2.009231466004983,-0.002970823641278691,-1.5629319833589455,0.02952976018188684,-1.5422887360998494,1.136123277061316,120.581700743319,67.21490441580156
35710,035710,1858.597086427252,1858.597086427252,1924.42584741907,1924.42584741907,2.029652670668384,0.006069991084438096,-1.5481785083094486,0.042104190812269744,-1.5829092444598964,1.133153905263153,121.4569399168275,67.46593912807965
35733,035733,1860.44342061537,1860.44342061537,1931.800446368316,1931.800446368316,2.014037351924079,-0.002481086856738699,-1.5657787946070796,0.024763195053972537,-1.5905180797729668,1.128847994220851,121.0847164834004,67.28639589561944
35734,035734,1857.34965296426,1857.34965296426,1917.924623722001,1917.924623722001,2.015306616523902,0.0004902130710700773,-1.5904877533289208,-0.014659161626945269,-1.5759611552265513,1.125060013269004,121.1604837134374,67.28731745081727
35739,035739,1880.974214387733,1880.974214387733,1915.779220181504,1915.779220181504,1.977851236897697,-0.006727592148754134,-1.569591747497633,-0.01629538688615913,-1.5688506905097992,1.100166968750412,119.4299449008713,66.58945770112874
35744,035744,1857.34965296426,1857.34965296426,1917.924623722001,1917.924623722001,2.015306616523902,0.0004902130710700773,-1.5922332470746603,-0.014668153580254308,-1.5759355608146708,1.125060013269004,121.1604837134374,67.28731745081727
35752,035752,1859.746969636308,1859.746969636308,1914.204755444865,1914.204755444865,2.009231466004983,-0.002970823641278691,-1.5646779031491849,0.02956119474784027,-1.5405950950370737,1.136123277061316,120.581700743319,67.21490441580156
35761,035761,1866.254649589019,1866.254649589019,1919.254029415608,1919.254029415608,2.023073685447837,-0.001729120249509546,-1.5676469090071028,0.013673190861190706,-1.5633595192911118,1.129930671152837,120.0310462140434,66.95362481129119
35764,035764,1860.44342061537,1860.44342061537,1931.800446368316,1931.800446368316,2.015408304393497,-0.0003830991732733452,-1.5666469810877037,0.024691876202095925,-1.593157160429589,1.13414802111517,121.0847164834004,67.28639589561944
35767,035767,1857.34965296426,1857.34965296426,1917.924623722001,1917.924623722001,2.015306616523902,0.0004902130710700773,-1.5922332470746603,-0.014668153580254308,-1.5759355608146708,1.125060013269004,121.1604837134374,67.28731745081727
35771,035771,1863.741408936456,1863.741408936456,1907.013643152467,1907.013643152467,2.005329759075146,-0.003650044106571175,-1.5887481757638633,-0.014656299128578557,-1.575956084520097,1.11944171485232,120.9702880538638,67.1682674453265
35773,035773,1858.597086427252,1858.597086427252,1924.42584741907,1924.42584741907,2.029652670668384,0.006069991084438096,-1.551672000605969,0.04206165324630392,-1.5795655590792688,1.133153905263153,121.4569399168275,67.46593912807965
35774,035774,1859.746969636308,1859.746969636308,1914.204755444865,1914.204755444865,2.009231466004983,-0.002970823641278691,-1.56293139392435,0.02955107472663299,-1.5440339176877833,1.136123277061316,120.581700743319,67.21490441580156
35779,035779,1857.479804288565,1857.479804288565,1922.888630990956,1922.888630990956,2.004635553476707,0.005137445956362164,-1.5597618795873682,-0.003158477826857827,-1.5595450533859074,1.146133774946981,120.7571865009013,67.36403230763489
35829,035829,1880.974214387733,1880.974214387733,1915.779220181504,1915.779220181504,1.977851236897697,-0.006727592148754134,-1.569591747497633,-0.01629538688615913,-1.5688506905097992,1.100166968750412,119.4299449008713,66.58945770112874
35830,035830,1880.974214387733,1880.974214387733,1915.779220181504,1915.779220181504,1.977851236897697,-0.006727592148754134,-1.569591747497633,-0.01629538688615913,-1.5688506905097992,1.100166968750412,119.4299449008713,66.58945770112874
35839,035839,1847.919204237398,1847.919204237398,1921.263788490785,1921.263788490785,2.044438354629837,-0.006856317126254376,-1.5601564303701785,0.017940294738900124,-1.5414667740539971,1.124371377834915,121.2376221304691,67.59771650670672
35854,035854,1859.746969636308,1859.746969636308,1914.204755444865,1914.204755444865,2.009231466004983,-0.002970823641278691,-1.5699128441987793,0.02975543926078322,-1.5477314577859038,1.136123277061316,120.581700743319,67.21490441580156
35858,035858,1859.746969636308,1859.746969636308,1914.204755444865,1914.204755444865,2.009231466004983,-0.002970823641278691,-1.5629319833589455,0.02952976018188684,-1.5422887360998494,1.136123277061316,120.581700743319,67.21490441580156
35859,035859,1859.746969636308,1859.746969636308,1914.204755444865,1914.204755444865,2.009231466004983,-0.002970823641278691,-1.56293139392435,0.02955107472663299,-1.5440339176877833,1.136123277061316,120.581700743319,67.21490441580156
35860,035860,1842.404839758716,1842.404839758716,1934.754952608012,1934.754952608012,2.047493806442693,0.01132193851634119,-1.5412444667550063,0.030238908236011552,-1.5662469692397305,1.128173733560131,121.8558717032652,67.74032599935602
35866,035866,1863.741408936456,1863.741408936456,1907.013643152467,1907.013643152467,2.005329759075146,-0.003650044106571175,-1.5887481757638633,-0.014656299128578557,-1.575956084520097,1.11944171485232,120.9702880538638,67.1682674453265
35868,035868,1866.254649589019,1866.254649589019,1919.254029415608,1919.254029415608,2.023073685447837,-0.001729120249509546,-1.5676469090071028,0.013673190861190706,-1.5633595192911118,1.129930671152837,120.0310462140434,66.95362481129119
35880,035880,1857.479804288565,1857.479804288565,1922.888630990956,1922.888630990956,2.004635553476707,0.005137445956362164,-1.5510357394219714,-0.003256540141911394,-1.5595730426885313,1.146133774946981,120.7571865009013,67.36403230763489
35881,035881,1863.741408936456,1863.741408936456,1907.013643152467,1907.013643152467,2.00447886760607,-0.01270781496313672,-1.520610887543998,0.0164292314171461,-1.5728052951803733,1.102109518675779,120.9702880538638,67.1682674453265
35890,035890,1857.34965296426,1857.34965296426,1917.924623722001,1917.924623722001,2.015306616523902,0.0004902130710700773,-1.5904877533289208,-0.014659161626945269,-1.5759611552265513,1.125060013269004,121.1604837134374,67.28731745081727
35900,035900,1863.741408936456,1863.741408936456,1907.013643152467,1907.013643152467,2.00447886760607,-0.01270781496313672,-1.520610887543998,0.0164292314171461,-1.5728052951803733,1.102109518675779,120.9702880538638,67.1682674453265
35901,035901,1857.479804288565,1857.479804288565,1922.888630990956,1922.888630990956,2.004635553476707,0.005137445956362164,-1.558016415459667,-0.0031506953783180715,-1.5647864995029954,1.146133774946981,120.7571865009013,67.36403230763489
35913,035913,1842.404839758716,1842.404839758716,1934.754952608012,1934.754952608012,2.049676593409205,0.00840991717115261,-1.5282289359939825,0.030133228316926594,-1.5689091484340498,1.12962535674074,121.8558717032652,67.74032599935602
35927,035927,1866.254649589019,1866.254649589019,1919.254029415608,1919.254029415608,2.023073685447837,-0.001729120249509546,-1.569392313614426,0.013692241791982286,-1.5651287137304093,1.129930671152837,120.0310462140434,66.95362481129119
35944,035944,1863.741408936456,1863.741408936456,1907.013643152467,1907.013643152467,2.00447886760607,-0.01270781496313672,-1.5188653261385996,0.01643271269900077,-1.5727766151929443,1.102109518675779,120.9702880538638,67.1682674453265
35945,035945,1857.34965296426,1857.34965296426,1917.924623722001,1917.924623722001,2.015306616523902,0.0004902130710700773,-1.5922332470746603,-0.014668153580254308,-1.5759355608146708,1.125060013269004,121.1604837134374,67.28731745081727
35949,035949,1863.741408936456,1863.741408936456,1907.013643152467,1907.013643152467,2.005329759075146,-0.003650044106571175,-1.5887481757638633,-0.014656299128578557,-1.575956084520097,1.11944171485232,120.9702880538638,67.1682674453265
35951,035951,1866.254649589019,1866.254649589019,1919.254029415608,1919.254029415608,2.023073685447837,-0.001729120249509546,-1.569392313614426,0.013692241791982286,-1.5651287137304093,1.129930671152837,120.0310462140434,66.95362481129119
35975,035975,1842.404839758716,1842.404839758716,1934.754952608012,1934.754952608012,2.047493806442693,0.01132193851634119,-1.5412444667550063,0.030238908236011552,-1.5662469692397305,1.128173733560131,121.8558717032652,67.74032599935602
36006,036006,1857.34965296426,1857.34965296426,1917.924623722001,1917.924623722001,2.015306616523902,0.0004902130710700773,-1.5922332210785368,-0.014674245860053241,-1.5741902425771948,1.125060013269004,121.1604837134374,67.28731745081727
36031,036031,1880.974214387733,1880.974214387733,1915.779220181504,1915.779220181504,1.977851236897697,-0.006727592148754134,-1.5695917278837737,-0.016277110187861606,-1.570595924383754,1.100166968750412,119.4299449008713,66.58945770112874
36032,036032,1863.741408936456,1863.741408936456,1907.013643152467,1907.013643152467,2.00447886760607,-0.01270781496313672,-1.5188653261385996,0.01643271269900077,-1.5727766151929443,1.102109518675779,120.9702880538638,67.1682674453265
36048,036048,1857.479804288565,1857.479804288565,1922.888630990956,1922.888630990956,2.004635553476707,0.005137445956362164,-1.558016415459667,-0.0031506953783180715,-1.5647864995029954,1.146133774946981,120.7571865009013,67.36403230763489
36049,036049,1857.479804288565,1857.479804288565,1922.888630990956,1922.888630990956,2.004635553476707,0.005137445956362164,-1.558016415459667,-0.0031506953783180715,-1.5647864995029954,1.146133774946981,120.7571865009013,67.36403230763489
36063,036063,1866.254649589019,1866.254649589019,1919.254029415608,1919.254029415608,2.023073685447837,-0.001729120249509546,-1.5676469090071028,0.013673190861190706,-1.5633595192911118,1.129930671152837,120.0310462140434,66.95362481129119
36073,036073,1866.254649589019,1866.254649589019,1919.254029415608,1919.254029415608,2.023073685447837,-0.001729120249509546,-1.5676469090071028,0.013673190861190706,-1.5633595192911118,1.129930671152837,120.0310462140434,66.95362481129119
36079,036079,1860.443420615371,1860.443420615371,1931.800446368315,1931.800446368315,2.016210867155312,0.0001263485651636461,-1.5684221483524354,0.024766250201922593,-1.586589786710662,1.133407726288963,121.0847164834004,67.28639589561945
36080,036080,1857.34965296426,1857.34965296426,1917.924623722001,1917.924623722001,2.015306616523902,0.0004902130710700773,-1.5992152520022311,-0.014697582001379522,-1.57408770834131,1.125060013269004,121.1604837134374,67.28731745081727
36109,036109,1859.746969636308,1859.746969636308,1914.204755444865,1914.204755444865,2.009231466004983,-0.002970823641278691,-1.5629319833589455,0.02952976018188684,-1.5422887360998494,1.136123277061316,120.581700743319,67.21490441580156
36116,036116,1859.746969636308,1859.746969636308,1914.204755444865,1914.204755444865,2.009231466004983,-0.002970823641278691,-1.5629319833589455,0.02952976018188684,-1.5422887360998494,1.136123277061316,120.581700743319,67.21490441580156
36119,036119,1842.404839758716,1842.404839758716,1934.754952608012,1934.754952608012,2.047493806442693,0.01132193851634119,-1.5412444667550063,0.030238908236011552,-1.5662469692397305,1.128173733560131,121.8558717032652,67.74032599935602
36130,036130,1863.741408936456,1863.741408936456,1907.013643152467,1907.013643152467,2.005329759075146,-0.003650044106571175,-1.5887481757638633,-0.014656299128578557,-1.575956084520097,1.11944171485232,120.9702880538638,67.1682674453265
36152,036152,1842.404839758716,1842.404839758716,1934.754952608012,1934.754952608012,2.049676593409205,0.00840991717115261,-1.5282289359939825,0.030133228316926594,-1.5689091484340498,1.12962535674074,121.8558717032652,67.74032599935602
36182,036182,1860.44342061537,1860.44342061537,1931.800446368316,1931.800446368316,2.014037351924079,-0.002481086856738699,-1.5657787946070796,0.024763195053972537,-1.5905180797729668,1.128847994220851,121.0847164834004,67.28639589561944
36192,036192,1860.44342061537,1860.44342061537,1931.800446368316,1931.800446368316,2.014037351924079,-0.002481086856738699,-1.5657787946070796,0.024763195053972537,-1.5905180797729668,1.128847994220851,121.0847164834004,67.28639589561944
36197,036197,1842.404839758716,1842.404839758716,1934.754952608012,1934.754952608012,2.047493806442693,0.01132193851634119,-1.5412444667550063,0.030238908236011552,-1.5662469692397305,1.128173733560131,121.8558717032652,67.74032599935602
36202,036202,1863.741408936456,1863.741408936456,1907.013643152467,1907.013643152467,2.00447886760607,-0.01270781496313672,-1.5188653261385996,0.01643271269900077,-1.5727766151929443,1.102109518675779,120.9702880538638,67.1682674453265
36203,036203,1857.34965296426,1857.34965296426,1917.924623722001,1917.924623722001,2.015306616523902,0.0004902130710700773,-1.5922332470746603,-0.014668153580254308,-1.5759355608146708,1.125060013269004,121.1604837134374,67.28731745081727
36207,036207,1863.741408936456,1863.741408936456,1907.013643152467,1907.013643152467,2.005329759075146,-0.003650044106571175,-1.5887481757638633,-0.014656299128578557,-1.575956084520097,1.11944171485232,120.9702880538638,67.1682674453265
36223,036223,1842.404839758716,1842.404839758716,1934.754952608012,1934.754952608012,2.047493806442693,0.01132193851634119,-1.5412444667550063,0.030238908236011552,-1.5662469692397305,1.128173733560131,121.8558717032652,67.74032599935602
36226,036226,1857.34965296426,1857.34965296426,1917.924623722001,1917.924623722001,2.015306616523902,0.0004902130710700773,-1.5922332470746603,-0.014668153580254308,-1.5759355608146708,1.125060013269004,121.1604837134374,67.28731745081727
36231,036231,1863.741408936456,1863.741408936456,1907.013643152467,1907.013643152467,2.00447886760607,-0.01270781496313672,-1.5188653261385996,0.01643271269900077,-1.5727766151929443,1.102109518675779,120.9702880538638,67.1682674453265
36253,036253,1863.741408936456,1863.741408936456,1907.013643152467,1907.013643152467,2.00447886760607,-0.01270781496313672,-1.520610887543998,0.0164292314171461,-1.5728052951803733,1.102109518675779,120.9702880538638,67.1682674453265
36283,036283,1863.741408936456,1863.741408936456,1907.013643152467,1907.013643152467,2.00447886760607,-0.01270781496313672,-1.520610887543998,0.0164292314171461,-1.5728052951803733,1.102109518675779,120.9702880538638,67.1682674453265
36304,036304,1858.597086427252,1858.597086427252,1924.42584741907,1924.42584741907,2.029652670668384,0.006069991084438096,-1.5481785083094486,0.042104190812269744,-1.5829092444598964,1.133153905263153,121.4569399168275,67.46593912807965
36311,036311,1860.44342061537,1860.44342061537,1931.800446368316,1931.800446368316,2.014037351924079,-0.002481086856738699,-1.5657787946070796,0.024763195053972537,-1.5905180797729668,1.128847994220851,121.0847164834004,67.28639589561944
36312,036312,1858.597086427252,1858.597086427252,1924.42584741907,1924.42584741907,2.029652670668384,0.006069991084438096,-1.5481785083094486,0.042104190812269744,-1.5829092444598964,1.133153905263153,121.4569399168275,67.46593912807965
36326,036326,1863.741408936456,1863.741408936456,1907.013643152467,1907.013643152467,2.005329759075146,-0.003650044106571175,-1.5887481941415185,-0.014653253011738941,-1.5777014108444942,1.11944171485232,120.9702880538638,67.1682674453265
36349,036349,1846.470459745119,1846.470459745119,1934.237294246353,1934.237294246353,2.053116246097614,0.007127191254660563,-1.5532465545489462,0.04239655825563713,-1.585496144359086,1.126073558516028,121.8482000805993,67.76262613512169
36358,036358,1863.741408936456,1863.741408936456,1907.013643152467,1907.013643152467,2.005329759075146,-0.003650044106571175,-1.5887481757638633,-0.014656299128578557,-1.575956084520097,1.11944171485232,120.9702880538638,67.1682674453265
36361,036361,1842.404839758716,1842.404839758716,1934.754952608012,1934.754952608012,2.047493806442693,0.01132193851634119,-1.5412444667550063,0.030238908236011552,-1.5662469692397305,1.128173733560131,121.8558717032652,67.74032599935602
36364,036364,1857.34965296426,1857.34965296426,1917.924623722001,1917.924623722001,2.015306616523902,0.0004902130710700773,-1.5922332470746603,-0.014668153580254308,-1.5759355608146708,1.125060013269004,121.1604837134374,67.28731745081727
36366,036366,1863.741408936456,1863.741408936456,1907.013643152467,1907.013643152467,2.005329759075146,-0.003650044106571175,-1.5887481757638633,-0.014656299128578557,-1.575956084520097,1.11944171485232,120.9702880538638,67.1682674453265
36377,036377,1857.479804288565,1857.479804288565,1922.888630990956,1922.888630990956,2.004635553476707,0.005137445956362164,-1.558016415459667,-0.0031506953783180715,-1.5647864995029954,1.146133774946981,120.7571865009013,67.36403230763489
36387,036387,1866.254649589019,1866.254649589019,1919.254029415608,1919.254029415608,2.023073685447837,-0.001729120249509546,-1.5676469090071028,0.013673190861190706,-1.5633595192911118,1.129930671152837,120.0310462140434,66.95362481129119
36389,036389,1857.34965296426,1857.34965296426,1917.924623722001,1917.924623722001,2.015306616523902,0.0004902130710700773,-1.5922332470746603,-0.014668153580254308,-1.5759355608146708,1.125060013269004,121.1604837134374,67.28731745081727
36403,036403,1863.741408936456,1863.741408936456,1907.013643152467,1907.013643152467,2.00447886760607,-0.01270781496313672,-1.520610887543998,0.0164292314171461,-1.5728052951803733,1.102109518675779,120.9702880538638,67.1682674453265
36407,036407,1859.746969636308,1859.746969636308,1914.204755444865,1914.204755444865,2.009231466004983,-0.002970823641278691,-1.5629319833589455,0.02952976018188684,-1.5422887360998494,1.136123277061316,120.581700743319,67.21490441580156
36410,036410,1857.34965296426,1857.34965296426,1917.924623722001,1917.924623722001,2.015306616523902,0.0004902130710700773,-1.5922332210785368,-0.014674245860053241,-1.5741902425771948,1.125060013269004,121.1604837134374,67.28731745081727
36418,036418,1842.404839758716,1842.404839758716,1934.754952608012,1934.754952608012,2.047493806442693,0.01132193851634119,-1.5412444667550063,0.030238908236011552,-1.5662469692397305,1.128173733560131,121.8558717032652,67.74032599935602
36421,036421,1859.746969636308,1859.746969636308,1914.204755444865,1914.204755444865,2.009231466004983,-0.002970823641278691,-1.5646779031491849,0.02956119474784027,-1.5405950950370737,1.136123277061316,120.581700743319,67.21490441580156
36430,036430,1842.404839758716,1842.404839758716,1934.754952608012,1934.754952608012,2.047493806442693,0.01132193851634119,-1.5412444667550063,0.030238908236011552,-1.5662469692397305,1.128173733560131,121.8558717032652,67.74032599935602
36449,036449,1857.34965296426,1857.34965296426,1917.924623722001,1917.924623722001,2.015306616523902,0.0004902130710700773,-1.5904877533289208,-0.014659161626945269,-1.5759611552265513,1.125060013269004,121.1604837134374,67.28731745081727
36457,036457,1846.470459745119,1846.470459745119,1934.237294246353,1934.237294246353,2.053116246097614,0.007127191254660563,-1.5532465545489462,0.04239655825563713,-1.585496144359086,1.126073558516028,121.8482000805993,67.76262613512169
36472,036472,1863.741408936456,1863.741408936456,1907.013643152467,1907.013643152467,2.005329759075146,-0.003650044106571175,-1.5887481757638633,-0.014656299128578557,-1.575956084520097,1.11944171485232,120.9702880538638,67.1682674453265
36474,036474,1858.597086427252,1858.597086427252,1924.42584741907,1924.42584741907,2.029652670668384,0.006069991084438096,-1.5481785083094486,0.042104190812269744,-1.5829092444598964,1.133153905263153,121.4569399168275,67.46593912807965
36475,036475,1860.564880874244,1860.564880874244,1915.277656000934,1915.277656000934,2.031375676321548,-0.004711303360378697,-1.572197634012666,7.307615744461239e-05,-1.5680679276620353,1.096924474809985,120.4121940536434,67.18210949757325
36480,036480,1857.479804288565,1857.479804288565,1922.888630990956,1922.888630990956,2.004635553476707,0.005137445956362164,-1.558016415459667,-0.0031506953783180715,-1.5647864995029954,1.146133774946981,120.7571865009013,67.36403230763489
36501,036501,1846.470459745119,1846.470459745119,1934.237294246353,1934.237294246353,2.053116246097614,0.007127191254660563,-1.5532465545489462,0.04239655825563713,-1.585496144359086,1.126073558516028,121.8482000805993,67.76262613512169
36502,036502,1863.741408936456,1863.741408936456,1907.013643152467,1907.013643152467,2.005329759075146,-0.003650044106571175,-1.5887481941415185,-0.014653253011738941,-1.5777014108444942,1.11944171485232,120.9702880538638,67.1682674453265
36504,036504,1880.974214387733,1880.974214387733,1915.779220181504,1915.779220181504,1.977851236897697,-0.006727592148754134,-1.569591747497633,-0.01629538688615913,-1.5688506905097992,1.100166968750412,119.4299449008713,66.58945770112874
36537,036537,1866.254649589019,1866.254649589019,1919.254029415608,1919.254029415608,2.023073685447837,-0.001729120249509546,-1.569392313614426,0.013692241791982286,-1.5651287137304093,1.129930671152837,120.0310462140434,66.95362481129119
36546,036546,1857.34965296426,1857.34965296426,1917.924623722001,1917.924623722001,2.015306616523902,0.0004902130710700773,-1.5922332470746603,-0.014668153580254308,-1.5759355608146708,1.125060013269004,121.1604837134374,67.28731745081727
36562,036562,1857.34965296426,1857.34965296426,1917.924623722001,1917.924623722001,2.015306616523902,0.0004902130710700773,-1.5922332210785368,-0.014674245860053241,-1.5741902425771948,1.125060013269004,121.1604837134374,67.28731745081727
36568,036568,1860.44342061537,1860.44342061537,1931.800446368316,1931.800446368316,2.014037351924079,-0.002481086856738699,-1.5657787946070796,0.024763195053972537,-1.5905180797729668,1.128847994220851,121.0847164834004,67.28639589561944
36569,036569,1880.974214387733,1880.974214387733,1915.779220181504,1915.779220181504,1.977851236897697,-0.006727592148754134,-1.5713373051013404,-0.016291966292714507,-1.5688222502099622,1.100166968750412,119.4299449008713,66.58945770112874
36574,036574,1842.404839758716,1842.404839758716,1934.754952608012,1934.754952608012,2.047493806442693,0.01132193851634119,-1.5412444667550063,0.030238908236011552,-1.5662469692397305,1.128173733560131,121.8558717032652,67.74032599935602
36590,036590,1842.404839758716,1842.404839758716,1934.754952608012,1934.754952608012,2.047493806442693,0.01132193851634119,-1.5412444667550063,0.030238908236011552,-1.5662469692397305,1.128173733560131,121.8558717032652,67.74032599935602
36594,036594,1842.404839758716,1842.404839758716,1934.754952608012,1934.754952608012,2.049676593409205,0.00840991717115261,-1.5282289359939825,0.030133228316926594,-1.5689091484340498,1.12962535674074,121.8558717032652,67.74032599935602
36610,036610,1863.741408936456,1863.741408936456,1907.013643152467,1907.013643152467,2.00447886760607,-0.01270781496313672,-1.5188653261385996,0.01643271269900077,-1.5727766151929443,1.102109518675779,120.9702880538638,67.1682674453265
36611,036611,1842.404839758716,1842.404839758716,1934.754952608012,1934.754952608012,2.047493806442693,0.01132193851634119,-1.5412444667550063,0.030238908236011552,-1.5662469692397305,1.128173733560131,121.8558717032652,67.74032599935602
36630,036630,1860.44342061537,1860.44342061537,1931.800446368316,1931.800446368316,2.014037351924079,-0.002481086856738699,-1.5657787946070796,0.024763195053972537,-1.5905180797729668,1.128847994220851,121.0847164834004,67.28639589561944
36638,036638,1866.254649589019,1866.254649589019,1919.254029415608,1919.254029415608,2.023073685447837,-0.001729120249509546,-1.5676469090071028,0.013673190861190706,-1.5633595192911118,1.129930671152837,120.0310462140434,66.95362481129119
36651,036651,1842.404839758716,1842.404839758716,1934.754952608012,1934.754952608012,2.047493806442693,0.01132193851634119,-1.5412444667550063,0.030238908236011552,-1.5662469692397305,1.128173733560131,121.8558717032652,67.74032599935602
36682,036682,1842.404839758716,1842.404839758716,1934.754952608012,1934.754952608012,2.047493806442693,0.01132193851634119,-1.5412444667550063,0.030238908236011552,-1.5662469692397305,1.128173733560131,121.8558717032652,67.74032599935602
36683,036683,1846.470459745119,1846.470459745119,1934.237294246353,1934.237294246353,2.053116246097614,0.007127191254660563,-1.5532465545489462,0.04239655825563713,-1.585496144359086,1.126073558516028,121.8482000805993,67.76262613512169
36685,036685,1880.974214387733,1880.974214387733,1915.779220181504,1915.779220181504,1.977851236897697,-0.006727592148754134,-1.5713373051013404,-0.016291966292714507,-1.5688222502099622,1.100166968750412,119.4299449008713,66.58945770112874
36695,036695,1847.919204237398,1847.919204237398,1921.263788490785,1921.263788490785,2.044438354629837,-0.006856317126254376,-1.56190282940682,0.01794578342158031,-1.5327716213215807,1.124371377834915,121.2376221304691,67.59771650670672
36700,036700,1863.741408936456,1863.741408936456,1907.013643152467,1907.013643152467,2.00447886760607,-0.01270781496313672,-1.5188653261385996,0.01643271269900077,-1.5727766151929443,1.102109518675779,120.9702880538638,67.1682674453265
36709,036709,1863.741408936456,1863.741408936456,1907.013643152467,1907.013643152467,2.00447886760607,-0.01270781496313672,-1.520610887543998,0.0164292314171461,-1.5728052951803733,1.102109518675779,120.9702880538638,67.1682674453265
36713,036713,1863.741408936456,1863.741408936456,1907.013643152467,1907.013643152467,2.00447886760607,-0.01270781496313672,-1.5188653261385996,0.01643271269900077,-1.5727766151929443,1.102109518675779,120.9702880538638,67.1682674453265
36714,036714,1857.479804288565,1857.479804288565,1922.888630990956,1922.888630990956,2.004635553476707,0.005137445956362164,-1.5510357394219714,-0.003256540141911394,-1.5595730426885313,1.146133774946981,120.7571865009013,67.36403230763489
36717,036717,1866.254649589019,1866.254649589019,1919.254029415608,1919.254029415608,2.023073685447837,-0.001729120249509546,-1.569392313614426,0.013692241791982286,-1.5651287137304093,1.129930671152837,120.0310462140434,66.95362481129119
36723,036723,1842.404839758716,1842.404839758716,1934.754952608012,1934.754952608012,2.049676593409205,0.00840991717115261,-1.5282289359939825,0.030133228316926594,-1.5689091484340498,1.12962535674074,121.8558717032652,67.74032599935602
36731,036731,1846.470459745119,1846.470459745119,1934.237294246353,1934.237294246353,2.053116246097614,0.007127191254660563,-1.5532465545489462,0.04239655825563713,-1.585496144359086,1.126073558516028,121.8482000805993,67.76262613512169
36749,036749,1842.404839758716,1842.404839758716,1934.754952608012,1934.754952608012,2.047493806442693,0.01132193851634119,-1.5412444667550063,0.030238908236011552,-1.5662469692397305,1.128173733560131,121.8558717032652,67.74032599935602
36756,036756,1866.254649589019,1866.254649589019,1919.254029415608,1919.254029415608,2.023073685447837,-0.001729120249509546,-1.5676469090071028,0.013673190861190706,-1.5633595192911118,1.129930671152837,120.0310462140434,66.95362481129119
36772,036772,1846.470459745119,1846.470459745119,1934.237294246353,1934.237294246353,2.053116246097614,0.007127191254660563,-1.5532465545489462,0.04239655825563713,-1.585496144359086,1.126073558516028,121.8482000805993,67.76262613512169
36773,036773,1863.741408936456,1863.741408936456,1907.013643152467,1907.013643152467,2.00447886760607,-0.01270781496313672,-1.5188653261385996,0.01643271269900077,-1.5727766151929443,1.102109518675779,120.9702880538638,67.1682674453265
36775,036775,1842.404839758716,1842.404839758716,1934.754952608012,1934.754952608012,2.047493806442693,0.01132193851634119,-1.5412444667550063,0.030238908236011552,-1.5662469692397305,1.128173733560131,121.8558717032652,67.74032599935602
36783,036783,1842.404839758716,1842.404839758716,1934.754952608012,1934.754952608012,2.047493806442693,0.01132193851634119,-1.5412444667550063,0.030238908236011552,-1.5662469692397305,1.128173733560131,121.8558717032652,67.74032599935602
36788,036788,1863.741408936456,1863.741408936456,1907.013643152467,1907.013643152467,2.005329759075146,-0.003650044106571175,-1.5887481757638633,-0.014656299128578557,-1.575956084520097,1.11944171485232,120.9702880538638,67.1682674453265
36802,036802,1857.34965296426,1857.34965296426,1917.924623722001,1917.924623722001,2.015306616523902,0.0004902130710700773,-1.5922332210785368,-0.014674245860053241,-1.5741902425771948,1.125060013269004,121.1604837134374,67.28731745081727
36806,036806,1863.741408936456,1863.741408936456,1907.013643152467,1907.013643152467,2.005329759075146,-0.003650044106571175,-1.5887481941415185,-0.014653253011738941,-1.5777014108444942,1.11944171485232,120.9702880538638,67.1682674453265
36808,036808,1846.470459745119,1846.470459745119,1934.237294246353,1934.237294246353,2.053116246097614,0.007127191254660563,-1.5532465545489462,0.04239655825563713,-1.585496144359086,1.126073558516028,121.8482000805993,67.76262613512169
36817,036817,1842.404839758716,1842.404839758716,1934.754952608012,1934.754952608012,2.047493806442693,0.01132193851634119,-1.5412444667550063,0.030238908236011552,-1.5662469692397305,1.128173733560131,121.8558717032652,67.74032599935602
36836,036836,1842.404839758716,1842.404839758716,1934.754952608012,1934.754952608012,2.049676593409205,0.00840991717115261,-1.5282289359939825,0.030133228316926594,-1.5689091484340498,1.12962535674074,121.8558717032652,67.74032599935602
36845,036845,1866.254649589019,1866.254649589019,1919.254029415608,1919.254029415608,2.023073685447837,-0.001729120249509546,-1.5676469090071028,0.013673190861190706,-1.5633595192911118,1.129930671152837,120.0310462140434,66.95362481129119
36847,036847,1842.404839758716,1842.404839758716,1934.754952608012,1934.754952608012,2.047493806442693,0.01132193851634119,-1.5412444667550063,0.030238908236011552,-1.5662469692397305,1.128173733560131,121.8558717032652,67.74032599935602
36848,036848,1866.254649589019,1866.254649589019,1919.254029415608,1919.254029415608,2.023073685447837,-0.001729120249509546,-1.569392313614426,0.013692241791982286,-1.5651287137304093,1.129930671152837,120.0310462140434,66.95362481129119
36853,036853,1842.404839758716,1842.404839758716,1934.754952608012,1934.754952608012,2.047493806442693,0.01132193851634119,-1.5412444667550063,0.030238908236011552,-1.5662469692397305,1.128173733560131,121.8558717032652,67.74032599935602
36857,036857,1842.404839758716,1842.404839758716,1934.754952608012,1934.754952608012,2.047493806442693,0.01132193851634119,-1.5412444667550063,0.030238908236011552,-1.5662469692397305,1.128173733560131,121.8558717032652,67.74032599935602
36865,036865,1857.34965296426,1857.34965296426,1917.924623722001,1917.924623722001,2.015306616523902,0.0004902130710700773,-1.5922332470746603,-0.014668153580254308,-1.5759355608146708,1.125060013269004,121.1604837134374,67.28731745081727
36868,036868,1866.254649589019,1866.254649589019,1919.254029415608,1919.254029415608,2.023073685447837,-0.001729120249509546,-1.569392313614426,0.013692241791982286,-1.5651287137304093,1.129930671152837,120.0310462140434,66.95362481129119
36877,036877,1851.83618357446,1851.83618357446,1915.259734665388,1915.259734665388,2.0339196102626,-0.005694530419066602,-1.5703684390774342,0.027499540588047384,-1.537127204656696,1.130775474183994,121.1021209397552,67.48494915545704
36900,036900,1857.479804288565,1857.479804288565,1922.888630990956,1922.888630990956,2.004635553476707,0.005137445956362164,-1.558016415459667,-0.0031506953783180715,-1.5647864995029954,1.146133774946981,120.7571865009013,67.36403230763489
36901,036901,1863.741408936456,1863.741408936456,1907.013643152467,1907.013643152467,2.00447886760607,-0.01270781496313672,-1.5188653261385996,0.01643271269900077,-1.5727766151929443,1.102109518675779,120.9702880538638,67.1682674453265
36909,036909,1859.746969636308,1859.746969636308,1914.204755444865,1914.204755444865,2.009231466004983,-0.002970823641278691,-1.5646779031491849,0.02956119474784027,-1.5405950950370737,1.136123277061316,120.581700743319,67.21490441580156
36912,036912,1860.44342061537,1860.44342061537,1931.800446368316,1931.800446368316,2.014037351924079,-0.002481086856738699,-1.5657787946070796,0.024763195053972537,-1.5905180797729668,1.128847994220851,121.0847164834004,67.28639589561944
36921,036921,1859.746969636308,1859.746969636308,1914.204755444865,1914.204755444865,2.009231466004983,-0.002970823641278691,-1.5646779031491849,0.02956119474784027,-1.5405950950370737,1.136123277061316,120.581700743319,67.21490441580156
36924,036924,1842.404839758716,1842.404839758716,1934.754952608012,1934.754952608012,2.047493806442693,0.01132193851634119,-1.5412444667550063,0.030238908236011552,-1.5662469692397305,1.128173733560131,121.8558717032652,67.74032599935602
36930,036930,1858.597086427252,1858.597086427252,1924.42584741907,1924.42584741907,2.029652670668384,0.006069991084438096,-1.5481785083094486,0.042104190812269744,-1.5829092444598964,1.133153905263153,121.4569399168275,67.46593912807965
36938,036938,1863.741408936456,1863.741408936456,1907.013643152467,1907.013643152467,2.005329759075146,-0.003650044106571175,-1.5887481757638633,-0.014656299128578557,-1.575956084520097,1.11944171485232,120.9702880538638,67.1682674453265
36959,036959,1846.470459745119,1846.470459745119,1934.237294246353,1934.237294246353,2.053116246097614,0.007127191254660563,-1.5532465545489462,0.04239655825563713,-1.585496144359086,1.126073558516028,121.8482000805993,67.76262613512169
36964,036964,1863.741408936456,1863.741408936456,1907.013643152467,1907.013643152467,2.00447886760607,-0.01270781496313672,-1.5188653261385996,0.01643271269900077,-1.5727766151929443,1.102109518675779,120.9702880538638,67.1682674453265
36965,036965,1863.741408936456,1863.741408936456,1907.013643152467,1907.013643152467,2.00447886760607,-0.01270781496313672,-1.5188653261385996,0.01643271269900077,-1.5727766151929443,1.102109518675779,120.9702880538638,67.1682674453265
36989,036989,1842.404839758716,1842.404839758716,1934.754952608012,1934.754952608012,2.047493806442693,0.01132193851634119,-1.5412444667550063,0.030238908236011552,-1.5662469692397305,1.128173733560131,121.8558717032652,67.74032599935602
37001,037001,1842.404839758716,1842.404839758716,1934.754952608012,1934.754952608012,2.047493806442693,0.01132193851634119,-1.5412444667550063,0.030238908236011552,-1.5662469692397305,1.128173733560131,121.8558717032652,67.74032599935602
37002,037002,1842.404839758716,1842.404839758716,1934.754952608012,1934.754952608012,2.047493806442693,0.01132193851634119,-1.5412444667550063,0.030238908236011552,-1.5662469692397305,1.128173733560131,121.8558717032652,67.74032599935602
37014,037014,1857.479804288565,1857.479804288565,1922.888630990956,1922.888630990956,2.004635553476707,0.005137445956362164,-1.558016415459667,-0.0031506953783180715,-1.5647864995029954,1.146133774946981,120.7571865009013,67.36403230763489
37034,037034,1863.741408936456,1863.741408936456,1907.013643152467,1907.013643152467,2.005329759075146,-0.003650044106571175,-1.5887481757638633,-0.014656299128578557,-1.575956084520097,1.11944171485232,120.9702880538638,67.1682674453265
37045,037045,1857.34965296426,1857.34965296426,1917.924623722001,1917.924623722001,2.015306616523902,0.0004902130710700773,-1.5922332470746603,-0.014668153580254308,-1.5759355608146708,1.125060013269004,121.1604837134374,67.28731745081727
37062,037062,1857.479804288565,1857.479804288565,1922.888630990956,1922.888630990956,2.004635553476707,0.005137445956362164,-1.5510357394219714,-0.003256540141911394,-1.5595730426885313,1.146133774946981,120.7571865009013,67.36403230763489
37066,037066,1866.254649589019,1866.254649589019,1919.254029415608,1919.254029415608,2.023073685447837,-0.001729120249509546,-1.569392313614426,0.013692241791982286,-1.5651287137304093,1.129930671152837,120.0310462140434,66.95362481129119
37069,037069,1859.746969636308,1859.746969636308,1914.204755444865,1914.204755444865,2.009231466004983,-0.002970823641278691,-1.5646779031491849,0.02956119474784027,-1.5405950950370737,1.136123277061316,120.581700743319,67.21490441580156
37071,037071,1859.633325720178,1859.633325720178,1926.337015754446,1926.337015754446,1.997003502293789,0.007118608021303436,-1.562053316939799,-0.0026782797467728068,-1.572611359293595,1.144582618675452,120.6792689337453,67.26448936786939
37080,037080,1863.741408936456,1863.741408936456,1907.013643152467,1907.013643152467,2.005329759075146,-0.003650044106571175,-1.5887481941415185,-0.014653253011738941,-1.5777014108444942,1.11944171485232,120.9702880538638,67.1682674453265
37087,037087,1863.741408936456,1863.741408936456,1907.013643152467,1907.013643152467,2.00447886760607,-0.01270781496313672,-1.5188653261385996,0.01643271269900077,-1.5727766151929443,1.102109518675779,120.9702880538638,67.1682674453265
37096,037096,1860.44342061537,1860.44342061537,1931.800446368316,1931.800446368316,2.014037351924079,-0.002481086856738699,-1.5657787946070796,0.024763195053972537,-1.5905180797729668,1.128847994220851,121.0847164834004,67.28639589561944
37099,037099,1842.404839758716,1842.404839758716,1934.754952608012,1934.754952608012,2.047493806442693,0.01132193851634119,-1.5412444667550063,0.030238908236011552,-1.5662469692397305,1.128173733560131,121.8558717032652,67.74032599935602
37100,037100,1842.404839758716,1842.404839758716,1934.754952608012,1934.754952608012,2.047493806442693,0.01132193851634119,-1.5412444667550063,0.030238908236011552,-1.5662469692397305,1.128173733560131,121.8558717032652,67.74032599935602
37106,037106,1857.34965296426,1857.34965296426,1917.924623722001,1917.924623722001,2.015306616523902,0.0004902130710700773,-1.5922332470746603,-0.014668153580254308,-1.5759355608146708,1.125060013269004,121.1604837134374,67.28731745081727
37107,037107,1863.741408936456,1863.741408936456,1907.013643152467,1907.013643152467,2.005329759075146,-0.003650044106571175,-1.5887481757638633,-0.014656299128578557,-1.575956084520097,1.11944171485232,120.9702880538638,67.1682674453265
37128,037128,1857.479804288565,1857.479804288565,1922.888630990956,1922.888630990956,2.004635553476707,0.005137445956362164,-1.558016415459667,-0.0031506953783180715,-1.5647864995029954,1.146133774946981,120.7571865009013,67.36403230763489
37133,037133,1857.34965296426,1857.34965296426,1917.924623722001,1917.924623722001,2.015306616523902,0.0004902130710700773,-1.5904877533289208,-0.014659161626945269,-1.5759611552265513,1.125060013269004,121.1604837134374,67.28731745081727
37134,037134,1846.470459745119,1846.470459745119,1934.237294246353,1934.237294246353,2.053116246097614,0.007127191254660563,-1.5532465545489462,0.04239655825563713,-1.585496144359086,1.126073558516028,121.8482000805993,67.76262613512169
37150,037150,1851.83618357446,1851.83618357446,1915.259734665388,1915.259734665388,2.0339196102626,-0.005694530419066602,-1.5616421383934505,0.027247358437297614,-1.5403789480908323,1.130775474183994,121.1021209397552,67.48494915545704
37163,037163,1857.479804288565,1857.479804288565,1922.888630990956,1922.888630990956,2.004635553476707,0.005137445956362164,-1.558016415459667,-0.0031506953783180715,-1.5647864995029954,1.146133774946981,120.7571865009013,67.36403230763489
37172,037172,1857.479804288565,1857.479804288565,1922.888630990956,1922.888630990956,2.004635553476707,0.005137445956362164,-1.558016415459667,-0.0031506953783180715,-1.5647864995029954,1.146133774946981,120.7571865009013,67.36403230763489
37209,037209,1866.254649589019,1866.254649589019,1919.254029415608,1919.254029415608,2.023073685447837,-0.001729120249509546,-1.569392313614426,0.013692241791982286,-1.5651287137304093,1.129930671152837,120.0310462140434,66.95362481129119
37247,037247,1863.741408936456,1863.741408936456,1907.013643152467,1907.013643152467,2.005329759075146,-0.003650044106571175,-1.5887481941415185,-0.014653253011738941,-1.5777014108444942,1.11944171485232,120.9702880538638,67.1682674453265
37249,037249,1863.741408936456,1863.741408936456,1907.013643152467,1907.013643152467,2.00447886760607,-0.01270781496313672,-1.5188653261385996,0.01643271269900077,-1.5727766151929443,1.102109518675779,120.9702880538638,67.1682674453265
37255,037255,1857.479804288565,1857.479804288565,1922.888630990956,1922.888630990956,2.004635553476707,0.005137445956362164,-1.558016415459667,-0.0031506953783180715,-1.5647864995029954,1.146133774946981,120.7571865009013,67.36403230763489
37264,037264,1880.974214387733,1880.974214387733,1915.779220181504,1915.779220181504,1.977851236897697,-0.006727592148754134,-1.569591747497633,-0.01629538688615913,-1.5688506905097992,1.100166968750412,119.4299449008713,66.58945770112874
37287,037287,1857.479804288565,1857.479804288565,1922.888630990956,1922.888630990956,2.004635553476707,0.005137445956362164,-1.5510357394219714,-0.003256540141911394,-1.5595730426885313,1.146133774946981,120.7571865009013,67.36403230763489
37308,037308,1880.974214387733,1880.974214387733,1915.779220181504,1915.779220181504,1.977851236897697,-0.006727592148754134,-1.5713373051013404,-0.016291966292714507,-1.5688222502099622,1.100166968750412,119.4299449008713,66.58945770112874
37314,037314,1842.404839758716,1842.404839758716,1934.754952608012,1934.754952608012,2.049676593409205,0.00840991717115261,-1.5282289359939825,0.030133228316926594,-1.5689091484340498,1.12962535674074,121.8558717032652,67.74032599935602
37333,037333,1863.741408936456,1863.741408936456,1907.013643152467,1907.013643152467,2.005329759075146,-0.003650044106571175,-1.5887481757638633,-0.014656299128578557,-1.575956084520097,1.11944171485232,120.9702880538638,67.1682674453265
37353,037353,1842.404839758716,1842.404839758716,1934.754952608012,1934.754952608012,2.045975662868765,-0.002400173486311045,-1.55338857412205,0.01825416843181658,-1.577136067995388,1.130651936362605,121.8558717032652,67.74032599935602
37380,037380,1851.83618357446,1851.83618357446,1915.259734665388,1915.259734665388,2.0339196102626,-0.005694530419066602,-1.5616421383934505,0.027247358437297614,-1.5403789480908323,1.130775474183994,121.1021209397552,67.48494915545704
37381,037381,1857.479804288565,1857.479804288565,1922.888630990956,1922.888630990956,2.004635553476707,0.005137445956362164,-1.558016415459667,-0.0031506953783180715,-1.5647864995029954,1.146133774946981,120.7571865009013,67.36403230763489
37383,037383,1842.404839758716,1842.404839758716,1934.754952608012,1934.754952608012,2.047493806442693,0.01132193851634119,-1.5412444667550063,0.030238908236011552,-1.5662469692397305,1.128173733560131,121.8558717032652,67.74032599935602
37391,037391,1857.479804288565,1857.479804288565,1922.888630990956,1922.888630990956,2.004635553476707,0.005137445956362164,-1.558016415459667,-0.0031506953783180715,-1.5647864995029954,1.146133774946981,120.7571865009013,67.36403230763489
37395,037395,1842.404839758716,1842.404839758716,1934.754952608012,1934.754952608012,2.047493806442693,0.01132193851634119,-1.5412444667550063,0.030238908236011552,-1.5662469692397305,1.128173733560131,121.8558717032652,67.74032599935602
37412,037412,1858.597086427252,1858.597086427252,1924.42584741907,1924.42584741907,2.029652670668384,0.006069991084438096,-1.5481785083094486,0.042104190812269744,-1.5829092444598964,1.133153905263153,121.4569399168275,67.46593912807965
37414,037414,1842.404839758716,1842.404839758716,1934.754952608012,1934.754952608012,2.047493806442693,0.01132193851634119,-1.5412444667550063,0.030238908236011552,-1.5662469692397305,1.128173733560131,121.8558717032652,67.74032599935602
37421,037421,1880.974214387733,1880.974214387733,1915.779220181504,1915.779220181504,1.977851236897697,-0.006727592148754134,-1.569591747497633,-0.01629538688615913,-1.5688506905097992,1.100166968750412,119.4299449008713,66.58945770112874
37424,037424,1859.746969636308,1859.746969636308,1914.204755444865,1914.204755444865,2.009231466004983,-0.002970823641278691,-1.5629319833589455,0.02952976018188684,-1.5422887360998494,1.136123277061316,120.581700743319,67.21490441580156
37431,037431,1863.741408936456,1863.741408936456,1907.013643152467,1907.013643152467,2.00447886760607,-0.01270781496313672,-1.5188653261385996,0.01643271269900077,-1.5727766151929443,1.102109518675779,120.9702880538638,67.1682674453265
37443,037443,1842.404839758716,1842.404839758716,1934.754952608012,1934.754952608012,2.047493806442693,0.01132193851634119,-1.5412444667550063,0.030238908236011552,-1.5662469692397305,1.128173733560131,121.8558717032652,67.74032599935602
37444,037444,1842.404839758716,1842.404839758716,1934.754952608012,1934.754952608012,2.047493806442693,0.01132193851634119,-1.5412444667550063,0.030238908236011552,-1.5662469692397305,1.128173733560131,121.8558717032652,67.74032599935602
37477,037477,1858.597086427252,1858.597086427252,1924.42584741907,1924.42584741907,2.029652670668384,0.006069991084438096,-1.5481785083094486,0.042104190812269744,-1.5829092444598964,1.133153905263153,121.4569399168275,67.46593912807965
37487,037487,1863.741408936456,1863.741408936456,1907.013643152467,1907.013643152467,2.00447886760607,-0.01270781496313672,-1.5188653261385996,0.01643271269900077,-1.5727766151929443,1.102109518675779,120.9702880538638,67.1682674453265
37508,037508,1857.479804288565,1857.479804288565,1922.888630990956,1922.888630990956,2.004635553476707,0.005137445956362164,-1.5510357394219714,-0.003256540141911394,-1.5595730426885313,1.146133774946981,120.7571865009013,67.36403230763489
37525,037525,1857.34965296426,1857.34965296426,1917.924623722001,1917.924623722001,2.015306616523902,0.0004902130710700773,-1.5922332470746603,-0.014668153580254308,-1.5759355608146708,1.125060013269004,121.1604837134374,67.28731745081727
37535,037535,1842.404839758716,1842.404839758716,1934.754952608012,1934.754952608012,2.047493806442693,0.01132193851634119,-1.5412444667550063,0.030238908236011552,-1.5662469692397305,1.128173733560131,121.8558717032652,67.74032599935602
37550,037550,1863.741408936456,1863.741408936456,1907.013643152467,1907.013643152467,2.00447886760607,-0.01270781496313672,-1.520610887543998,0.0164292314171461,-1.5728052951803733,1.102109518675779,120.9702880538638,67.1682674453265
37566,037566,1857.34965296426,1857.34965296426,1917.924623722001,1917.924623722001,2.015306616523902,0.0004902130710700773,-1.5922332470746603,-0.014668153580254308,-1.5759355608146708,1.125060013269004,121.1604837134374,67.28731745081727
37577,037577,1880.974214387733,1880.974214387733,1915.779220181504,1915.779220181504,1.977851236897697,-0.006727592148754134,-1.5713373051013404,-0.016291966292714507,-1.5688222502099622,1.100166968750412,119.4299449008713,66.58945770112874
37580,037580,1842.404839758716,1842.404839758716,1934.754952608012,1934.754952608012,2.049676593409205,0.00840991717115261,-1.5282289359939825,0.030133228316926594,-1.5689091484340498,1.12962535674074,121.8558717032652,67.74032599935602
37587,037587,1860.44342061537,1860.44342061537,1931.800446368316,1931.800446368316,2.014037351924079,-0.002481086856738699,-1.5657787946070796,0.024763195053972537,-1.5905180797729668,1.128847994220851,121.0847164834004,67.28639589561944
37589,037589,1863.741408936456,1863.741408936456,1907.013643152467,1907.013643152467,2.005329759075146,-0.003650044106571175,-1.5887481941415185,-0.014653253011738941,-1.5777014108444942,1.11944171485232,120.9702880538638,67.1682674453265
37614,037614,1842.404839758716,1842.404839758716,1934.754952608012,1934.754952608012,2.049676593409205,0.00840991717115261,-1.5282289359939825,0.030133228316926594,-1.5689091484340498,1.12962535674074,121.8558717032652,67.74032599935602
37616,037616,1858.597086427252,1858.597086427252,1924.42584741907,1924.42584741907,2.029652670668384,0.006069991084438096,-1.5481785083094486,0.042104190812269744,-1.5829092444598964,1.133153905263153,121.4569399168275,67.46593912807965
37647,037647,1842.404839758716,1842.404839758716,1934.754952608012,1934.754952608012,2.047493806442693,0.01132193851634119,-1.5412444667550063,0.030238908236011552,-1.5662469692397305,1.128173733560131,121.8558717032652,67.74032599935602
37650,037650,1859.746969636308,1859.746969636308,1914.204755444865,1914.204755444865,2.009231466004983,-0.002970823641278691,-1.5629326100062055,0.029508446697819848,-1.5405435555976825,1.136123277061316,120.581700743319,67.21490441580156
37666,037666,1863.741408936456,1863.741408936456,1907.013643152467,1907.013643152467,2.00447886760607,-0.01270781496313672,-1.5188653261385996,0.01643271269900077,-1.5727766151929443,1.102109518675779,120.9702880538638,67.1682674453265
37695,037695,1842.404839758716,1842.404839758716,1934.754952608012,1934.754952608012,2.049676593409205,0.00840991717115261,-1.5282289359939825,0.030133228316926594,-1.5689091484340498,1.12962535674074,121.8558717032652,67.74032599935602
37716,037716,1857.479804288565,1857.479804288565,1922.888630990956,1922.888630990956,2.004635553476707,0.005137445956362164,-1.5597618795873682,-0.003158477826857827,-1.5595450533859074,1.146133774946981,120.7571865009013,67.36403230763489
37718,037718,1847.919204237398,1847.919204237398,1921.263788490785,1921.263788490785,2.044438354629837,-0.006856317126254376,-1.560158957252722,0.017867231154737557,-1.5309950989703125,1.124371377834915,121.2376221304691,67.59771650670672
37735,037735,1842.404839758716,1842.404839758716,1934.754952608012,1934.754952608012,2.047493806442693,0.01132193851634119,-1.5412444667550063,0.030238908236011552,-1.5662469692397305,1.128173733560131,121.8558717032652,67.74032599935602
37771,037771,1866.254649589019,1866.254649589019,1919.254029415608,1919.254029415608,2.022382969590999,-0.003597953696000636,-1.5700586556197347,0.014603913747234055,-1.5640112962393267,1.130147879676854,120.0310462140434,66.95362481129119
37773,037773,1866.254649589019,1866.254649589019,1919.254029415608,1919.254029415608,2.023073685447837,-0.001729120249509546,-1.5676469090071028,0.013673190861190706,-1.5633595192911118,1.129930671152837,120.0310462140434,66.95362481129119
37795,037795,1863.741408936456,1863.741408936456,1907.013643152467,1907.013643152467,2.005329759075146,-0.003650044106571175,-1.5887481757638633,-0.014656299128578557,-1.575956084520097,1.11944171485232,120.9702880538638,67.1682674453265
37797,037797,1865.601863955799,1865.601863955799,1928.857328627447,1928.857328627447,2.001821056922886,0.007634072428357207,-1.5622044920282512,0.00025225417731760286,-1.5803754455393095,1.138603587390257,120.3479639363886,67.08908981397964
37823,037823,1859.746969636308,1859.746969636308,1914.204755444865,1914.204755444865,2.009231466004983,-0.002970823641278691,-1.5629319833589455,0.02952976018188684,-1.5422887360998494,1.136123277061316,120.581700743319,67.21490441580156
37856,037856,1859.746969636308,1859.746969636308,1914.204755444865,1914.204755444865,2.009231466004983,-0.002970823641278691,-1.56293139392435,0.02955107472663299,-1.5440339176877833,1.136123277061316,120.581700743319,67.21490441580156
37858,037858,1842.404839758716,1842.404839758716,1934.754952608012,1934.754952608012,2.049676593409205,0.00840991717115261,-1.5282289359939825,0.030133228316926594,-1.5689091484340498,1.12962535674074,121.8558717032652,67.74032599935602
37866,037866,1847.919204237398,1847.919204237398,1921.263788490785,1921.263788490785,2.044438354629837,-0.006856317126254376,-1.5601557581409167,0.017964654651584994,-1.5449573354257424,1.124371377834915,121.2376221304691,67.59771650670672
37877,037877,1842.404839758716,1842.404839758716,1934.754952608012,1934.754952608012,2.049676593409205,0.00840991717115261,-1.5282289359939825,0.030133228316926594,-1.5689091484340498,1.12962535674074,121.8558717032652,67.74032599935602
37879,037879,1842.404839758716,1842.404839758716,1934.754952608012,1934.754952608012,2.047493806442693,0.01132193851634119,-1.5412444667550063,0.030238908236011552,-1.5662469692397305,1.128173733560131,121.8558717032652,67.74032599935602
37888,037888,1880.974214387733,1880.974214387733,1915.779220181504,1915.779220181504,1.977851236897697,-0.006727592148754134,-1.5713373051013404,-0.016291966292714507,-1.5688222502099622,1.100166968750412,119.4299449008713,66.58945770112874
37894,037894,1859.746969636308,1859.746969636308,1914.204755444865,1914.204755444865,2.009231466004983,-0.002970823641278691,-1.5646779031491849,0.02956119474784027,-1.5405950950370737,1.136123277061316,120.581700743319,67.21490441580156
37932,037932,1857.479804288565,1857.479804288565,1922.888630990956,1922.888630990956,2.004635553476707,0.005137445956362164,-1.558016415459667,-0.0031506953783180715,-1.5647864995029954,1.146133774946981,120.7571865009013,67.36403230763489
37960,037960,1859.746969636308,1859.746969636308,1914.204755444865,1914.204755444865,2.009231466004983,-0.002970823641278691,-1.5629319833589455,0.02952976018188684,-1.5422887360998494,1.136123277061316,120.581700743319,67.21490441580156
37963,037963,1860.44342061537,1860.44342061537,1931.800446368316,1931.800446368316,2.014037351924079,-0.002481086856738699,-1.5657787946070796,0.024763195053972537,-1.5905180797729668,1.128847994220851,121.0847164834004,67.28639589561944
37964,037964,1859.746969636308,1859.746969636308,1914.204755444865,1914.204755444865,2.009231466004983,-0.002970823641278691,-1.5699128441987793,0.02975543926078322,-1.5477314577859038,1.136123277061316,120.581700743319,67.21490441580156
37991,037991,1859.746969636308,1859.746969636308,1914.204755444865,1914.204755444865,2.009231466004983,-0.002970823641278691,-1.5629319833589455,0.02952976018188684,-1.5422887360998494,1.136123277061316,120.581700743319,67.21490441580156
37993,037993,1863.741408936456,1863.741408936456,1907.013643152467,1907.013643152467,2.00447886760607,-0.01270781496313672,-1.5188653261385996,0.01643271269900077,-1.5727766151929443,1.102109518675779,120.9702880538638,67.1682674453265
38000,038000,1866.254649589019,1866.254649589019,1919.254029415608,1919.254029415608,2.023073685447837,-0.001729120249509546,-1.5676468490155226,0.013682329143988894,-1.5651048237980518,1.129930671152837,120.0310462140434,66.95362481129119
38001,038001,1859.746969636308,1859.746969636308,1914.204755444865,1914.204755444865,2.009231466004983,-0.002970823641278691,-1.5699128441987793,0.02975543926078322,-1.5477314577859038,1.136123277061316,120.581700743319,67.21490441580156
38013,038013,1857.34965296426,1857.34965296426,1917.924623722001,1917.924623722001,2.015306616523902,0.0004902130710700773,-1.5922332210785368,-0.014674245860053241,-1.5741902425771948,1.125060013269004,121.1604837134374,67.28731745081727
38041,038041,1863.741408936456,1863.741408936456,1907.013643152467,1907.013643152467,2.005329759075146,-0.003650044106571175,-1.5887481757638633,-0.014656299128578557,-1.575956084520097,1.11944171485232,120.9702880538638,67.1682674453265
38043,038043,1857.34965296426,1857.34965296426,1917.924623722001,1917.924623722001,2.015306616523902,0.0004902130710700773,-1.5922332470746603,-0.014668153580254308,-1.5759355608146708,1.125060013269004,121.1604837134374,67.28731745081727
38045,038045,1866.254649589019,1866.254649589019,1919.254029415608,1919.254029415608,2.023073685447837,-0.001729120249509546,-1.5676469090071028,0.013673190861190706,-1.5633595192911118,1.129930671152837,120.0310462140434,66.95362481129119
38048,038048,1863.741408936456,1863.741408936456,1907.013643152467,1907.013643152467,2.005329759075146,-0.003650044106571175,-1.5887481941415185,-0.014653253011738941,-1.5777014108444942,1.11944171485232,120.9702880538638,67.1682674453265
38080,038080,1857.34965296426,1857.34965296426,1917.924623722001,1917.924623722001,2.015306616523902,0.0004902130710700773,-1.5922332470746603,-0.014668153580254308,-1.5759355608146708,1.125060013269004,121.1604837134374,67.28731745081727
38091,038091,1857.34965296426,1857.34965296426,1917.924623722001,1917.924623722001,2.015306616523902,0.0004902130710700773,-1.5922332210785368,-0.014674245860053241,-1.5741902425771948,1.125060013269004,121.1604837134374,67.28731745081727
38092,038092,1863.741408936456,1863.741408936456,1907.013643152467,1907.013643152467,2.00447886760607,-0.01270781496313672,-1.5188653261385996,0.01643271269900077,-1.5727766151929443,1.102109518675779,120.9702880538638,67.1682674453265
38093,038093,1842.404839758716,1842.404839758716,1934.754952608012,1934.754952608012,2.047493806442693,0.01132193851634119,-1.5412444667550063,0.030238908236011552,-1.5662469692397305,1.128173733560131,121.8558717032652,67.74032599935602
38126,038126,1842.404839758716,1842.404839758716,1934.754952608012,1934.754952608012,2.047493806442693,0.01132193851634119,-1.5412444667550063,0.030238908236011552,-1.5662469692397305,1.128173733560131,121.8558717032652,67.74032599935602
38139,038139,1847.919204237398,1847.919204237398,1921.263788490785,1921.263788490785,2.044438354629837,-0.006856317126254376,-1.5601564303701785,0.017940294738900124,-1.5414667740539971,1.124371377834915,121.2376221304691,67.59771650670672
38147,038147,1863.741408936456,1863.741408936456,1907.013643152467,1907.013643152467,2.005329759075146,-0.003650044106571175,-1.5887481941415185,-0.014653253011738941,-1.5777014108444942,1.11944171485232,120.9702880538638,67.1682674453265
38163,038163,1863.741408936456,1863.741408936456,1907.013643152467,1907.013643152467,2.00447886760607,-0.01270781496313672,-1.520610887543998,0.0164292314171461,-1.5728052951803733,1.102109518675779,120.9702880538638,67.1682674453265
38180,038180,1842.404839758716,1842.404839758716,1934.754952608012,1934.754952608012,2.049676593409205,0.00840991717115261,-1.5282289359939825,0.030133228316926594,-1.5689091484340498,1.12962535674074,121.8558717032652,67.74032599935602
38191,038191,1865.601863955799,1865.601863955799,1928.857328627447,1928.857328627447,2.001821056922886,0.007634072428357207,-1.5622044920282512,0.00025225417731760286,-1.5803754455393095,1.138603587390257,120.3479639363886,67.08908981397964
38194,038194,1847.919204237398,1847.919204237398,1921.263788490785,1921.263788490785,2.044438354629837,-0.006856317126254376,-1.5584125200949863,0.017858638469193496,-1.5379450084759634,1.124371377834915,121.2376221304691,67.59771650670672
38199,038199,1842.404839758716,1842.404839758716,1934.754952608012,1934.754952608012,2.047493806442693,0.01132193851634119,-1.5412444667550063,0.030238908236011552,-1.5662469692397305,1.128173733560131,121.8558717032652,67.74032599935602
38203,038203,1856.671448728588,1856.671448728588,1915.746331262402,1915.746331262402,2.042682478971495,-0.005963654315013744,-1.5630537647432101,-0.013134596424033437,-1.5706754198671096,1.091214386508083,120.6802679025302,67.34400949340869
38208,038208,1866.254649589019,1866.254649589019,1919.254029415608,1919.254029415608,2.023073685447837,-0.001729120249509546,-1.569392313614426,0.013692241791982286,-1.5651287137304093,1.129930671152837,120.0310462140434,66.95362481129119
38221,038221,1866.254649589019,1866.254649589019,1919.254029415608,1919.254029415608,2.023073685447837,-0.001729120249509546,-1.5676469090071028,0.013673190861190706,-1.5633595192911118,1.129930671152837,120.0310462140434,66.95362481129119
38248,038248,1863.741408936456,1863.741408936456,1907.013643152467,1907.013643152467,2.005329759075146,-0.003650044106571175,-1.5887481757638633,-0.014656299128578557,-1.575956084520097,1.11944171485232,120.9702880538638,67.1682674453265
38263,038263,1863.741408936456,1863.741408936456,1907.013643152467,1907.013643152467,2.00447886760607,-0.01270781496313672,-1.520610887543998,0.0164292314171461,-1.5728052951803733,1.102109518675779,120.9702880538638,67.1682674453265
38270,038270,1842.404839758716,1842.404839758716,1934.754952608012,1934.754952608012,2.047493806442693,0.01132193851634119,-1.5412444667550063,0.030238908236011552,-1.5662469692397305,1.128173733560131,121.8558717032652,67.74032599935602
38286,038286,1863.741408936456,1863.741408936456,1907.013643152467,1907.013643152467,2.00447886760607,-0.01270781496313672,-1.5188653261385996,0.01643271269900077,-1.5727766151929443,1.102109518675779,120.9702880538638,67.1682674453265
38292,038292,1857.479804288565,1857.479804288565,1922.888630990956,1922.888630990956,2.004635553476707,0.005137445956362164,-1.558016415459667,-0.0031506953783180715,-1.5647864995029954,1.146133774946981,120.7571865009013,67.36403230763489
38326,038326,1866.254649589019,1866.254649589019,1919.254029415608,1919.254029415608,2.023073685447837,-0.001729120249509546,-1.5676469090071028,0.013673190861190706,-1.5633595192911118,1.129930671152837,120.0310462140434,66.95362481129119
38333,038333,1857.479804288565,1857.479804288565,1922.888630990956,1922.888630990956,2.004635553476707,0.005137445956362164,-1.5510357394219714,-0.003256540141911394,-1.5595730426885313,1.146133774946981,120.7571865009013,67.36403230763489
38336,038336,1866.254649589019,1866.254649589019,1919.254029415608,1919.254029415608,2.023073685447837,-0.001729120249509546,-1.569392313614426,0.013692241791982286,-1.5651287137304093,1.129930671152837,120.0310462140434,66.95362481129119
38342,038342,1857.479804288565,1857.479804288565,1922.888630990956,1922.888630990956,2.004635553476707,0.005137445956362164,-1.558016415459667,-0.0031506953783180715,-1.5647864995029954,1.146133774946981,120.7571865009013,67.36403230763489
38354,038354,1857.34965296426,1857.34965296426,1917.924623722001,1917.924623722001,2.015306616523902,0.0004902130710700773,-1.5922332210785368,-0.014674245860053241,-1.5741902425771948,1.125060013269004,121.1604837134374,67.28731745081727
38362,038362,1857.34965296426,1857.34965296426,1917.924623722001,1917.924623722001,2.015306616523902,0.0004902130710700773,-1.5904877533289208,-0.014659161626945269,-1.5759611552265513,1.125060013269004,121.1604837134374,67.28731745081727
38376,038376,1858.597086427252,1858.597086427252,1924.42584741907,1924.42584741907,2.029652670668384,0.006069991084438096,-1.5481785083094486,0.042104190812269744,-1.5829092444598964,1.133153905263153,121.4569399168275,67.46593912807965
38377,038377,1860.44342061537,1860.44342061537,1931.800446368316,1931.800446368316,2.015408304393497,-0.0003830991732733452,-1.5666471279812573,0.02469796677423977,-1.5966478172441692,1.13414802111517,121.0847164834004,67.28639589561944
38382,038382,1863.741408936456,1863.741408936456,1907.013643152467,1907.013643152467,2.00447886760607,-0.01270781496313672,-1.5188653261385996,0.01643271269900077,-1.5727766151929443,1.102109518675779,120.9702880538638,67.1682674453265
38399,038399,1857.479804288565,1857.479804288565,1922.888630990956,1922.888630990956,2.004635553476707,0.005137445956362164,-1.558016415459667,-0.0031506953783180715,-1.5647864995029954,1.146133774946981,120.7571865009013,67.36403230763489
38403,038403,1842.404839758716,1842.404839758716,1934.754952608012,1934.754952608012,2.049676593409205,0.00840991717115261,-1.5282289359939825,0.030133228316926594,-1.5689091484340498,1.12962535674074,121.8558717032652,67.74032599935602
38420,038420,1863.741408936456,1863.741408936456,1907.013643152467,1907.013643152467,2.00447886760607,-0.01270781496313672,-1.520610887543998,0.0164292314171461,-1.5728052951803733,1.102109518675779,120.9702880538638,67.1682674453265
38435,038435,1858.597086427252,1858.597086427252,1924.42584741907,1924.42584741907,2.029652670668384,0.006069991084438096,-1.5481785083094486,0.042104190812269744,-1.5829092444598964,1.133153905263153,121.4569399168275,67.46593912807965
38455,038455,1859.746969636308,1859.746969636308,1914.204755444865,1914.204755444865,2.009231466004983,-0.002970823641278691,-1.5646779031491849,0.02956119474784027,-1.5405950950370737,1.136123277061316,120.581700743319,67.21490441580156
38457,038457,1866.254649589019,1866.254649589019,1919.254029415608,1919.254029415608,2.023073685447837,-0.001729120249509546,-1.569392313614426,0.013692241791982286,-1.5651287137304093,1.129930671152837,120.0310462140434,66.95362481129119
38462,038462,1859.746969636308,1859.746969636308,1914.204755444865,1914.204755444865,2.009231466004983,-0.002970823641278691,-1.5699128441987793,0.02975543926078322,-1.5477314577859038,1.136123277061316,120.581700743319,67.21490441580156
38488,038488,1857.479804288565,1857.479804288565,1922.888630990956,1922.888630990956,2.004635553476707,0.005137445956362164,-1.5580163224699002,-0.003123280124826136,-1.570022415777389,1.146133774946981,120.7571865009013,67.36403230763489
38525,038525,1842.404839758716,1842.404839758716,1934.754952608012,1934.754952608012,2.047493806442693,0.01132193851634119,-1.5412444667550063,0.030238908236011552,-1.5662469692397305,1.128173733560131,121.8558717032652,67.74032599935602
38549,038549,1846.470459745119,1846.470459745119,1934.237294246353,1934.237294246353,2.053116246097614,0.007127191254660563,-1.5532465545489462,0.04239655825563713,-1.585496144359086,1.126073558516028,121.8482000805993,67.76262613512169
38551,038551,1860.44342061537,1860.44342061537,1931.800446368316,1931.800446368316,2.015408304393497,-0.0003830991732733452,-1.5666469810877037,0.024691876202095925,-1.593157160429589,1.13414802111517,121.0847164834004,67.28639589561944
38552,038552,1857.34965296426,1857.34965296426,1917.924623722001,1917.924623722001,2.015306616523902,0.0004902130710700773,-1.5922332470746603,-0.014668153580254308,-1.5759355608146708,1.125060013269004,121.1604837134374,67.28731745081727
38560,038560,1859.746969636308,1859.746969636308,1914.204755444865,1914.204755444865,2.009231466004983,-0.002970823641278691,-1.5646779031491849,0.02956119474784027,-1.5405950950370737,1.136123277061316,120.581700743319,67.21490441580156
38576,038576,1842.404839758716,1842.404839758716,1934.754952608012,1934.754952608012,2.047493806442693,0.01132193851634119,-1.5412444667550063,0.030238908236011552,-1.5662469692397305,1.128173733560131,121.8558717032652,67.74032599935602
38579,038579,1842.404839758716,1842.404839758716,1934.754952608012,1934.754952608012,2.047493806442693,0.01132193851634119,-1.5412444667550063,0.030238908236011552,-1.5662469692397305,1.128173733560131,121.8558717032652,67.74032599935602
38584,038584,1857.479804288565,1857.479804288565,1922.888630990956,1922.888630990956,2.004635553476707,0.005137445956362164,-1.558016415459667,-0.0031506953783180715,-1.5647864995029954,1.146133774946981,120.7571865009013,67.36403230763489
38612,038612,1866.254649589019,1866.254649589019,1919.254029415608,1919.254029415608,2.023073685447837,-0.001729120249509546,-1.5676469090071028,0.013673190861190706,-1.5633595192911118,1.129930671152837,120.0310462140434,66.95362481129119
38626,038626,1860.44342061537,1860.44342061537,1931.800446368316,1931.800446368316,2.014037351924079,-0.002481086856738699,-1.5657787946070796,0.024763195053972537,-1.5905180797729668,1.128847994220851,121.0847164834004,67.28639589561944
38644,038644,1863.334264630649,1863.334264630649,1907.62696303471,1907.62696303471,2.015970272322051,0.008957195838649488,-1.5225925316185862,0.015377765957622191,-1.5681989866297787,1.131092790341723,121.100845132532,67.24295811544353
38657,038657,1863.741408936456,1863.741408936456,1907.013643152467,1907.013643152467,2.00447886760607,-0.01270781496313672,-1.5188653261385996,0.01643271269900077,-1.5727766151929443,1.102109518675779,120.9702880538638,67.1682674453265
38661,038661,1866.254649589019,1866.254649589019,1919.254029415608,1919.254029415608,2.023073685447837,-0.001729120249509546,-1.5676469090071028,0.013673190861190706,-1.5633595192911118,1.129930671152837,120.0310462140434,66.95362481129119
38663,038663,1863.741408936456,1863.741408936456,1907.013643152467,1907.013643152467,2.005329759075146,-0.003650044106571175,-1.5887481941415185,-0.014653253011738941,-1.5777014108444942,1.11944171485232,120.9702880538638,67.1682674453265
38670,038670,1857.34965296426,1857.34965296426,1917.924623722001,1917.924623722001,2.015306616523902,0.0004902130710700773,-1.5922332470746603,-0.014668153580254308,-1.5759355608146708,1.125060013269004,121.1604837134374,67.28731745081727
38681,038681,1860.44342061537,1860.44342061537,1931.800446368316,1931.800446368316,2.014037351924079,-0.002481086856738699,-1.5657787946070796,0.024763195053972537,-1.5905180797729668,1.128847994220851,121.0847164834004,67.28639589561944
38684,038684,1863.741408936456,1863.741408936456,1907.013643152467,1907.013643152467,2.005329759075146,-0.003650044106571175,-1.5887481757638633,-0.014656299128578557,-1.575956084520097,1.11944171485232,120.9702880538638,67.1682674453265
38692,038692,1860.44342061537,1860.44342061537,1931.800446368316,1931.800446368316,2.014037351924079,-0.002481086856738699,-1.5657787946070796,0.024763195053972537,-1.5905180797729668,1.128847994220851,121.0847164834004,67.28639589561944
38697,038697,1842.404839758716,1842.404839758716,1934.754952608012,1934.754952608012,2.049676593409205,0.00840991717115261,-1.5282289359939825,0.030133228316926594,-1.5689091484340498,1.12962535674074,121.8558717032652,67.74032599935602
38702,038702,1858.597086427252,1858.597086427252,1924.42584741907,1924.42584741907,2.029652670668384,0.006069991084438096,-1.5481785083094486,0.042104190812269744,-1.5829092444598964,1.133153905263153,121.4569399168275,67.46593912807965
38718,038718,1863.741408936456,1863.741408936456,1907.013643152467,1907.013643152467,2.005329759075146,-0.003650044106571175,-1.5887481757638633,-0.014656299128578557,-1.575956084520097,1.11944171485232,120.9702880538638,67.1682674453265
38720,038720,1863.741408936456,1863.741408936456,1907.013643152467,1907.013643152467,2.005329759075146,-0.003650044106571175,-1.5887481757638633,-0.014656299128578557,-1.575956084520097,1.11944171485232,120.9702880538638,67.1682674453265
38729,038729,1857.34965296426,1857.34965296426,1917.924623722001,1917.924623722001,2.015306616523902,0.0004902130710700773,-1.5922332470746603,-0.014668153580254308,-1.5759355608146708,1.125060013269004,121.1604837134374,67.28731745081727
38730,038730,1863.741408936456,1863.741408936456,1907.013643152467,1907.013643152467,2.005329759075146,-0.003650044106571175,-1.5887481941415185,-0.014653253011738941,-1.5777014108444942,1.11944171485232,120.9702880538638,67.1682674453265
38736,038736,1842.404839758716,1842.404839758716,1934.754952608012,1934.754952608012,2.047493806442693,0.01132193851634119,-1.5412444667550063,0.030238908236011552,-1.5662469692397305,1.128173733560131,121.8558717032652,67.74032599935602
38746,038746,1857.479804288565,1857.479804288565,1922.888630990956,1922.888630990956,2.004635553476707,0.005137445956362164,-1.558016415459667,-0.0031506953783180715,-1.5647864995029954,1.146133774946981,120.7571865009013,67.36403230763489
38753,038753,1863.741408936456,1863.741408936456,1907.013643152467,1907.013643152467,2.00447886760607,-0.01270781496313672,-1.5188653261385996,0.01643271269900077,-1.5727766151929443,1.102109518675779,120.9702880538638,67.1682674453265
38771,038771,1857.34965296426,1857.34965296426,1917.924623722001,1917.924623722001,2.015306616523902,0.0004902130710700773,-1.5922332470746603,-0.014668153580254308,-1.5759355608146708,1.125060013269004,121.1604837134374,67.28731745081727
38772,038772,1863.741408936456,1863.741408936456,1907.013643152467,1907.013643152467,2.00447886760607,-0.01270781496313672,-1.520610887543998,0.0164292314171461,-1.5728052951803733,1.102109518675779,120.9702880538638,67.1682674453265
38780,038780,1842.404839758716,1842.404839758716,1934.754952608012,1934.754952608012,2.049676593409205,0.00840991717115261,-1.5282289359939825,0.030133228316926594,-1.5689091484340498,1.12962535674074,121.8558717032652,67.74032599935602
38784,038784,1857.34965296426,1857.34965296426,1917.924623722001,1917.924623722001,2.015306616523902,0.0004902130710700773,-1.5922332470746603,-0.014668153580254308,-1.5759355608146708,1.125060013269004,121.1604837134374,67.28731745081727
38786,038786,1863.741408936456,1863.741408936456,1907.013643152467,1907.013643152467,2.00447886760607,-0.01270781496313672,-1.5188653261385996,0.01643271269900077,-1.5727766151929443,1.102109518675779,120.9702880538638,67.1682674453265
38791,038791,1842.404839758716,1842.404839758716,1934.754952608012,1934.754952608012,2.049676593409205,0.00840991717115261,-1.5282289359939825,0.030133228316926594,-1.5689091484340498,1.12962535674074,121.8558717032652,67.74032599935602
38796,038796,1866.254649589019,1866.254649589019,1919.254029415608,1919.254029415608,2.023073685447837,-0.001729120249509546,-1.569392313614426,0.013692241791982286,-1.5651287137304093,1.129930671152837,120.0310462140434,66.95362481129119
38804,038804,1860.44342061537,1860.44342061537,1931.800446368316,1931.800446368316,2.014037351924079,-0.002481086856738699,-1.5657787946070796,0.024763195053972537,-1.5905180797729668,1.128847994220851,121.0847164834004,67.28639589561944
38811,038811,1859.746969636308,1859.746969636308,1914.204755444865,1914.204755444865,2.009231466004983,-0.002970823641278691,-1.5629319833589455,0.02952976018188684,-1.5422887360998494,1.136123277061316,120.581700743319,67.21490441580156
38816,038816,1859.746969636308,1859.746969636308,1914.204755444865,1914.204755444865,2.009231466004983,-0.002970823641278691,-1.56293139392435,0.02955107472663299,-1.5440339176877833,1.136123277061316,120.581700743319,67.21490441580156
38822,038822,1857.34965296426,1857.34965296426,1917.924623722001,1917.924623722001,2.015306616523902,0.0004902130710700773,-1.5922332470746603,-0.014668153580254308,-1.5759355608146708,1.125060013269004,121.1604837134374,67.28731745081727
38846,038846,1859.746969636308,1859.746969636308,1914.204755444865,1914.204755444865,2.009231466004983,-0.002970823641278691,-1.5699128441987793,0.02975543926078322,-1.5477314577859038,1.136123277061316,120.581700743319,67.21490441580156
38848,038848,1842.404839758716,1842.404839758716,1934.754952608012,1934.754952608012,2.047493806442693,0.01132193851634119,-1.5412444667550063,0.030238908236011552,-1.5662469692397305,1.128173733560131,121.8558717032652,67.74032599935602
38866,038866,1863.741408936456,1863.741408936456,1907.013643152467,1907.013643152467,2.005329759075146,-0.003650044106571175,-1.5887481941415185,-0.014653253011738941,-1.5777014108444942,1.11944171485232,120.9702880538638,67.1682674453265
38878,038878,1842.404839758716,1842.404839758716,1934.754952608012,1934.754952608012,2.049676593409205,0.00840991717115261,-1.5282289359939825,0.030133228316926594,-1.5689091484340498,1.12962535674074,121.8558717032652,67.74032599935602
38879,038879,1857.34965296426,1857.34965296426,1917.924623722001,1917.924623722001,2.015306616523902,0.0004902130710700773,-1.5922332470746603,-0.014668153580254308,-1.5759355608146708,1.125060013269004,121.1604837134374,67.28731745081727
38884,038884,1842.404839758716,1842.404839758716,1934.754952608012,1934.754952608012,2.049676593409205,0.00840991717115261,-1.5282289359939825,0.030133228316926594,-1.5689091484340498,1.12962535674074,121.8558717032652,67.74032599935602
38893,038893,1866.254649589019,1866.254649589019,1919.254029415608,1919.254029415608,2.023073685447837,-0.001729120249509546,-1.5676469090071028,0.013673190861190706,-1.5633595192911118,1.129930671152837,120.0310462140434,66.95362481129119
38900,038900,1863.741408936456,1863.741408936456,1907.013643152467,1907.013643152467,2.00447886760607,-0.01270781496313672,-1.5188653261385996,0.01643271269900077,-1.5727766151929443,1.102109518675779,120.9702880538638,67.1682674453265
38906,038906,1857.34965296426,1857.34965296426,1917.924623722001,1917.924623722001,2.015306616523902,0.0004902130710700773,-1.5922332470746603,-0.014668153580254308,-1.5759355608146708,1.125060013269004,121.1604837134374,67.28731745081727
38913,038913,1842.404839758716,1842.404839758716,1934.754952608012,1934.754952608012,2.049676593409205,0.00840991717115261,-1.5282289359939825,0.030133228316926594,-1.5689091484340498,1.12962535674074,121.8558717032652,67.74032599935602
38918,038918,1863.741408936456,1863.741408936456,1907.013643152467,1907.013643152467,2.005329759075146,-0.003650044106571175,-1.5887481941415185,-0.014653253011738941,-1.5777014108444942,1.11944171485232,120.9702880538638,67.1682674453265
38930,038930,1880.974214387733,1880.974214387733,1915.779220181504,1915.779220181504,1.977851236897697,-0.006727592148754134,-1.569591747497633,-0.01629538688615913,-1.5688506905097992,1.100166968750412,119.4299449008713,66.58945770112874
38959,038959,1859.746969636308,1859.746969636308,1914.204755444865,1914.204755444865,2.009231466004983,-0.002970823641278691,-1.5646779031491849,0.02956119474784027,-1.5405950950370737,1.136123277061316,120.581700743319,67.21490441580156
38977,038977,1859.746969636308,1859.746969636308,1914.204755444865,1914.204755444865,2.009231466004983,-0.002970823641278691,-1.5646779031491849,0.02956119474784027,-1.5405950950370737,1.136123277061316,120.581700743319,67.21490441580156
39007,039007,1857.479804288565,1857.479804288565,1922.888630990956,1922.888630990956,2.004635553476707,0.005137445956362164,-1.5510357394219714,-0.003256540141911394,-1.5595730426885313,1.146133774946981,120.7571865009013,67.36403230763489
39024,039024,1863.741408936456,1863.741408936456,1907.013643152467,1907.013643152467,2.00447886760607,-0.01270781496313672,-1.5188653261385996,0.01643271269900077,-1.5727766151929443,1.102109518675779,120.9702880538638,67.1682674453265
39034,039034,1863.741408936456,1863.741408936456,1907.013643152467,1907.013643152467,2.005329759075146,-0.003650044106571175,-1.5887481757638633,-0.014656299128578557,-1.575956084520097,1.11944171485232,120.9702880538638,67.1682674453265
39035,039035,1863.334264630649,1863.334264630649,1907.62696303471,1907.62696303471,2.015970272322051,0.008957195838649488,-1.5225925316185862,0.015377765957622191,-1.5681989866297787,1.131092790341723,121.100845132532,67.24295811544353
39041,039041,1863.741408936456,1863.741408936456,1907.013643152467,1907.013643152467,2.00447886760607,-0.01270781496313672,-1.520610887543998,0.0164292314171461,-1.5728052951803733,1.102109518675779,120.9702880538638,67.1682674453265
39045,039045,1863.741408936456,1863.741408936456,1907.013643152467,1907.013643152467,2.00447886760607,-0.01270781496313672,-1.5188653261385996,0.01643271269900077,-1.5727766151929443,1.102109518675779,120.9702880538638,67.1682674453265
39061,039061,1866.254649589019,1866.254649589019,1919.254029415608,1919.254029415608,2.023073685447837,-0.001729120249509546,-1.5676469090071028,0.013673190861190706,-1.5633595192911118,1.129930671152837,120.0310462140434,66.95362481129119
39064,039064,1866.254649589019,1866.254649589019,1919.254029415608,1919.254029415608,2.023073685447837,-0.001729120249509546,-1.569392313614426,0.013692241791982286,-1.5651287137304093,1.129930671152837,120.0310462140434,66.95362481129119
39077,039077,1863.741408936456,1863.741408936456,1907.013643152467,1907.013643152467,2.00447886760607,-0.01270781496313672,-1.5188653261385996,0.01643271269900077,-1.5727766151929443,1.102109518675779,120.9702880538638,67.1682674453265
39082,039082,1857.479804288565,1857.479804288565,1922.888630990956,1922.888630990956,2.004635553476707,0.005137445956362164,-1.558016415459667,-0.0031506953783180715,-1.5647864995029954,1.146133774946981,120.7571865009013,67.36403230763489
39083,039083,1880.974214387733,1880.974214387733,1915.779220181504,1915.779220181504,1.977851236897697,-0.006727592148754134,-1.5713373051013404,-0.016291966292714507,-1.5688222502099622,1.100166968750412,119.4299449008713,66.58945770112874
39092,039092,1857.479804288565,1857.479804288565,1922.888630990956,1922.888630990956,2.004635553476707,0.005137445956362164,-1.558016415459667,-0.0031506953783180715,-1.5647864995029954,1.146133774946981,120.7571865009013,67.36403230763489
39099,039099,1860.44342061537,1860.44342061537,1931.800446368316,1931.800446368316,2.014037351924079,-0.002481086856738699,-1.5657787946070796,0.024763195053972537,-1.5905180797729668,1.128847994220851,121.0847164834004,67.28639589561944
39103,039103,1863.741408936456,1863.741408936456,1907.013643152467,1907.013643152467,2.00447886760607,-0.01270781496313672,-1.5188653261385996,0.01643271269900077,-1.5727766151929443,1.102109518675779,120.9702880538638,67.1682674453265
39109,039109,1863.741408936456,1863.741408936456,1907.013643152467,1907.013643152467,2.00447886760607,-0.01270781496313672,-1.5188653261385996,0.01643271269900077,-1.5727766151929443,1.102109518675779,120.9702880538638,67.1682674453265
39126,039126,1863.741408936456,1863.741408936456,1907.013643152467,1907.013643152467,2.00447886760607,-0.01270781496313672,-1.5188653261385996,0.01643271269900077,-1.5727766151929443,1.102109518675779,120.9702880538638,67.1682674453265
39131,039131,1863.741408936456,1863.741408936456,1907.013643152467,1907.013643152467,2.00447886760607,-0.01270781496313672,-1.520610887543998,0.0164292314171461,-1.5728052951803733,1.102109518675779,120.9702880538638,67.1682674453265
39139,039139,1842.404839758716,1842.404839758716,1934.754952608012,1934.754952608012,2.047493806442693,0.01132193851634119,-1.5412444667550063,0.030238908236011552,-1.5662469692397305,1.128173733560131,121.8558717032652,67.74032599935602
39141,039141,1860.44342061537,1860.44342061537,1931.800446368316,1931.800446368316,2.015408304393497,-0.0003830991732733452,-1.5666471279812573,0.02469796677423977,-1.5966478172441692,1.13414802111517,121.0847164834004,67.28639589561944
39151,039151,1880.974214387733,1880.974214387733,1915.779220181504,1915.779220181504,1.977851236897697,-0.006727592148754134,-1.569591747497633,-0.01629538688615913,-1.5688506905097992,1.100166968750412,119.4299449008713,66.58945770112874
39158,039158,1857.479804288565,1857.479804288565,1922.888630990956,1922.888630990956,2.004635553476707,0.005137445956362164,-1.5510357394219714,-0.003256540141911394,-1.5595730426885313,1.146133774946981,120.7571865009013,67.36403230763489
39175,039175,1863.334264630649,1863.334264630649,1907.62696303471,1907.62696303471,2.015970272322051,0.008957195838649488,-1.5225925316185862,0.015377765957622191,-1.5681989866297787,1.131092790341723,121.100845132532,67.24295811544353
39176,039176,1863.741408936456,1863.741408936456,1907.013643152467,1907.013643152467,2.005329759075146,-0.003650044106571175,-1.5887481757638633,-0.014656299128578557,-1.575956084520097,1.11944171485232,120.9702880538638,67.1682674453265
39180,039180,1866.254649589019,1866.254649589019,1919.254029415608,1919.254029415608,2.023073685447837,-0.001729120249509546,-1.5676469090071028,0.013673190861190706,-1.5633595192911118,1.129930671152837,120.0310462140434,66.95362481129119
39187,039187,1863.334264630649,1863.334264630649,1907.62696303471,1907.62696303471,2.015970272322051,0.008957195838649488,-1.5225925316185862,0.015377765957622191,-1.5681989866297787,1.131092790341723,121.100845132532,67.24295811544353
39194,039194,1880.974214387733,1880.974214387733,1915.779220181504,1915.779220181504,1.977851236897697,-0.006727592148754134,-1.5713373051013404,-0.016291966292714507,-1.5688222502099622,1.100166968750412,119.4299449008713,66.58945770112874
39223,039223,1842.404839758716,1842.404839758716,1934.754952608012,1934.754952608012,2.047493806442693,0.01132193851634119,-1.5412444667550063,0.030238908236011552,-1.5662469692397305,1.128173733560131,121.8558717032652,67.74032599935602
39230,039230,1857.479804288565,1857.479804288565,1922.888630990956,1922.888630990956,2.004635553476707,0.005137445956362164,-1.558016415459667,-0.0031506953783180715,-1.5647864995029954,1.146133774946981,120.7571865009013,67.36403230763489
39238,039238,1863.741408936456,1863.741408936456,1907.013643152467,1907.013643152467,2.005329759075146,-0.003650044106571175,-1.5887481941415185,-0.014653253011738941,-1.5777014108444942,1.11944171485232,120.9702880538638,67.1682674453265
39249,039249,1880.974214387733,1880.974214387733,1915.779220181504,1915.779220181504,1.977851236897697,-0.006727592148754134,-1.5713373051013404,-0.016291966292714507,-1.5688222502099622,1.100166968750412,119.4299449008713,66.58945770112874
39250,039250,1842.404839758716,1842.404839758716,1934.754952608012,1934.754952608012,2.047493806442693,0.01132193851634119,-1.5412444667550063,0.030238908236011552,-1.5662469692397305,1.128173733560131,121.8558717032652,67.74032599935602
39252,039252,1859.746969636308,1859.746969636308,1914.204755444865,1914.204755444865,2.009231466004983,-0.002970823641278691,-1.5646779031491849,0.02956119474784027,-1.5405950950370737,1.136123277061316,120.581700743319,67.21490441580156
39277,039277,1842.404839758716,1842.404839758716,1934.754952608012,1934.754952608012,2.047493806442693,0.01132193851634119,-1.5412444667550063,0.030238908236011552,-1.5662469692397305,1.128173733560131,121.8558717032652,67.74032599935602
39291,039291,1863.334264630649,1863.334264630649,1907.62696303471,1907.62696303471,2.015970272322051,0.008957195838649488,-1.5225925316185862,0.015377765957622191,-1.5681989866297787,1.131092790341723,121.100845132532,67.24295811544353
39319,039319,1866.254649589019,1866.254649589019,1919.254029415608,1919.254029415608,2.023073685447837,-0.001729120249509546,-1.5676468490155226,0.013682329143988894,-1.5651048237980518,1.129930671152837,120.0310462140434,66.95362481129119
39324,039324,1857.34965296426,1857.34965296426,1917.924623722001,1917.924623722001,2.015306616523902,0.0004902130710700773,-1.5922332470746603,-0.014668153580254308,-1.5759355608146708,1.125060013269004,121.1604837134374,67.28731745081727
39328,039328,1857.479804288565,1857.479804288565,1922.888630990956,1922.888630990956,2.004635553476707,0.005137445956362164,-1.558016415459667,-0.0031506953783180715,-1.5647864995029954,1.146133774946981,120.7571865009013,67.36403230763489
39341,039341,1880.974214387733,1880.974214387733,1915.779220181504,1915.779220181504,1.977851236897697,-0.006727592148754134,-1.5713373051013404,-0.016291966292714507,-1.5688222502099622,1.100166968750412,119.4299449008713,66.58945770112874
39359,039359,1863.741408936456,1863.741408936456,1907.013643152467,1907.013643152467,2.005329759075146,-0.003650044106571175,-1.5887481757638633,-0.014656299128578557,-1.575956084520097,1.11944171485232,120.9702880538638,67.1682674453265
39379,039379,1842.404839758716,1842.404839758716,1934.754952608012,1934.754952608012,2.047493806442693,0.01132193851634119,-1.5412444667550063,0.030238908236011552,-1.5662469692397305,1.128173733560131,121.8558717032652,67.74032599935602
39391,039391,1863.741408936456,1863.741408936456,1907.013643152467,1907.013643152467,2.005329759075146,-0.003650044106571175,-1.5887481757638633,-0.014656299128578557,-1.575956084520097,1.11944171485232,120.9702880538638,67.1682674453265
39400,039400,1863.741408936456,1863.741408936456,1907.013643152467,1907.013643152467,2.00447886760607,-0.01270781496313672,-1.5188653261385996,0.01643271269900077,-1.5727766151929443,1.102109518675779,120.9702880538638,67.1682674453265
39413,039413,1863.334264630649,1863.334264630649,1907.62696303471,1907.62696303471,2.015970272322051,0.008957195838649488,-1.5225925316185862,0.015377765957622191,-1.5681989866297787,1.131092790341723,121.100845132532,67.24295811544353
39427,039427,1863.741408936456,1863.741408936456,1907.013643152467,1907.013643152467,2.00447886760607,-0.01270781496313672,-1.520610887543998,0.0164292314171461,-1.5728052951803733,1.102109518675779,120.9702880538638,67.1682674453265
39454,039454,1866.254649589019,1866.254649589019,1919.254029415608,1919.254029415608,2.023073685447837,-0.001729120249509546,-1.5676469090071028,0.013673190861190706,-1.5633595192911118,1.129930671152837,120.0310462140434,66.95362481129119
39481,039481,1860.44342061537,1860.44342061537,1931.800446368316,1931.800446368316,2.014037351924079,-0.002481086856738699,-1.5657787946070796,0.024763195053972537,-1.5905180797729668,1.128847994220851,121.0847164834004,67.28639589561944
39498,039498,1866.254649589019,1866.254649589019,1919.254029415608,1919.254029415608,2.023073685447837,-0.001729120249509546,-1.5676469090071028,0.013673190861190706,-1.5633595192911118,1.129930671152837,120.0310462140434,66.95362481129119
39507,039507,1842.404839758716,1842.404839758716,1934.754952608012,1934.754952608012,2.047493806442693,0.01132193851634119,-1.5412444667550063,0.030238908236011552,-1.5662469692397305,1.128173733560131,121.8558717032652,67.74032599935602
39514,039514,1857.479804288565,1857.479804288565,1922.888630990956,1922.888630990956,2.004635553476707,0.005137445956362164,-1.558016415459667,-0.0031506953783180715,-1.5647864995029954,1.146133774946981,120.7571865009013,67.36403230763489
39515,039515,1851.83618357446,1851.83618357446,1915.259734665388,1915.259734665388,2.0339196102626,-0.005694530419066602,-1.563387881739645,0.02728212930346041,-1.5386813218462054,1.130775474183994,121.1021209397552,67.48494915545704
39526,039526,1860.44342061537,1860.44342061537,1931.800446368316,1931.800446368316,2.014037351924079,-0.002481086856738699,-1.5657787946070796,0.024763195053972537,-1.5905180797729668,1.128847994220851,121.0847164834004,67.28639589561944
39545,039545,1856.671448728588,1856.671448728588,1915.746331262402,1915.746331262402,2.042682478971495,-0.005963654315013744,-1.566544724321583,-0.013134094355039365,-1.570629569670013,1.091214386508083,120.6802679025302,67.34400949340869
39564,039564,1863.741408936456,1863.741408936456,1907.013643152467,1907.013643152467,2.00447886760607,-0.01270781496313672,-1.5188653261385996,0.01643271269900077,-1.5727766151929443,1.102109518675779,120.9702880538638,67.1682674453265
39572,039572,1863.741408936456,1863.741408936456,1907.013643152467,1907.013643152467,2.00447886760607,-0.01270781496313672,-1.520610887543998,0.0164292314171461,-1.5728052951803733,1.102109518675779,120.9702880538638,67.1682674453265
39597,039597,1860.44342061537,1860.44342061537,1931.800446368316,1931.800446368316,2.014037351924079,-0.002481086856738699,-1.5657787946070796,0.024763195053972537,-1.5905180797729668,1.128847994220851,121.0847164834004,67.28639589561944
39611,039611,1859.746969636308,1859.746969636308,1914.204755444865,1914.204755444865,2.009231466004983,-0.002970823641278691,-1.5646779031491849,0.02956119474784027,-1.5405950950370737,1.136123277061316,120.581700743319,67.21490441580156
39640,039640,1863.741408936456,1863.741408936456,1907.013643152467,1907.013643152467,2.005329759075146,-0.003650044106571175,-1.5887481941415185,-0.014653253011738941,-1.5777014108444942,1.11944171485232,120.9702880538638,67.1682674453265
39643,039643,1859.746969636308,1859.746969636308,1914.204755444865,1914.204755444865,2.009231466004983,-0.002970823641278691,-1.56293139392435,0.02955107472663299,-1.5440339176877833,1.136123277061316,120.581700743319,67.21490441580156
39653,039653,1863.741408936456,1863.741408936456,1907.013643152467,1907.013643152467,2.005329759075146,-0.003650044106571175,-1.5887481757638633,-0.014656299128578557,-1.575956084520097,1.11944171485232,120.9702880538638,67.1682674453265
39659,039659,1866.254649589019,1866.254649589019,1919.254029415608,1919.254029415608,2.023073685447837,-0.001729120249509546,-1.5676469090071028,0.013673190861190706,-1.5633595192911118,1.129930671152837,120.0310462140434,66.95362481129119
39673,039673,1863.741408936456,1863.741408936456,1907.013643152467,1907.013643152467,2.00447886760607,-0.01270781496313672,-1.520610887543998,0.0164292314171461,-1.5728052951803733,1.102109518675779,120.9702880538638,67.1682674453265
39681,039681,1866.254649589019,1866.254649589019,1919.254029415608,1919.254029415608,2.023073685447837,-0.001729120249509546,-1.5676469090071028,0.013673190861190706,-1.5633595192911118,1.129930671152837,120.0310462140434,66.95362481129119
39693,039693,1857.34965296426,1857.34965296426,1917.924623722001,1917.924623722001,2.015306616523902,0.0004902130710700773,-1.5922332210785368,-0.014674245860053241,-1.5741902425771948,1.125060013269004,121.1604837134374,67.28731745081727
39700,039700,1842.404839758716,1842.404839758716,1934.754952608012,1934.754952608012,2.049676593409205,0.00840991717115261,-1.5282289359939825,0.030133228316926594,-1.5689091484340498,1.12962535674074,121.8558717032652,67.74032599935602
39702,039702,1842.404839758716,1842.404839758716,1934.754952608012,1934.754952608012,2.049676593409205,0.00840991717115261,-1.5282289359939825,0.030133228316926594,-1.5689091484340498,1.12962535674074,121.8558717032652,67.74032599935602
39703,039703,1863.741408936456,1863.741408936456,1907.013643152467,1907.013643152467,2.00447886760607,-0.01270781496313672,-1.5188653261385996,0.01643271269900077,-1.5727766151929443,1.102109518675779,120.9702880538638,67.1682674453265
39705,039705,1859.746969636308,1859.746969636308,1914.204755444865,1914.204755444865,2.009231466004983,-0.002970823641278691,-1.56293139392435,0.02955107472663299,-1.5440339176877833,1.136123277061316,120.581700743319,67.21490441580156
39706,039706,1857.479804288565,1857.479804288565,1922.888630990956,1922.888630990956,2.004635553476707,0.005137445956362164,-1.5580163224699002,-0.003123280124826136,-1.570022415777389,1.146133774946981,120.7571865009013,67.36403230763489
39712,039712,1842.404839758716,1842.404839758716,1934.754952608012,1934.754952608012,2.047493806442693,0.01132193851634119,-1.5412444667550063,0.030238908236011552,-1.5662469692397305,1.128173733560131,121.8558717032652,67.74032599935602
39715,039715,1859.746969636308,1859.746969636308,1914.204755444865,1914.204755444865,2.009231466004983,-0.002970823641278691,-1.5629319833589455,0.02952976018188684,-1.5422887360998494,1.136123277061316,120.581700743319,67.21490441580156
39722,039722,1866.254649589019,1866.254649589019,1919.254029415608,1919.254029415608,2.023073685447837,-0.001729120249509546,-1.5676468490155226,0.013682329143988894,-1.5651048237980518,1.129930671152837,120.0310462140434,66.95362481129119
39736,039736,1866.254649589019,1866.254649589019,1919.254029415608,1919.254029415608,2.023073685447837,-0.001729120249509546,-1.5676469090071028,0.013673190861190706,-1.5633595192911118,1.129930671152837,120.0310462140434,66.95362481129119
39780,039780,1866.254649589019,1866.254649589019,1919.254029415608,1919.254029415608,2.023073685447837,-0.001729120249509546,-1.569392313614426,0.013692241791982286,-1.5651287137304093,1.129930671152837,120.0310462140434,66.95362481129119
39785,039785,1857.34965296426,1857.34965296426,1917.924623722001,1917.924623722001,2.015306616523902,0.0004902130710700773,-1.5922332210785368,-0.014674245860053241,-1.5741902425771948,1.125060013269004,121.1604837134374,67.28731745081727
39796,039796,1857.479804288565,1857.479804288565,1922.888630990956,1922.888630990956,2.004635553476707,0.005137445956362164,-1.5510357394219714,-0.003256540141911394,-1.5595730426885313,1.146133774946981,120.7571865009013,67.36403230763489
39805,039805,1857.34965296426,1857.34965296426,1917.924623722001,1917.924623722001,2.015306616523902,0.0004902130710700773,-1.5922332210785368,-0.014674245860053241,-1.5741902425771948,1.125060013269004,121.1604837134374,67.28731745081727
39819,039819,1866.254649589019,1866.254649589019,1919.254029415608,1919.254029415608,2.023073685447837,-0.001729120249509546,-1.569392313614426,0.013692241791982286,-1.5651287137304093,1.129930671152837,120.0310462140434,66.95362481129119
39820,039820,1859.746969636308,1859.746969636308,1914.204755444865,1914.204755444865,2.009231466004983,-0.002970823641278691,-1.56293139392435,0.02955107472663299,-1.5440339176877833,1.136123277061316,120.581700743319,67.21490441580156
39822,039822,1842.404839758716,1842.404839758716,1934.754952608012,1934.754952608012,2.047493806442693,0.01132193851634119,-1.5412444667550063,0.030238908236011552,-1.5662469692397305,1.128173733560131,121.8558717032652,67.74032599935602
39855,039855,1846.470459745119,1846.470459745119,1934.237294246353,1934.237294246353,2.053116246097614,0.007127191254660563,-1.5532465545489462,0.04239655825563713,-1.585496144359086,1.126073558516028,121.8482000805993,67.76262613512169
39868,039868,1842.404839758716,1842.404839758716,1934.754952608012,1934.754952608012,2.049676593409205,0.00840991717115261,-1.5282289359939825,0.030133228316926594,-1.5689091484340498,1.12962535674074,121.8558717032652,67.74032599935602
39874,039874,1863.741408936456,1863.741408936456,1907.013643152467,1907.013643152467,2.005329759075146,-0.003650044106571175,-1.5887481757638633,-0.014656299128578557,-1.575956084520097,1.11944171485232,120.9702880538638,67.1682674453265
39880,039880,1859.746969636308,1859.746969636308,1914.204755444865,1914.204755444865,2.009231466004983,-0.002970823641278691,-1.5629319833589455,0.02952976018188684,-1.5422887360998494,1.136123277061316,120.581700743319,67.21490441580156
39901,039901,1863.741408936456,1863.741408936456,1907.013643152467,1907.013643152467,2.00447886760607,-0.01270781496313672,-1.5188653261385996,0.01643271269900077,-1.5727766151929443,1.102109518675779,120.9702880538638,67.1682674453265
39904,039904,1842.404839758716,1842.404839758716,1934.754952608012,1934.754952608012,2.047493806442693,0.01132193851634119,-1.5412444667550063,0.030238908236011552,-1.5662469692397305,1.128173733560131,121.8558717032652,67.74032599935602
39909,039909,1847.919204237398,1847.919204237398,1921.263788490785,1921.263788490785,2.044438354629837,-0.006856317126254376,-1.5601564303701785,0.017940294738900124,-1.5414667740539971,1.124371377834915,121.2376221304691,67.59771650670672
39913,039913,1859.746969636308,1859.746969636308,1914.204755444865,1914.204755444865,2.009231466004983,-0.002970823641278691,-1.5629319833589455,0.02952976018188684,-1.5422887360998494,1.136123277061316,120.581700743319,67.21490441580156
39920,039920,1857.479804288565,1857.479804288565,1922.888630990956,1922.888630990956,2.004635553476707,0.005137445956362164,-1.5510357394219714,-0.003256540141911394,-1.5595730426885313,1.146133774946981,120.7571865009013,67.36403230763489
39945,039945,1857.479804288565,1857.479804288565,1922.888630990956,1922.888630990956,2.004635553476707,0.005137445956362164,-1.558016415459667,-0.0031506953783180715,-1.5647864995029954,1.146133774946981,120.7571865009013,67.36403230763489
39950,039950,1863.334264630649,1863.334264630649,1907.62696303471,1907.62696303471,2.015970272322051,0.008957195838649488,-1.5225925316185862,0.015377765957622191,-1.5681989866297787,1.131092790341723,121.100845132532,67.24295811544353
39951,039951,1880.974214387733,1880.974214387733,1915.779220181504,1915.779220181504,1.977851236897697,-0.006727592148754134,-1.569591747497633,-0.01629538688615913,-1.5688506905097992,1.100166968750412,119.4299449008713,66.58945770112874
39954,039954,1857.34965296426,1857.34965296426,1917.924623722001,1917.924623722001,2.015306616523902,0.0004902130710700773,-1.5922332470746603,-0.014668153580254308,-1.5759355608146708,1.125060013269004,121.1604837134374,67.28731745081727
39968,039968,1863.741408936456,1863.741408936456,1907.013643152467,1907.013643152467,2.00447886760607,-0.01270781496313672,-1.520610887543998,0.0164292314171461,-1.5728052951803733,1.102109518675779,120.9702880538638,67.1682674453265
39984,039984,1847.919204237398,1847.919204237398,1921.263788490785,1921.263788490785,2.044438354629837,-0.006856317126254376,-1.56190185876231,0.01797318165006547,-1.538007519872931,1.124371377834915,121.2376221304691,67.59771650670672
39998,039998,1880.974214387733,1880.974214387733,1915.779220181504,1915.779220181504,1.977851236897697,-0.006727592148754134,-1.569591747497633,-0.01629538688615913,-1.5688506905097992,1.100166968750412,119.4299449008713,66.58945770112874
40011,040011,1857.479804288565,1857.479804288565,1922.888630990956,1922.888630990956,2.004635553476707,0.005137445956362164,-1.558016415459667,-0.0031506953783180715,-1.5647864995029954,1.146133774946981,120.7571865009013,67.36403230763489
40022,040022,1857.479804288565,1857.479804288565,1922.888630990956,1922.888630990956,2.004635553476707,0.005137445956362164,-1.558016415459667,-0.0031506953783180715,-1.5647864995029954,1.146133774946981,120.7571865009013,67.36403230763489
40028,040028,1863.741408936456,1863.741408936456,1907.013643152467,1907.013643152467,2.00447886760607,-0.01270781496313672,-1.5188653261385996,0.01643271269900077,-1.5727766151929443,1.102109518675779,120.9702880538638,67.1682674453265
40039,040039,1880.974214387733,1880.974214387733,1915.779220181504,1915.779220181504,1.977851236897697,-0.006727592148754134,-1.5713373051013404,-0.016291966292714507,-1.5688222502099622,1.100166968750412,119.4299449008713,66.58945770112874
40040,040040,1842.404839758716,1842.404839758716,1934.754952608012,1934.754952608012,2.047493806442693,0.01132193851634119,-1.5412444667550063,0.030238908236011552,-1.5662469692397305,1.128173733560131,121.8558717032652,67.74032599935602
40046,040046,1857.34965296426,1857.34965296426,1917.924623722001,1917.924623722001,2.015306616523902,0.0004902130710700773,-1.5922332470746603,-0.014668153580254308,-1.5759355608146708,1.125060013269004,121.1604837134374,67.28731745081727
40068,040068,1846.470459745119,1846.470459745119,1934.237294246353,1934.237294246353,2.053116246097614,0.007127191254660563,-1.5532465545489462,0.04239655825563713,-1.585496144359086,1.126073558516028,121.8482000805993,67.76262613512169
40114,040114,1880.974214387733,1880.974214387733,1915.779220181504,1915.779220181504,1.977851236897697,-0.006727592148754134,-1.569591747497633,-0.01629538688615913,-1.5688506905097992,1.100166968750412,119.4299449008713,66.58945770112874
40147,040147,1846.470459745119,1846.470459745119,1934.237294246353,1934.237294246353,2.053116246097614,0.007127191254660563,-1.5532465545489462,0.04239655825563713,-1.585496144359086,1.126073558516028,121.8482000805993,67.76262613512169
40159,040159,1863.741408936456,1863.741408936456,1907.013643152467,1907.013643152467,2.005329759075146,-0.003650044106571175,-1.5887481941415185,-0.014653253011738941,-1.5777014108444942,1.11944171485232,120.9702880538638,67.1682674453265
40176,040176,1842.404839758716,1842.404839758716,1934.754952608012,1934.754952608012,2.049676593409205,0.00840991717115261,-1.5282289359939825,0.030133228316926594,-1.5689091484340498,1.12962535674074,121.8558717032652,67.74032599935602
40183,040183,1866.254649589019,1866.254649589019,1919.254029415608,1919.254029415608,2.023073685447837,-0.001729120249509546,-1.5676469090071028,0.013673190861190706,-1.5633595192911118,1.129930671152837,120.0310462140434,66.95362481129119
40194,040194,1842.404839758716,1842.404839758716,1934.754952608012,1934.754952608012,2.047493806442693,0.01132193851634119,-1.5412444667550063,0.030238908236011552,-1.5662469692397305,1.128173733560131,121.8558717032652,67.74032599935602
40204,040204,1863.741408936456,1863.741408936456,1907.013643152467,1907.013643152467,2.00447886760607,-0.01270781496313672,-1.5188653261385996,0.01643271269900077,-1.5727766151929443,1.102109518675779,120.9702880538638,67.1682674453265
40230,040230,1863.741408936456,1863.741408936456,1907.013643152467,1907.013643152467,2.00447886760607,-0.01270781496313672,-1.5188653261385996,0.01643271269900077,-1.5727766151929443,1.102109518675779,120.9702880538638,67.1682674453265
40231,040231,1857.479804288565,1857.479804288565,1922.888630990956,1922.888630990956,2.004635553476707,0.005137445956362164,-1.558016415459667,-0.0031506953783180715,-1.5647864995029954,1.146133774946981,120.7571865009013,67.36403230763489
40242,040242,1842.404839758716,1842.404839758716,1934.754952608012,1934.754952608012,2.045975662868765,-0.002400173486311045,-1.55338857412205,0.01825416843181658,-1.577136067995388,1.130651936362605,121.8558717032652,67.74032599935602
40264,040264,1866.254649589019,1866.254649589019,1919.254029415608,1919.254029415608,2.023073685447837,-0.001729120249509546,-1.5676469090071028,0.013673190861190706,-1.5633595192911118,1.129930671152837,120.0310462140434,66.95362481129119
40269,040269,1866.254649589019,1866.254649589019,1919.254029415608,1919.254029415608,2.023073685447837,-0.001729120249509546,-1.569392313614426,0.013692241791982286,-1.5651287137304093,1.129930671152837,120.0310462140434,66.95362481129119
40272,040272,1863.741408936456,1863.741408936456,1907.013643152467,1907.013643152467,2.005329759075146,-0.003650044106571175,-1.5887481757638633,-0.014656299128578557,-1.575956084520097,1.11944171485232,120.9702880538638,67.1682674453265
40273,040273,1857.34965296426,1857.34965296426,1917.924623722001,1917.924623722001,2.015306616523902,0.0004902130710700773,-1.5922332470746603,-0.014668153580254308,-1.5759355608146708,1.125060013269004,121.1604837134374,67.28731745081727
40293,040293,1863.741408936456,1863.741408936456,1907.013643152467,1907.013643152467,2.00447886760607,-0.01270781496313672,-1.5188653261385996,0.01643271269900077,-1.5727766151929443,1.102109518675779,120.9702880538638,67.1682674453265
40314,040314,1866.254649589019,1866.254649589019,1919.254029415608,1919.254029415608,2.023073685447837,-0.001729120249509546,-1.5676469090071028,0.013673190861190706,-1.5633595192911118,1.129930671152837,120.0310462140434,66.95362481129119
40316,040316,1857.479804288565,1857.479804288565,1922.888630990956,1922.888630990956,2.004635553476707,0.005137445956362164,-1.558016415459667,-0.0031506953783180715,-1.5647864995029954,1.146133774946981,120.7571865009013,67.36403230763489
40322,040322,1866.254649589019,1866.254649589019,1919.254029415608,1919.254029415608,2.023073685447837,-0.001729120249509546,-1.5676469090071028,0.013673190861190706,-1.5633595192911118,1.129930671152837,120.0310462140434,66.95362481129119
40336,040336,1859.746969636308,1859.746969636308,1914.204755444865,1914.204755444865,2.009231466004983,-0.002970823641278691,-1.5646779031491849,0.02956119474784027,-1.5405950950370737,1.136123277061316,120.581700743319,67.21490441580156
40357,040357,1860.44342061537,1860.44342061537,1931.800446368316,1931.800446368316,2.014037351924079,-0.002481086856738699,-1.5657787946070796,0.024763195053972537,-1.5905180797729668,1.128847994220851,121.0847164834004,67.28639589561944
40361,040361,1863.334264630649,1863.334264630649,1907.62696303471,1907.62696303471,2.015970272322051,0.008957195838649488,-1.5225925316185862,0.015377765957622191,-1.5681989866297787,1.131092790341723,121.100845132532,67.24295811544353
40362,040362,1863.741408936456,1863.741408936456,1907.013643152467,1907.013643152467,2.005329759075146,-0.003650044106571175,-1.5887481757638633,-0.014656299128578557,-1.575956084520097,1.11944171485232,120.9702880538638,67.1682674453265
40373,040373,1863.334264630649,1863.334264630649,1907.62696303471,1907.62696303471,2.015970272322051,0.008957195838649488,-1.5225925316185862,0.015377765957622191,-1.5681989866297787,1.131092790341723,121.100845132532,67.24295811544353
40379,040379,1863.741408936456,1863.741408936456,1907.013643152467,1907.013643152467,2.00447886760607,-0.01270781496313672,-1.520610887543998,0.0164292314171461,-1.5728052951803733,1.102109518675779,120.9702880538638,67.1682674453265
40406,040406,1863.741408936456,1863.741408936456,1907.013643152467,1907.013643152467,2.00447886760607,-0.01270781496313672,-1.5188653261385996,0.01643271269900077,-1.5727766151929443,1.102109518675779,120.9702880538638,67.1682674453265
40408,040408,1863.741408936456,1863.741408936456,1907.013643152467,1907.013643152467,2.00447886760607,-0.01270781496313672,-1.5188653261385996,0.01643271269900077,-1.5727766151929443,1.102109518675779,120.9702880538638,67.1682674453265
40420,040420,1866.254649589019,1866.254649589019,1919.254029415608,1919.254029415608,2.023073685447837,-0.001729120249509546,-1.5676469090071028,0.013673190861190706,-1.5633595192911118,1.129930671152837,120.0310462140434,66.95362481129119
40421,040421,1857.479804288565,1857.479804288565,1922.888630990956,1922.888630990956,2.004635553476707,0.005137445956362164,-1.558016415459667,-0.0031506953783180715,-1.5647864995029954,1.146133774946981,120.7571865009013,67.36403230763489
40427,040427,1866.254649589019,1866.254649589019,1919.254029415608,1919.254029415608,2.023073685447837,-0.001729120249509546,-1.5676469090071028,0.013673190861190706,-1.5633595192911118,1.129930671152837,120.0310462140434,66.95362481129119
40436,040436,1880.974214387733,1880.974214387733,1915.779220181504,1915.779220181504,1.977851236897697,-0.006727592148754134,-1.569591747497633,-0.01629538688615913,-1.5688506905097992,1.100166968750412,119.4299449008713,66.58945770112874
40446,040446,1857.479804288565,1857.479804288565,1922.888630990956,1922.888630990956,2.004635553476707,0.005137445956362164,-1.558016415459667,-0.0031506953783180715,-1.5647864995029954,1.146133774946981,120.7571865009013,67.36403230763489
40450,040450,1866.254649589019,1866.254649589019,1919.254029415608,1919.254029415608,2.023073685447837,-0.001729120249509546,-1.569392313614426,0.013692241791982286,-1.5651287137304093,1.129930671152837,120.0310462140434,66.95362481129119
40453,040453,1856.671448728588,1856.671448728588,1915.746331262402,1915.746331262402,2.042682478971495,-0.005963654315013744,-1.566544724321583,-0.013134094355039365,-1.570629569670013,1.091214386508083,120.6802679025302,67.34400949340869
40463,040463,1859.746969636308,1859.746969636308,1914.204755444865,1914.204755444865,2.009231466004983,-0.002970823641278691,-1.5629319833589455,0.02952976018188684,-1.5422887360998494,1.136123277061316,120.581700743319,67.21490441580156
40466,040466,1863.741408936456,1863.741408936456,1907.013643152467,1907.013643152467,2.00447886760607,-0.01270781496313672,-1.5188653261385996,0.01643271269900077,-1.5727766151929443,1.102109518675779,120.9702880538638,67.1682674453265
40479,040479,1857.34965296426,1857.34965296426,1917.924623722001,1917.924623722001,2.015306616523902,0.0004902130710700773,-1.5922332470746603,-0.014668153580254308,-1.5759355608146708,1.125060013269004,121.1604837134374,67.28731745081727
40487,040487,1859.746969636308,1859.746969636308,1914.204755444865,1914.204755444865,2.009231466004983,-0.002970823641278691,-1.5699128441987793,0.02975543926078322,-1.5477314577859038,1.136123277061316,120.581700743319,67.21490441580156
40491,040491,1842.404839758716,1842.404839758716,1934.754952608012,1934.754952608012,2.049676593409205,0.00840991717115261,-1.5282289359939825,0.030133228316926594,-1.5689091484340498,1.12962535674074,121.8558717032652,67.74032599935602
40502,040502,1856.671448728588,1856.671448728588,1915.746331262402,1915.746331262402,2.042682478971495,-0.005963654315013744,-1.566544724321583,-0.013134094355039365,-1.570629569670013,1.091214386508083,120.6802679025302,67.34400949340869
40509,040509,1859.746969636308,1859.746969636308,1914.204755444865,1914.204755444865,2.009231466004983,-0.002970823641278691,-1.56293139392435,0.02955107472663299,-1.5440339176877833,1.136123277061316,120.581700743319,67.21490441580156
40513,040513,1842.404839758716,1842.404839758716,1934.754952608012,1934.754952608012,2.047493806442693,0.01132193851634119,-1.5412444667550063,0.030238908236011552,-1.5662469692397305,1.128173733560131,121.8558717032652,67.74032599935602
40519,040519,1880.974214387733,1880.974214387733,1915.779220181504,1915.779220181504,1.977851236897697,-0.006727592148754134,-1.5713373051013404,-0.016291966292714507,-1.5688222502099622,1.100166968750412,119.4299449008713,66.58945770112874
40526,040526,1863.334264630649,1863.334264630649,1907.62696303471,1907.62696303471,2.015970272322051,0.008957195838649488,-1.5225925316185862,0.015377765957622191,-1.5681989866297787,1.131092790341723,121.100845132532,67.24295811544353
40534,040534,1858.597086427252,1858.597086427252,1924.42584741907,1924.42584741907,2.029652670668384,0.006069991084438096,-1.5481785083094486,0.042104190812269744,-1.5829092444598964,1.133153905263153,121.4569399168275,67.46593912807965
40552,040552,1851.83618357446,1851.83618357446,1915.259734665388,1915.259734665388,2.0339196102626,-0.005694530419066602,-1.5633867713774594,0.027318665851437763,-1.5421717586459984,1.130775474183994,121.1021209397552,67.48494915545704
40559,040559,1863.741408936456,1863.741408936456,1907.013643152467,1907.013643152467,2.00447886760607,-0.01270781496313672,-1.5188653261385996,0.01643271269900077,-1.5727766151929443,1.102109518675779,120.9702880538638,67.1682674453265
40589,040589,1863.741408936456,1863.741408936456,1907.013643152467,1907.013643152467,2.005329759075146,-0.003650044106571175,-1.5887481941415185,-0.014653253011738941,-1.5777014108444942,1.11944171485232,120.9702880538638,67.1682674453265
40605,040605,1866.254649589019,1866.254649589019,1919.254029415608,1919.254029415608,2.023073685447837,-0.001729120249509546,-1.5676469090071028,0.013673190861190706,-1.5633595192911118,1.129930671152837,120.0310462140434,66.95362481129119
40624,040624,1866.254649589019,1866.254649589019,1919.254029415608,1919.254029415608,2.023073685447837,-0.001729120249509546,-1.569392313614426,0.013692241791982286,-1.5651287137304093,1.129930671152837,120.0310462140434,66.95362481129119
40627,040627,1857.479804288565,1857.479804288565,1922.888630990956,1922.888630990956,2.004635553476707,0.005137445956362164,-1.558016415459667,-0.0031506953783180715,-1.5647864995029954,1.146133774946981,120.7571865009013,67.36403230763489
40630,040630,1863.741408936456,1863.741408936456,1907.013643152467,1907.013643152467,2.00447886760607,-0.01270781496313672,-1.5188653261385996,0.01643271269900077,-1.5727766151929443,1.102109518675779,120.9702880538638,67.1682674453265
40632,040632,1846.470459745119,1846.470459745119,1934.237294246353,1934.237294246353,2.053116246097614,0.007127191254660563,-1.5532465545489462,0.04239655825563713,-1.585496144359086,1.126073558516028,121.8482000805993,67.76262613512169
40637,040637,1847.919204237398,1847.919204237398,1921.263788490785,1921.263788490785,2.044438354629837,-0.006856317126254376,-1.56015679837494,0.017928115699436843,-1.539721493933943,1.124371377834915,121.2376221304691,67.59771650670672
40645,040645,1863.741408936456,1863.741408936456,1907.013643152467,1907.013643152467,2.00447886760607,-0.01270781496313672,-1.520610887543998,0.0164292314171461,-1.5728052951803733,1.102109518675779,120.9702880538638,67.1682674453265
40667,040667,1842.404839758716,1842.404839758716,1934.754952608012,1934.754952608012,2.049676593409205,0.00840991717115261,-1.5282289359939825,0.030133228316926594,-1.5689091484340498,1.12962535674074,121.8558717032652,67.74032599935602
40675,040675,1863.741408936456,1863.741408936456,1907.013643152467,1907.013643152467,2.00447886760607,-0.01270781496313672,-1.5188653261385996,0.01643271269900077,-1.5727766151929443,1.102109518675779,120.9702880538638,67.1682674453265
40682,040682,1842.404839758716,1842.404839758716,1934.754952608012,1934.754952608012,2.047493806442693,0.01132193851634119,-1.5412444667550063,0.030238908236011552,-1.5662469692397305,1.128173733560131,121.8558717032652,67.74032599935602
40684,040684,1857.479804288565,1857.479804288565,1922.888630990956,1922.888630990956,2.004635553476707,0.005137445956362164,-1.558016415459667,-0.0031506953783180715,-1.5647864995029954,1.146133774946981,120.7571865009013,67.36403230763489
40698,040698,1857.479804288565,1857.479804288565,1922.888630990956,1922.888630990956,2.004635553476707,0.005137445956362164,-1.5510357394219714,-0.003256540141911394,-1.5595730426885313,1.146133774946981,120.7571865009013,67.36403230763489
40710,040710,1863.741408936456,1863.741408936456,1907.013643152467,1907.013643152467,2.005329759075146,-0.003650044106571175,-1.5887481757638633,-0.014656299128578557,-1.575956084520097,1.11944171485232,120.9702880538638,67.1682674453265
40723,040723,1857.34965296426,1857.34965296426,1917.924623722001,1917.924623722001,2.015306616523902,0.0004902130710700773,-1.5922332470746603,-0.014668153580254308,-1.5759355608146708,1.125060013269004,121.1604837134374,67.28731745081727
40724,040724,1860.44342061537,1860.44342061537,1931.800446368316,1931.800446368316,2.014037351924079,-0.002481086856738699,-1.5657787946070796,0.024763195053972537,-1.5905180797729668,1.128847994220851,121.0847164834004,67.28639589561944
40736,040736,1857.34965296426,1857.34965296426,1917.924623722001,1917.924623722001,2.015306616523902,0.0004902130710700773,-1.5922332210785368,-0.014674245860053241,-1.5741902425771948,1.125060013269004,121.1604837134374,67.28731745081727
40751,040751,1857.34965296426,1857.34965296426,1917.924623722001,1917.924623722001,2.015306616523902,0.0004902130710700773,-1.5922332470746603,-0.014668153580254308,-1.5759355608146708,1.125060013269004,121.1604837134374,67.28731745081727
40756,040756,1866.254649589019,1866.254649589019,1919.254029415608,1919.254029415608,2.023073685447837,-0.001729120249509546,-1.5676469090071028,0.013673190861190706,-1.5633595192911118,1.129930671152837,120.0310462140434,66.95362481129119
40759,040759,1880.974214387733,1880.974214387733,1915.779220181504,1915.779220181504,1.977851236897697,-0.006727592148754134,-1.569591747497633,-0.01629538688615913,-1.5688506905097992,1.100166968750412,119.4299449008713,66.58945770112874
40763,040763,1863.741408936456,1863.741408936456,1907.013643152467,1907.013643152467,2.005329759075146,-0.003650044106571175,-1.5887481757638633,-0.014656299128578557,-1.575956084520097,1.11944171485232,120.9702880538638,67.1682674453265
40783,040783,1857.34965296426,1857.34965296426,1917.924623722001,1917.924623722001,2.015306616523902,0.0004902130710700773,-1.5922332470746603,-0.014668153580254308,-1.5759355608146708,1.125060013269004,121.1604837134374,67.28731745081727
40787,040787,1857.34965296426,1857.34965296426,1917.924623722001,1917.924623722001,2.015306616523902,0.0004902130710700773,-1.5922332470746603,-0.014668153580254308,-1.5759355608146708,1.125060013269004,121.1604837134374,67.28731745081727
40796,040796,1863.741408936456,1863.741408936456,1907.013643152467,1907.013643152467,2.00447886760607,-0.01270781496313672,-1.520610887543998,0.0164292314171461,-1.5728052951803733,1.102109518675779,120.9702880538638,67.1682674453265
40815,040815,1880.974214387733,1880.974214387733,1915.779220181504,1915.779220181504,1.977851236897697,-0.006727592148754134,-1.569591747497633,-0.01629538688615913,-1.5688506905097992,1.100166968750412,119.4299449008713,66.58945770112874
40817,040817,1863.741408936456,1863.741408936456,1907.013643152467,1907.013643152467,2.00447886760607,-0.01270781496313672,-1.5206108787648793,0.016426185257528793,-1.574550621629867,1.102109518675779,120.9702880538638,67.1682674453265
40823,040823,1859.746969636308,1859.746969636308,1914.204755444865,1914.204755444865,2.009231466004983,-0.002970823641278691,-1.5646779031491849,0.02956119474784027,-1.5405950950370737,1.136123277061316,120.581700743319,67.21490441580156
40835,040835,1857.34965296426,1857.34965296426,1917.924623722001,1917.924623722001,2.015306616523902,0.0004902130710700773,-1.5922332470746603,-0.014668153580254308,-1.5759355608146708,1.125060013269004,121.1604837134374,67.28731745081727
40842,040842,1866.254649589019,1866.254649589019,1919.254029415608,1919.254029415608,2.023073685447837,-0.001729120249509546,-1.5676469090071028,0.013673190861190706,-1.5633595192911118,1.129930671152837,120.0310462140434,66.95362481129119
40882,040882,1863.741408936456,1863.741408936456,1907.013643152467,1907.013643152467,2.005329759075146,-0.003650044106571175,-1.5887481941415185,-0.014653253011738941,-1.5777014108444942,1.11944171485232,120.9702880538638,67.1682674453265
40883,040883,1863.334264630649,1863.334264630649,1907.62696303471,1907.62696303471,2.015970272322051,0.008957195838649488,-1.5225925316185862,0.015377765957622191,-1.5681989866297787,1.131092790341723,121.100845132532,67.24295811544353
40887,040887,1859.746969636308,1859.746969636308,1914.204755444865,1914.204755444865,2.009231466004983,-0.002970823641278691,-1.5646779031491849,0.02956119474784027,-1.5405950950370737,1.136123277061316,120.581700743319,67.21490441580156
40891,040891,1857.34965296426,1857.34965296426,1917.924623722001,1917.924623722001,2.015306616523902,0.0004902130710700773,-1.5922332470746603,-0.014668153580254308,-1.5759355608146708,1.125060013269004,121.1604837134374,67.28731745081727
40929,040929,1863.741408936456,1863.741408936456,1907.013643152467,1907.013643152467,2.00447886760607,-0.01270781496313672,-1.520610887543998,0.0164292314171461,-1.5728052951803733,1.102109518675779,120.9702880538638,67.1682674453265
40934,040934,1863.741408936456,1863.741408936456,1907.013643152467,1907.013643152467,2.005329759075146,-0.003650044106571175,-1.5887481757638633,-0.014656299128578557,-1.575956084520097,1.11944171485232,120.9702880538638,67.1682674453265
40958,040958,1858.597086427252,1858.597086427252,1924.42584741907,1924.42584741907,2.029652670668384,0.006069991084438096,-1.5481785083094486,0.042104190812269744,-1.5829092444598964,1.133153905263153,121.4569399168275,67.46593912807965
40986,040986,1846.470459745119,1846.470459745119,1934.237294246353,1934.237294246353,2.053116246097614,0.007127191254660563,-1.5532465545489462,0.04239655825563713,-1.585496144359086,1.126073558516028,121.8482000805993,67.76262613512169
41003,041003,1880.974214387733,1880.974214387733,1915.779220181504,1915.779220181504,1.977851236897697,-0.006727592148754134,-1.5713373051013404,-0.016291966292714507,-1.5688222502099622,1.100166968750412,119.4299449008713,66.58945770112874
41005,041005,1866.254649589019,1866.254649589019,1919.254029415608,1919.254029415608,2.023073685447837,-0.001729120249509546,-1.569392313614426,0.013692241791982286,-1.5651287137304093,1.129930671152837,120.0310462140434,66.95362481129119
41021,041021,1866.254649589019,1866.254649589019,1919.254029415608,1919.254029415608,2.023073685447837,-0.001729120249509546,-1.569392313614426,0.013692241791982286,-1.5651287137304093,1.129930671152837,120.0310462140434,66.95362481129119
41023,041023,1866.254649589019,1866.254649589019,1919.254029415608,1919.254029415608,2.023073685447837,-0.001729120249509546,-1.569392313614426,0.013692241791982286,-1.5651287137304093,1.129930671152837,120.0310462140434,66.95362481129119
41030,041030,1863.741408936456,1863.741408936456,1907.013643152467,1907.013643152467,2.005329759075146,-0.003650044106571175,-1.5887481941415185,-0.014653253011738941,-1.5777014108444942,1.11944171485232,120.9702880538638,67.1682674453265
41040,041040,1866.254649589019,1866.254649589019,1919.254029415608,1919.254029415608,2.023073685447837,-0.001729120249509546,-1.569392313614426,0.013692241791982286,-1.5651287137304093,1.129930671152837,120.0310462140434,66.95362481129119
41041,041041,1880.974214387733,1880.974214387733,1915.779220181504,1915.779220181504,1.977851236897697,-0.006727592148754134,-1.569591747497633,-0.01629538688615913,-1.5688506905097992,1.100166968750412,119.4299449008713,66.58945770112874
41047,041047,1866.254649589019,1866.254649589019,1919.254029415608,1919.254029415608,2.023073685447837,-0.001729120249509546,-1.5676469090071028,0.013673190861190706,-1.5633595192911118,1.129930671152837,120.0310462140434,66.95362481129119
41048,041048,1842.404839758716,1842.404839758716,1934.754952608012,1934.754952608012,2.047493806442693,0.01132193851634119,-1.5412444667550063,0.030238908236011552,-1.5662469692397305,1.128173733560131,121.8558717032652,67.74032599935602
41089,041089,1847.919204237398,1847.919204237398,1921.263788490785,1921.263788490785,2.044438354629837,-0.006856317126254376,-1.56190282940682,0.01794578342158031,-1.5327716213215807,1.124371377834915,121.2376221304691,67.59771650670672
41127,041127,1842.404839758716,1842.404839758716,1934.754952608012,1934.754952608012,2.047493806442693,0.01132193851634119,-1.5412444667550063,0.030238908236011552,-1.5662469692397305,1.128173733560131,121.8558717032652,67.74032599935602
41132,041132,1857.34965296426,1857.34965296426,1917.924623722001,1917.924623722001,2.015306616523902,0.0004902130710700773,-1.5922332470746603,-0.014668153580254308,-1.5759355608146708,1.125060013269004,121.1604837134374,67.28731745081727
41137,041137,1863.741408936456,1863.741408936456,1907.013643152467,1907.013643152467,2.005329759075146,-0.003650044106571175,-1.5887481757638633,-0.014656299128578557,-1.575956084520097,1.11944171485232,120.9702880538638,67.1682674453265
41161,041161,1863.741408936456,1863.741408936456,1907.013643152467,1907.013643152467,2.005329759075146,-0.003650044106571175,-1.5887481941415185,-0.014653253011738941,-1.5777014108444942,1.11944171485232,120.9702880538638,67.1682674453265
41165,041165,1842.404839758716,1842.404839758716,1934.754952608012,1934.754952608012,2.049676593409205,0.00840991717115261,-1.5282289359939825,0.030133228316926594,-1.5689091484340498,1.12962535674074,121.8558717032652,67.74032599935602
41176,041176,1866.254649589019,1866.254649589019,1919.254029415608,1919.254029415608,2.023073685447837,-0.001729120249509546,-1.5676469090071028,0.013673190861190706,-1.5633595192911118,1.129930671152837,120.0310462140434,66.95362481129119
41180,041180,1866.254649589019,1866.254649589019,1919.254029415608,1919.254029415608,2.022382969590999,-0.003597953696000636,-1.5700586556197347,0.014603913747234055,-1.5640112962393267,1.130147879676854,120.0310462140434,66.95362481129119
41193,041193,1847.919204237398,1847.919204237398,1921.263788490785,1921.263788490785,2.044438354629837,-0.006856317126254376,-1.5601564303701785,0.017940294738900124,-1.5414667740539971,1.124371377834915,121.2376221304691,67.59771650670672
41205,041205,1863.741408936456,1863.741408936456,1907.013643152467,1907.013643152467,2.005329759075146,-0.003650044106571175,-1.5887481941415185,-0.014653253011738941,-1.5777014108444942,1.11944171485232,120.9702880538638,67.1682674453265
41219,041219,1859.746969636308,1859.746969636308,1914.204755444865,1914.204755444865,2.009231466004983,-0.002970823641278691,-1.5646779031491849,0.02956119474784027,-1.5405950950370737,1.136123277061316,120.581700743319,67.21490441580156
41235,041235,1863.741408936456,1863.741408936456,1907.013643152467,1907.013643152467,2.00447886760607,-0.01270781496313672,-1.5188653261385996,0.01643271269900077,-1.5727766151929443,1.102109518675779,120.9702880538638,67.1682674453265
41240,041240,1880.974214387733,1880.974214387733,1915.779220181504,1915.779220181504,1.977851236897697,-0.006727592148754134,-1.5713373051013404,-0.016291966292714507,-1.5688222502099622,1.100166968750412,119.4299449008713,66.58945770112874
41246,041246,1842.404839758716,1842.404839758716,1934.754952608012,1934.754952608012,2.047493806442693,0.01132193851634119,-1.5412444667550063,0.030238908236011552,-1.5662469692397305,1.128173733560131,121.8558717032652,67.74032599935602
41269,041269,1865.601863955799,1865.601863955799,1928.857328627447,1928.857328627447,2.001821056922886,0.007634072428357207,-1.5622044920282512,0.00025225417731760286,-1.5803754455393095,1.138603587390257,120.3479639363886,67.08908981397964
41275,041275,1863.741408936456,1863.741408936456,1907.013643152467,1907.013643152467,2.005329759075146,-0.003650044106571175,-1.5887481757638633,-0.014656299128578557,-1.575956084520097,1.11944171485232,120.9702880538638,67.1682674453265
41309,041309,1842.404839758716,1842.404839758716,1934.754952608012,1934.754952608012,2.049676593409205,0.00840991717115261,-1.5282289359939825,0.030133228316926594,-1.5689091484340498,1.12962535674074,121.8558717032652,67.74032599935602
41310,041310,1846.470459745119,1846.470459745119,1934.237294246353,1934.237294246353,2.053116246097614,0.007127191254660563,-1.5532465545489462,0.04239655825563713,-1.585496144359086,1.126073558516028,121.8482000805993,67.76262613512169
41311,041311,1842.404839758716,1842.404839758716,1934.754952608012,1934.754952608012,2.049676593409205,0.00840991717115261,-1.5282289359939825,0.030133228316926594,-1.5689091484340498,1.12962535674074,121.8558717032652,67.74032599935602
41344,041344,1866.254649589019,1866.254649589019,1919.254029415608,1919.254029415608,2.023073685447837,-0.001729120249509546,-1.569392313614426,0.013692241791982286,-1.5651287137304093,1.129930671152837,120.0310462140434,66.95362481129119
41371,041371,1859.746969636308,1859.746969636308,1914.204755444865,1914.204755444865,2.009231466004983,-0.002970823641278691,-1.5646779031491849,0.02956119474784027,-1.5405950950370737,1.136123277061316,120.581700743319,67.21490441580156
41382,041382,1858.597086427252,1858.597086427252,1924.42584741907,1924.42584741907,2.029652670668384,0.006069991084438096,-1.5481785083094486,0.042104190812269744,-1.5829092444598964,1.133153905263153,121.4569399168275,67.46593912807965
41388,041388,1866.254649589019,1866.254649589019,1919.254029415608,1919.254029415608,2.022382969590999,-0.003597953696000636,-1.5700586556197347,0.014603913747234055,-1.5640112962393267,1.130147879676854,120.0310462140434,66.95362481129119
41389,041389,1866.254649589019,1866.254649589019,1919.254029415608,1919.254029415608,2.023073685447837,-0.001729120249509546,-1.5676469090071028,0.013673190861190706,-1.5633595192911118,1.129930671152837,120.0310462140434,66.95362481129119
41404,041404,1857.479804288565,1857.479804288565,1922.888630990956,1922.888630990956,2.004635553476707,0.005137445956362164,-1.558016415459667,-0.0031506953783180715,-1.5647864995029954,1.146133774946981,120.7571865009013,67.36403230763489
41409,041409,1842.404839758716,1842.404839758716,1934.754952608012,1934.754952608012,2.049676593409205,0.00840991717115261,-1.5282289359939825,0.030133228316926594,-1.5689091484340498,1.12962535674074,121.8558717032652,67.74032599935602
41414,041414,1859.746969636308,1859.746969636308,1914.204755444865,1914.204755444865,2.009231466004983,-0.002970823641278691,-1.5646779031491849,0.02956119474784027,-1.5405950950370737,1.136123277061316,120.581700743319,67.21490441580156
41422,041422,1857.34965296426,1857.34965296426,1917.924623722001,1917.924623722001,2.015306616523902,0.0004902130710700773,-1.5922332470746603,-0.014668153580254308,-1.5759355608146708,1.125060013269004,121.1604837134374,67.28731745081727
41426,041426,1880.974214387733,1880.974214387733,1915.779220181504,1915.779220181504,1.977851236897697,-0.006727592148754134,-1.569591747497633,-0.01629538688615913,-1.5688506905097992,1.100166968750412,119.4299449008713,66.58945770112874
41428,041428,1858.597086427252,1858.597086427252,1924.42584741907,1924.42584741907,2.029652670668384,0.006069991084438096,-1.5481785083094486,0.042104190812269744,-1.5829092444598964,1.133153905263153,121.4569399168275,67.46593912807965
41429,041429,1857.479804288565,1857.479804288565,1922.888630990956,1922.888630990956,2.004635553476707,0.005137445956362164,-1.558016415459667,-0.0031506953783180715,-1.5647864995029954,1.146133774946981,120.7571865009013,67.36403230763489
41430,041430,1858.597086427252,1858.597086427252,1924.42584741907,1924.42584741907,2.029652670668384,0.006069991084438096,-1.551672000605969,0.04206165324630392,-1.5795655590792688,1.133153905263153,121.4569399168275,67.46593912807965
41435,041435,1863.334264630649,1863.334264630649,1907.62696303471,1907.62696303471,2.015970272322051,0.008957195838649488,-1.5225925316185862,0.015377765957622191,-1.5681989866297787,1.131092790341723,121.100845132532,67.24295811544353
41445,041445,1863.741408936456,1863.741408936456,1907.013643152467,1907.013643152467,2.005329759075146,-0.003650044106571175,-1.5887481941415185,-0.014653253011738941,-1.5777014108444942,1.11944171485232,120.9702880538638,67.1682674453265
41481,041481,1857.479804288565,1857.479804288565,1922.888630990956,1922.888630990956,2.004635553476707,0.005137445956362164,-1.5510357394219714,-0.003256540141911394,-1.5595730426885313,1.146133774946981,120.7571865009013,67.36403230763489
41489,041489,1842.404839758716,1842.404839758716,1934.754952608012,1934.754952608012,2.049676593409205,0.00840991717115261,-1.5282289359939825,0.030133228316926594,-1.5689091484340498,1.12962535674074,121.8558717032652,67.74032599935602
41491,041491,1842.404839758716,1842.404839758716,1934.754952608012,1934.754952608012,2.049676593409205,0.00840991717115261,-1.5282289359939825,0.030133228316926594,-1.5689091484340498,1.12962535674074,121.8558717032652,67.74032599935602
41502,041502,1863.741408936456,1863.741408936456,1907.013643152467,1907.013643152467,2.005329759075146,-0.003650044106571175,-1.5887481941415185,-0.014653253011738941,-1.5777014108444942,1.11944171485232,120.9702880538638,67.1682674453265
41505,041505,1863.741408936456,1863.741408936456,1907.013643152467,1907.013643152467,2.005329759075146,-0.003650044106571175,-1.588748162703272,-0.014659345272850233,-1.5742107581178222,1.11944171485232,120.9702880538638,67.1682674453265
41507,041507,1857.479804288565,1857.479804288565,1922.888630990956,1922.888630990956,2.004635553476707,0.005137445956362164,-1.558016415459667,-0.0031506953783180715,-1.5647864995029954,1.146133774946981,120.7571865009013,67.36403230763489
41514,041514,1842.404839758716,1842.404839758716,1934.754952608012,1934.754952608012,2.047493806442693,0.01132193851634119,-1.5412444667550063,0.030238908236011552,-1.5662469692397305,1.128173733560131,121.8558717032652,67.74032599935602
41527,041527,1880.974214387733,1880.974214387733,1915.779220181504,1915.779220181504,1.977851236897697,-0.006727592148754134,-1.569591747497633,-0.01629538688615913,-1.5688506905097992,1.100166968750412,119.4299449008713,66.58945770112874
41544,041544,1860.44342061537,1860.44342061537,1931.800446368316,1931.800446368316,2.014037351924079,-0.002481086856738699,-1.5657787946070796,0.024763195053972537,-1.5905180797729668,1.128847994220851,121.0847164834004,67.28639589561944
41546,041546,1866.254649589019,1866.254649589019,1919.254029415608,1919.254029415608,2.022382969590999,-0.003597953696000636,-1.5700586556197347,0.014603913747234055,-1.5640112962393267,1.130147879676854,120.0310462140434,66.95362481129119
41555,041555,1866.254649589019,1866.254649589019,1919.254029415608,1919.254029415608,2.023073685447837,-0.001729120249509546,-1.5676469090071028,0.013673190861190706,-1.5633595192911118,1.129930671152837,120.0310462140434,66.95362481129119
41557,041557,1842.404839758716,1842.404839758716,1934.754952608012,1934.754952608012,2.049676593409205,0.00840991717115261,-1.5282289359939825,0.030133228316926594,-1.5689091484340498,1.12962535674074,121.8558717032652,67.74032599935602
41558,041558,1859.746969636308,1859.746969636308,1914.204755444865,1914.204755444865,2.009231466004983,-0.002970823641278691,-1.5699128441987793,0.02975543926078322,-1.5477314577859038,1.136123277061316,120.581700743319,67.21490441580156
41562,041562,1859.746969636308,1859.746969636308,1914.204755444865,1914.204755444865,2.009231466004983,-0.002970823641278691,-1.5629319833589455,0.02952976018188684,-1.5422887360998494,1.136123277061316,120.581700743319,67.21490441580156
41566,041566,1842.404839758716,1842.404839758716,1934.754952608012,1934.754952608012,2.045975662868765,-0.002400173486311045,-1.55338857412205,0.01825416843181658,-1.577136067995388,1.130651936362605,121.8558717032652,67.74032599935602
41580,041580,1859.746969636308,1859.746969636308,1914.204755444865,1914.204755444865,2.009231466004983,-0.002970823641278691,-1.5646779031491849,0.02956119474784027,-1.5405950950370737,1.136123277061316,120.581700743319,67.21490441580156
41595,041595,1857.34965296426,1857.34965296426,1917.924623722001,1917.924623722001,2.015306616523902,0.0004902130710700773,-1.5922332210785368,-0.014674245860053241,-1.5741902425771948,1.125060013269004,121.1604837134374,67.28731745081727
41607,041607,1842.404839758716,1842.404839758716,1934.754952608012,1934.754952608012,2.047493806442693,0.01132193851634119,-1.5412444667550063,0.030238908236011552,-1.5662469692397305,1.128173733560131,121.8558717032652,67.74032599935602
41612,041612,1860.44342061537,1860.44342061537,1931.800446368316,1931.800446368316,2.014037351924079,-0.002481086856738699,-1.5657787946070796,0.024763195053972537,-1.5905180797729668,1.128847994220851,121.0847164834004,67.28639589561944
41613,041613,1859.746969636308,1859.746969636308,1914.204755444865,1914.204755444865,2.009231466004983,-0.002970823641278691,-1.5646779031491849,0.02956119474784027,-1.5405950950370737,1.136123277061316,120.581700743319,67.21490441580156
41621,041621,1859.746969636308,1859.746969636308,1914.204755444865,1914.204755444865,2.009231466004983,-0.002970823641278691,-1.5629319833589455,0.02952976018188684,-1.5422887360998494,1.136123277061316,120.581700743319,67.21490441580156
41629,041629,1866.254649589019,1866.254649589019,1919.254029415608,1919.254029415608,2.023073685447837,-0.001729120249509546,-1.5676469090071028,0.013673190861190706,-1.5633595192911118,1.129930671152837,120.0310462140434,66.95362481129119
41636,041636,1842.404839758716,1842.404839758716,1934.754952608012,1934.754952608012,2.047493806442693,0.01132193851634119,-1.5412444667550063,0.030238908236011552,-1.5662469692397305,1.128173733560131,121.8558717032652,67.74032599935602
41646,041646,1857.479804288565,1857.479804288565,1922.888630990956,1922.888630990956,2.004635553476707,0.005137445956362164,-1.558016415459667,-0.0031506953783180715,-1.5647864995029954,1.146133774946981,120.7571865009013,67.36403230763489
41660,041660,1863.741408936456,1863.741408936456,1907.013643152467,1907.013643152467,2.005329759075146,-0.003650044106571175,-1.5887481941415185,-0.014653253011738941,-1.5777014108444942,1.11944171485232,120.9702880538638,67.1682674453265
41663,041663,1857.34965296426,1857.34965296426,1917.924623722001,1917.924623722001,2.015306616523902,0.0004902130710700773,-1.5922332470746603,-0.014668153580254308,-1.5759355608146708,1.125060013269004,121.1604837134374,67.28731745081727
41669,041669,1866.254649589019,1866.254649589019,1919.254029415608,1919.254029415608,2.023073685447837,-0.001729120249509546,-1.5676469090071028,0.013673190861190706,-1.5633595192911118,1.129930671152837,120.0310462140434,66.95362481129119
41670,041670,1842.404839758716,1842.404839758716,1934.754952608012,1934.754952608012,2.047493806442693,0.01132193851634119,-1.5412444667550063,0.030238908236011552,-1.5662469692397305,1.128173733560131,121.8558717032652,67.74032599935602
41673,041673,1857.34965296426,1857.34965296426,1917.924623722001,1917.924623722001,2.015306616523902,0.0004902130710700773,-1.5922332210785368,-0.014674245860053241,-1.5741902425771948,1.125060013269004,121.1604837134374,67.28731745081727
41680,041680,1857.34965296426,1857.34965296426,1917.924623722001,1917.924623722001,2.015306616523902,0.0004902130710700773,-1.5922332210785368,-0.014674245860053241,-1.5741902425771948,1.125060013269004,121.1604837134374,67.28731745081727
41689,041689,1842.404839758716,1842.404839758716,1934.754952608012,1934.754952608012,2.049676593409205,0.00840991717115261,-1.5282289359939825,0.030133228316926594,-1.5689091484340498,1.12962535674074,121.8558717032652,67.74032599935602
41690,041690,1866.254649589019,1866.254649589019,1919.254029415608,1919.254029415608,2.023073685447837,-0.001729120249509546,-1.569392313614426,0.013692241791982286,-1.5651287137304093,1.129930671152837,120.0310462140434,66.95362481129119
41695,041695,1863.741408936456,1863.741408936456,1907.013643152467,1907.013643152467,2.005329759075146,-0.003650044106571175,-1.5887481941415185,-0.014653253011738941,-1.5777014108444942,1.11944171485232,120.9702880538638,67.1682674453265
41696,041696,1842.404839758716,1842.404839758716,1934.754952608012,1934.754952608012,2.049676593409205,0.00840991717115261,-1.5282289359939825,0.030133228316926594,-1.5689091484340498,1.12962535674074,121.8558717032652,67.74032599935602
41699,041699,1863.741408936456,1863.741408936456,1907.013643152467,1907.013643152467,2.005329759075146,-0.003650044106571175,-1.5887481757638633,-0.014656299128578557,-1.575956084520097,1.11944171485232,120.9702880538638,67.1682674453265
41726,041726,1842.404839758716,1842.404839758716,1934.754952608012,1934.754952608012,2.047493806442693,0.01132193851634119,-1.5412444667550063,0.030238908236011552,-1.5662469692397305,1.128173733560131,121.8558717032652,67.74032599935602
41754,041754,1863.334264630649,1863.334264630649,1907.62696303471,1907.62696303471,2.015970272322051,0.008957195838649488,-1.5225925316185862,0.015377765957622191,-1.5681989866297787,1.131092790341723,121.100845132532,67.24295811544353
41772,041772,1859.746969636308,1859.746969636308,1914.204755444865,1914.204755444865,2.009231466004983,-0.002970823641278691,-1.56293139392435,0.02955107472663299,-1.5440339176877833,1.136123277061316,120.581700743319,67.21490441580156
41777,041777,1856.671448728588,1856.671448728588,1915.746331262402,1915.746331262402,2.042682478971495,-0.005963654315013744,-1.566544724321583,-0.013134094355039365,-1.570629569670013,1.091214386508083,120.6802679025302,67.34400949340869
41780,041780,1842.404839758716,1842.404839758716,1934.754952608012,1934.754952608012,2.049676593409205,0.00840991717115261,-1.5282289359939825,0.030133228316926594,-1.5689091484340498,1.12962535674074,121.8558717032652,67.74032599935602
41783,041783,1859.746969636308,1859.746969636308,1914.204755444865,1914.204755444865,2.009231466004983,-0.002970823641278691,-1.5646779031491849,0.02956119474784027,-1.5405950950370737,1.136123277061316,120.581700743319,67.21490441580156
41787,041787,1880.974214387733,1880.974214387733,1915.779220181504,1915.779220181504,1.977851236897697,-0.006727592148754134,-1.569591747497633,-0.01629538688615913,-1.5688506905097992,1.100166968750412,119.4299449008713,66.58945770112874
41789,041789,1863.741408936456,1863.741408936456,1907.013643152467,1907.013643152467,2.00447886760607,-0.01270781496313672,-1.5188653261385996,0.01643271269900077,-1.5727766151929443,1.102109518675779,120.9702880538638,67.1682674453265
41800,041800,1842.404839758716,1842.404839758716,1934.754952608012,1934.754952608012,2.049676593409205,0.00840991717115261,-1.5282289359939825,0.030133228316926594,-1.5689091484340498,1.12962535674074,121.8558717032652,67.74032599935602
41811,041811,1863.741408936456,1863.741408936456,1907.013643152467,1907.013643152467,2.00447886760607,-0.01270781496313672,-1.5188653261385996,0.01643271269900077,-1.5727766151929443,1.102109518675779,120.9702880538638,67.1682674453265
41815,041815,1866.254649589019,1866.254649589019,1919.254029415608,1919.254029415608,2.023073685447837,-0.001729120249509546,-1.5676469090071028,0.013673190861190706,-1.5633595192911118,1.129930671152837,120.0310462140434,66.95362481129119
41829,041829,1866.254649589019,1866.254649589019,1919.254029415608,1919.254029415608,2.022382969590999,-0.003597953696000636,-1.5700586556197347,0.014603913747234055,-1.5640112962393267,1.130147879676854,120.0310462140434,66.95362481129119
41847,041847,1863.741408936456,1863.741408936456,1907.013643152467,1907.013643152467,2.005329759075146,-0.003650044106571175,-1.5887481757638633,-0.014656299128578557,-1.575956084520097,1.11944171485232,120.9702880538638,67.1682674453265
41848,041848,1863.741408936456,1863.741408936456,1907.013643152467,1907.013643152467,2.00447886760607,-0.01270781496313672,-1.520610887543998,0.0164292314171461,-1.5728052951803733,1.102109518675779,120.9702880538638,67.1682674453265
41853,041853,1859.746969636308,1859.746969636308,1914.204755444865,1914.204755444865,2.009231466004983,-0.002970823641278691,-1.5699128441987793,0.02975543926078322,-1.5477314577859038,1.136123277061316,120.581700743319,67.21490441580156
41872,041872,1863.741408936456,1863.741408936456,1907.013643152467,1907.013643152467,2.005329759075146,-0.003650044106571175,-1.5887481941415185,-0.014653253011738941,-1.5777014108444942,1.11944171485232,120.9702880538638,67.1682674453265
41882,041882,1857.479804288565,1857.479804288565,1922.888630990956,1922.888630990956,2.004635553476707,0.005137445956362164,-1.558016415459667,-0.0031506953783180715,-1.5647864995029954,1.146133774946981,120.7571865009013,67.36403230763489
41895,041895,1880.974214387733,1880.974214387733,1915.779220181504,1915.779220181504,1.977851236897697,-0.006727592148754134,-1.569591747497633,-0.01629538688615913,-1.5688506905097992,1.100166968750412,119.4299449008713,66.58945770112874
41900,041900,1866.254649589019,1866.254649589019,1919.254029415608,1919.254029415608,2.023073685447837,-0.001729120249509546,-1.5676469090071028,0.013673190861190706,-1.5633595192911118,1.129930671152837,120.0310462140434,66.95362481129119
41904,041904,1842.404839758716,1842.404839758716,1934.754952608012,1934.754952608012,2.049676593409205,0.00840991717115261,-1.5282289359939825,0.030133228316926594,-1.5689091484340498,1.12962535674074,121.8558717032652,67.74032599935602
41915,041915,1858.597086427252,1858.597086427252,1924.42584741907,1924.42584741907,2.029652670668384,0.006069991084438096,-1.5481785083094486,0.042104190812269744,-1.5829092444598964,1.133153905263153,121.4569399168275,67.46593912807965
41931,041931,1863.741408936456,1863.741408936456,1907.013643152467,1907.013643152467,2.00447886760607,-0.01270781496313672,-1.520610887543998,0.0164292314171461,-1.5728052951803733,1.102109518675779,120.9702880538638,67.1682674453265
41951,041951,1858.597086427252,1858.597086427252,1924.42584741907,1924.42584741907,2.029652670668384,0.006069991084438096,-1.551672000605969,0.04206165324630392,-1.5795655590792688,1.133153905263153,121.4569399168275,67.46593912807965
41952,041952,1857.34965296426,1857.34965296426,1917.924623722001,1917.924623722001,2.015306616523902,0.0004902130710700773,-1.5922332470746603,-0.014668153580254308,-1.5759355608146708,1.125060013269004,121.1604837134374,67.28731745081727
41958,041958,1863.741408936456,1863.741408936456,1907.013643152467,1907.013643152467,2.005329759075146,-0.003650044106571175,-1.5887481941415185,-0.014653253011738941,-1.5777014108444942,1.11944171485232,120.9702880538638,67.1682674453265
41960,041960,1842.404839758716,1842.404839758716,1934.754952608012,1934.754952608012,2.047493806442693,0.01132193851634119,-1.5412444667550063,0.030238908236011552,-1.5662469692397305,1.128173733560131,121.8558717032652,67.74032599935602
41969,041969,1846.470459745119,1846.470459745119,1934.237294246353,1934.237294246353,2.053116246097614,0.007127191254660563,-1.5532465545489462,0.04239655825563713,-1.585496144359086,1.126073558516028,121.8482000805993,67.76262613512169
41970,041970,1880.974214387733,1880.974214387733,1915.779220181504,1915.779220181504,1.977851236897697,-0.006727592148754134,-1.569591747497633,-0.01629538688615913,-1.5688506905097992,1.100166968750412,119.4299449008713,66.58945770112874
42023,042023,1863.741408936456,1863.741408936456,1907.013643152467,1907.013643152467,2.00447886760607,-0.01270781496313672,-1.5188653261385996,0.01643271269900077,-1.5727766151929443,1.102109518675779,120.9702880538638,67.1682674453265
42040,042040,1863.741408936456,1863.741408936456,1907.013643152467,1907.013643152467,2.00447886760607,-0.01270781496313672,-1.5188653261385996,0.01643271269900077,-1.5727766151929443,1.102109518675779,120.9702880538638,67.1682674453265
42047,042047,1859.746969636308,1859.746969636308,1914.204755444865,1914.204755444865,2.009231466004983,-0.002970823641278691,-1.5629319833589455,0.02952976018188684,-1.5422887360998494,1.136123277061316,120.581700743319,67.21490441580156
42062,042062,1858.597086427252,1858.597086427252,1924.42584741907,1924.42584741907,2.029652670668384,0.006069991084438096,-1.551672000605969,0.04206165324630392,-1.5795655590792688,1.133153905263153,121.4569399168275,67.46593912807965
42071,042071,1880.974214387733,1880.974214387733,1915.779220181504,1915.779220181504,1.977851236897697,-0.006727592148754134,-1.5713373051013404,-0.016291966292714507,-1.5688222502099622,1.100166968750412,119.4299449008713,66.58945770112874
42072,042072,1846.470459745119,1846.470459745119,1934.237294246353,1934.237294246353,2.053116246097614,0.007127191254660563,-1.5532465545489462,0.04239655825563713,-1.585496144359086,1.126073558516028,121.8482000805993,67.76262613512169
42092,042092,1857.34965296426,1857.34965296426,1917.924623722001,1917.924623722001,2.015306616523902,0.0004902130710700773,-1.5922332210785368,-0.014674245860053241,-1.5741902425771948,1.125060013269004,121.1604837134374,67.28731745081727
42097,042097,1863.334264630649,1863.334264630649,1907.62696303471,1907.62696303471,2.015970272322051,0.008957195838649488,-1.5225925316185862,0.015377765957622191,-1.5681989866297787,1.131092790341723,121.100845132532,67.24295811544353
42118,042118,1866.254649589019,1866.254649589019,1919.254029415608,1919.254029415608,2.023073685447837,-0.001729120249509546,-1.569392313614426,0.013692241791982286,-1.5651287137304093,1.129930671152837,120.0310462140434,66.95362481129119
42131,042131,1880.974214387733,1880.974214387733,1915.779220181504,1915.779220181504,1.977851236897697,-0.006727592148754134,-1.569591747497633,-0.01629538688615913,-1.5688506905097992,1.100166968750412,119.4299449008713,66.58945770112874
42140,042140,1863.741408936456,1863.741408936456,1907.013643152467,1907.013643152467,2.005329759075146,-0.003650044106571175,-1.5887481941415185,-0.014653253011738941,-1.5777014108444942,1.11944171485232,120.9702880538638,67.1682674453265
42163,042163,1859.746969636308,1859.746969636308,1914.204755444865,1914.204755444865,2.009231466004983,-0.002970823641278691,-1.5646779031491849,0.02956119474784027,-1.5405950950370737,1.136123277061316,120.581700743319,67.21490441580156
42195,042195,1842.404839758716,1842.404839758716,1934.754952608012,1934.754952608012,2.048990724305743,0.001072998664298168,-1.572216906112501,0.005096192184355016,-1.5088385307464232,1.12456066455856,121.8558717032652,67.74032599935602
42203,042203,1866.254649589019,1866.254649589019,1919.254029415608,1919.254029415608,2.023073685447837,-0.001729120249509546,-1.569392313614426,0.013692241791982286,-1.5651287137304093,1.129930671152837,120.0310462140434,66.95362481129119
42226,042226,1859.746969636308,1859.746969636308,1914.204755444865,1914.204755444865,2.009231466004983,-0.002970823641278691,-1.5646779031491849,0.02956119474784027,-1.5405950950370737,1.136123277061316,120.581700743319,67.21490441580156
42245,042245,1863.741408936456,1863.741408936456,1907.013643152467,1907.013643152467,2.005329759075146,-0.003650044106571175,-1.5887481757638633,-0.014656299128578557,-1.575956084520097,1.11944171485232,120.9702880538638,67.1682674453265
42247,042247,1863.741408936456,1863.741408936456,1907.013643152467,1907.013643152467,2.005329759075146,-0.003650044106571175,-1.5887481941415185,-0.014653253011738941,-1.5777014108444942,1.11944171485232,120.9702880538638,67.1682674453265
42250,042250,1863.741408936456,1863.741408936456,1907.013643152467,1907.013643152467,2.005329759075146,-0.003650044106571175,-1.5887481757638633,-0.014656299128578557,-1.575956084520097,1.11944171485232,120.9702880538638,67.1682674453265
42280,042280,1847.919204237398,1847.919204237398,1921.263788490785,1921.263788490785,2.044438354629837,-0.006856317126254376,-1.56190185876231,0.01797318165006547,-1.538007519872931,1.124371377834915,121.2376221304691,67.59771650670672
42297,042297,1858.597086427252,1858.597086427252,1924.42584741907,1924.42584741907,2.029652670668384,0.006069991084438096,-1.5481785083094486,0.042104190812269744,-1.5829092444598964,1.133153905263153,121.4569399168275,67.46593912807965
42301,042301,1842.404839758716,1842.404839758716,1934.754952608012,1934.754952608012,2.049676593409205,0.00840991717115261,-1.5282289359939825,0.030133228316926594,-1.5689091484340498,1.12962535674074,121.8558717032652,67.74032599935602
42305,042305,1866.254649589019,1866.254649589019,1919.254029415608,1919.254029415608,2.023073685447837,-0.001729120249509546,-1.569392313614426,0.013692241791982286,-1.5651287137304093,1.129930671152837,120.0310462140434,66.95362481129119
42307,042307,1857.479804288565,1857.479804288565,1922.888630990956,1922.888630990956,2.004635553476707,0.005137445956362164,-1.558016415459667,-0.0031506953783180715,-1.5647864995029954,1.146133774946981,120.7571865009013,67.36403230763489
42321,042321,1866.254649589019,1866.254649589019,1919.254029415608,1919.254029415608,2.023073685447837,-0.001729120249509546,-1.569392313614426,0.013692241791982286,-1.5651287137304093,1.129930671152837,120.0310462140434,66.95362481129119
42324,042324,1857.34965296426,1857.34965296426,1917.924623722001,1917.924623722001,2.015306616523902,0.0004902130710700773,-1.5922332210785368,-0.014674245860053241,-1.5741902425771948,1.125060013269004,121.1604837134374,67.28731745081727
42332,042332,1842.404839758716,1842.404839758716,1934.754952608012,1934.754952608012,2.047493806442693,0.01132193851634119,-1.5412444667550063,0.030238908236011552,-1.5662469692397305,1.128173733560131,121.8558717032652,67.74032599935602
42337,042337,1880.974214387733,1880.974214387733,1915.779220181504,1915.779220181504,1.977851236897697,-0.006727592148754134,-1.569591747497633,-0.01629538688615913,-1.5688506905097992,1.100166968750412,119.4299449008713,66.58945770112874
42345,042345,1866.254649589019,1866.254649589019,1919.254029415608,1919.254029415608,2.023073685447837,-0.001729120249509546,-1.569392313614426,0.013692241791982286,-1.5651287137304093,1.129930671152837,120.0310462140434,66.95362481129119
42382,042382,1866.254649589019,1866.254649589019,1919.254029415608,1919.254029415608,2.023073685447837,-0.001729120249509546,-1.569392313614426,0.013692241791982286,-1.5651287137304093,1.129930671152837,120.0310462140434,66.95362481129119
42385,042385,1863.741408936456,1863.741408936456,1907.013643152467,1907.013643152467,2.005329759075146,-0.003650044106571175,-1.5887481757638633,-0.014656299128578557,-1.575956084520097,1.11944171485232,120.9702880538638,67.1682674453265
42388,042388,1860.44342061537,1860.44342061537,1931.800446368316,1931.800446368316,2.014037351924079,-0.002481086856738699,-1.5657787946070796,0.024763195053972537,-1.5905180797729668,1.128847994220851,121.0847164834004,67.28639589561944
42396,042396,1863.741408936456,1863.741408936456,1907.013643152467,1907.013643152467,2.00447886760607,-0.01270781496313672,-1.5188653261385996,0.01643271269900077,-1.5727766151929443,1.102109518675779,120.9702880538638,67.1682674453265
42406,042406,1842.404839758716,1842.404839758716,1934.754952608012,1934.754952608012,2.049676593409205,0.00840991717115261,-1.5282289359939825,0.030133228316926594,-1.5689091484340498,1.12962535674074,121.8558717032652,67.74032599935602
42410,042410,1860.44342061537,1860.44342061537,1931.800446368316,1931.800446368316,2.014037351924079,-0.002481086856738699,-1.5657787946070796,0.024763195053972537,-1.5905180797729668,1.128847994220851,121.0847164834004,67.28639589561944
42413,042413,1863.741408936456,1863.741408936456,1907.013643152467,1907.013643152467,2.005329759075146,-0.003650044106571175,-1.5887481757638633,-0.014656299128578557,-1.575956084520097,1.11944171485232,120.9702880538638,67.1682674453265
42432,042432,1859.746969636308,1859.746969636308,1914.204755444865,1914.204755444865,2.009231466004983,-0.002970823641278691,-1.5699128441987793,0.02975543926078322,-1.5477314577859038,1.136123277061316,120.581700743319,67.21490441580156
42441,042441,1880.974214387733,1880.974214387733,1915.779220181504,1915.779220181504,1.977851236897697,-0.006727592148754134,-1.5713373051013404,-0.016291966292714507,-1.5688222502099622,1.100166968750412,119.4299449008713,66.58945770112874
42454,042454,1847.919204237398,1847.919204237398,1921.263788490785,1921.263788490785,2.044438354629837,-0.006856317126254376,-1.56190185876231,0.01797318165006547,-1.538007519872931,1.124371377834915,121.2376221304691,67.59771650670672
42465,042465,1880.974214387733,1880.974214387733,1915.779220181504,1915.779220181504,1.977851236897697,-0.006727592148754134,-1.569591747497633,-0.01629538688615913,-1.5688506905097992,1.100166968750412,119.4299449008713,66.58945770112874
42478,042478,1842.404839758716,1842.404839758716,1934.754952608012,1934.754952608012,2.049676593409205,0.00840991717115261,-1.5282289359939825,0.030133228316926594,-1.5689091484340498,1.12962535674074,121.8558717032652,67.74032599935602
42479,042479,1863.741408936456,1863.741408936456,1907.013643152467,1907.013643152467,2.00447886760607,-0.01270781496313672,-1.5188653261385996,0.01643271269900077,-1.5727766151929443,1.102109518675779,120.9702880538638,67.1682674453265
42484,042484,1857.34965296426,1857.34965296426,1917.924623722001,1917.924623722001,2.015306616523902,0.0004902130710700773,-1.5922332470746603,-0.014668153580254308,-1.5759355608146708,1.125060013269004,121.1604837134374,67.28731745081727
42502,042502,1842.404839758716,1842.404839758716,1934.754952608012,1934.754952608012,2.049676593409205,0.00840991717115261,-1.5282289359939825,0.030133228316926594,-1.5689091484340498,1.12962535674074,121.8558717032652,67.74032599935602
42514,042514,1863.741408936456,1863.741408936456,1907.013643152467,1907.013643152467,2.00447886760607,-0.01270781496313672,-1.5188653261385996,0.01643271269900077,-1.5727766151929443,1.102109518675779,120.9702880538638,67.1682674453265
42558,042558,1863.741408936456,1863.741408936456,1907.013643152467,1907.013643152467,2.00447886760607,-0.01270781496313672,-1.5188653261385996,0.01643271269900077,-1.5727766151929443,1.102109518675779,120.9702880538638,67.1682674453265
42564,042564,1866.254649589019,1866.254649589019,1919.254029415608,1919.254029415608,2.023073685447837,-0.001729120249509546,-1.569392313614426,0.013692241791982286,-1.5651287137304093,1.129930671152837,120.0310462140434,66.95362481129119
42565,042565,1863.741408936456,1863.741408936456,1907.013643152467,1907.013643152467,2.00447886760607,-0.01270781496313672,-1.5188653261385996,0.01643271269900077,-1.5727766151929443,1.102109518675779,120.9702880538638,67.1682674453265
42579,042579,1859.746969636308,1859.746969636308,1914.204755444865,1914.204755444865,2.009231466004983,-0.002970823641278691,-1.5629319833589455,0.02952976018188684,-1.5422887360998494,1.136123277061316,120.581700743319,67.21490441580156
42580,042580,1863.741408936456,1863.741408936456,1907.013643152467,1907.013643152467,2.005329759075146,-0.003650044106571175,-1.5887481941415185,-0.014653253011738941,-1.5777014108444942,1.11944171485232,120.9702880538638,67.1682674453265
42583,042583,1863.334264630649,1863.334264630649,1907.62696303471,1907.62696303471,2.015970272322051,0.008957195838649488,-1.5225925316185862,0.015377765957622191,-1.5681989866297787,1.131092790341723,121.100845132532,67.24295811544353
42584,042584,1859.746969636308,1859.746969636308,1914.204755444865,1914.204755444865,2.009231466004983,-0.002970823641278691,-1.5629319833589455,0.02952976018188684,-1.5422887360998494,1.136123277061316,120.581700743319,67.21490441580156
42593,042593,1859.746969636308,1859.746969636308,1914.204755444865,1914.204755444865,2.009231466004983,-0.002970823641278691,-1.5629319833589455,0.02952976018188684,-1.5422887360998494,1.136123277061316,120.581700743319,67.21490441580156
42607,042607,1857.34965296426,1857.34965296426,1917.924623722001,1917.924623722001,2.015306616523902,0.0004902130710700773,-1.5922332470746603,-0.014668153580254308,-1.5759355608146708,1.125060013269004,121.1604837134374,67.28731745081727
42609,042609,1859.746969636308,1859.746969636308,1914.204755444865,1914.204755444865,2.009231466004983,-0.002970823641278691,-1.5646779031491849,0.02956119474784027,-1.5405950950370737,1.136123277061316,120.581700743319,67.21490441580156
42633,042633,1863.334264630649,1863.334264630649,1907.62696303471,1907.62696303471,2.015970272322051,0.008957195838649488,-1.5225925316185862,0.015377765957622191,-1.5681989866297787,1.131092790341723,121.100845132532,67.24295811544353
42638,042638,1857.479804288565,1857.479804288565,1922.888630990956,1922.888630990956,2.004635553476707,0.005137445956362164,-1.558016415459667,-0.0031506953783180715,-1.5647864995029954,1.146133774946981,120.7571865009013,67.36403230763489
42644,042644,1842.404839758716,1842.404839758716,1934.754952608012,1934.754952608012,2.047493806442693,0.01132193851634119,-1.5412444667550063,0.030238908236011552,-1.5662469692397305,1.128173733560131,121.8558717032652,67.74032599935602
42650,042650,1857.34965296426,1857.34965296426,1917.924623722001,1917.924623722001,2.015306616523902,0.0004902130710700773,-1.5922332470746603,-0.014668153580254308,-1.5759355608146708,1.125060013269004,121.1604837134374,67.28731745081727
42667,042667,1863.741408936456,1863.741408936456,1907.013643152467,1907.013643152467,2.005329759075146,-0.003650044106571175,-1.5887481757638633,-0.014656299128578557,-1.575956084520097,1.11944171485232,120.9702880538638,67.1682674453265
42671,042671,1857.479804288565,1857.479804288565,1922.888630990956,1922.888630990956,2.004635553476707,0.005137445956362164,-1.558016415459667,-0.0031506953783180715,-1.5647864995029954,1.146133774946981,120.7571865009013,67.36403230763489
42699,042699,1866.254649589019,1866.254649589019,1919.254029415608,1919.254029415608,2.022382969590999,-0.003597953696000636,-1.5700586556197347,0.014603913747234055,-1.5640112962393267,1.130147879676854,120.0310462140434,66.95362481129119
42726,042726,1866.254649589019,1866.254649589019,1919.254029415608,1919.254029415608,2.023073685447837,-0.001729120249509546,-1.569392313614426,0.013692241791982286,-1.5651287137304093,1.129930671152837,120.0310462140434,66.95362481129119
42735,042735,1857.34965296426,1857.34965296426,1917.924623722001,1917.924623722001,2.015306616523902,0.0004902130710700773,-1.5922332210785368,-0.014674245860053241,-1.5741902425771948,1.125060013269004,121.1604837134374,67.28731745081727
42737,042737,1857.34965296426,1857.34965296426,1917.924623722001,1917.924623722001,2.015306616523902,0.0004902130710700773,-1.5922332470746603,-0.014668153580254308,-1.5759355608146708,1.125060013269004,121.1604837134374,67.28731745081727
42738,042738,1847.116217739898,1847.116217739898,1920.328938364941,1920.328938364941,2.060449968825982,0.003456435914382118,-1.5472161582127677,0.04136748204401791,-1.5835846684737027,1.125847687559312,122.0079502999924,67.85909072420095
42744,042744,1866.254649589019,1866.254649589019,1919.254029415608,1919.254029415608,2.023073685447837,-0.001729120249509546,-1.569392313614426,0.013692241791982286,-1.5651287137304093,1.129930671152837,120.0310462140434,66.95362481129119
42745,042745,1866.254649589019,1866.254649589019,1919.254029415608,1919.254029415608,2.023073685447837,-0.001729120249509546,-1.5676469090071028,0.013673190861190706,-1.5633595192911118,1.129930671152837,120.0310462140434,66.95362481129119
42746,042746,1866.254649589019,1866.254649589019,1919.254029415608,1919.254029415608,2.023073685447837,-0.001729120249509546,-1.569392313614426,0.013692241791982286,-1.5651287137304093,1.129930671152837,120.0310462140434,66.95362481129119
42750,042750,1863.741408936456,1863.741408936456,1907.013643152467,1907.013643152467,2.005329759075146,-0.003650044106571175,-1.5887481757638633,-0.014656299128578557,-1.575956084520097,1.11944171485232,120.9702880538638,67.1682674453265
42817,042817,1846.470459745119,1846.470459745119,1934.237294246353,1934.237294246353,2.053116246097614,0.007127191254660563,-1.5532465545489462,0.04239655825563713,-1.585496144359086,1.126073558516028,121.8482000805993,67.76262613512169
42821,042821,1859.746969636308,1859.746969636308,1914.204755444865,1914.204755444865,2.009231466004983,-0.002970823641278691,-1.5699128441987793,0.02975543926078322,-1.5477314577859038,1.136123277061316,120.581700743319,67.21490441580156
42823,042823,1857.34965296426,1857.34965296426,1917.924623722001,1917.924623722001,2.015306616523902,0.0004902130710700773,-1.5922332470746603,-0.014668153580254308,-1.5759355608146708,1.125060013269004,121.1604837134374,67.28731745081727
42832,042832,1842.404839758716,1842.404839758716,1934.754952608012,1934.754952608012,2.047493806442693,0.01132193851634119,-1.5412444667550063,0.030238908236011552,-1.5662469692397305,1.128173733560131,121.8558717032652,67.74032599935602
42857,042857,1857.34965296426,1857.34965296426,1917.924623722001,1917.924623722001,2.015306616523902,0.0004902130710700773,-1.5904877533289208,-0.014659161626945269,-1.5759611552265513,1.125060013269004,121.1604837134374,67.28731745081727
42867,042867,1866.254649589019,1866.254649589019,1919.254029415608,1919.254029415608,2.022382969590999,-0.003597953696000636,-1.5700586556197347,0.014603913747234055,-1.5640112962393267,1.130147879676854,120.0310462140434,66.95362481129119
42885,042885,1863.741408936456,1863.741408936456,1907.013643152467,1907.013643152467,2.005329759075146,-0.003650044106571175,-1.5887481757638633,-0.014656299128578557,-1.575956084520097,1.11944171485232,120.9702880538638,67.1682674453265
42888,042888,1857.34965296426,1857.34965296426,1917.924623722001,1917.924623722001,2.015306616523902,0.0004902130710700773,-1.5904877533289208,-0.014659161626945269,-1.5759611552265513,1.125060013269004,121.1604837134374,67.28731745081727
42889,042889,1866.254649589019,1866.254649589019,1919.254029415608,1919.254029415608,2.023073685447837,-0.001729120249509546,-1.569392313614426,0.013692241791982286,-1.5651287137304093,1.129930671152837,120.0310462140434,66.95362481129119
42913,042913,1857.479804288565,1857.479804288565,1922.888630990956,1922.888630990956,2.004635553476707,0.005137445956362164,-1.5510357394219714,-0.003256540141911394,-1.5595730426885313,1.146133774946981,120.7571865009013,67.36403230763489
42914,042914,1860.44342061537,1860.44342061537,1931.800446368316,1931.800446368316,2.014037351924079,-0.002481086856738699,-1.5657787946070796,0.024763195053972537,-1.5905180797729668,1.128847994220851,121.0847164834004,67.28639589561944
42915,042915,1842.404839758716,1842.404839758716,1934.754952608012,1934.754952608012,2.047493806442693,0.01132193851634119,-1.5412444667550063,0.030238908236011552,-1.5662469692397305,1.128173733560131,121.8558717032652,67.74032599935602
42917,042917,1863.741408936456,1863.741408936456,1907.013643152467,1907.013643152467,2.00447886760607,-0.01270781496313672,-1.5188653261385996,0.01643271269900077,-1.5727766151929443,1.102109518675779,120.9702880538638,67.1682674453265
42920,042920,1860.44342061537,1860.44342061537,1931.800446368316,1931.800446368316,2.014037351924079,-0.002481086856738699,-1.5657787946070796,0.024763195053972537,-1.5905180797729668,1.128847994220851,121.0847164834004,67.28639589561944
42938,042938,1857.479804288565,1857.479804288565,1922.888630990956,1922.888630990956,2.004635553476707,0.005137445956362164,-1.558016415459667,-0.0031506953783180715,-1.5647864995029954,1.146133774946981,120.7571865009013,67.36403230763489
42942,042942,1859.746969636308,1859.746969636308,1914.204755444865,1914.204755444865,2.009231466004983,-0.002970823641278691,-1.5629319833589455,0.02952976018188684,-1.5422887360998494,1.136123277061316,120.581700743319,67.21490441580156
42959,042959,1846.470459745119,1846.470459745119,1934.237294246353,1934.237294246353,2.053116246097614,0.007127191254660563,-1.5532465545489462,0.04239655825563713,-1.585496144359086,1.126073558516028,121.8482000805993,67.76262613512169
42972,042972,1863.741408936456,1863.741408936456,1907.013643152467,1907.013643152467,2.00447886760607,-0.01270781496313672,-1.5188653261385996,0.01643271269900077,-1.5727766151929443,1.102109518675779,120.9702880538638,67.1682674453265
42975,042975,1857.479804288565,1857.479804288565,1922.888630990956,1922.888630990956,2.004635553476707,0.005137445956362164,-1.558016415459667,-0.0031506953783180715,-1.5647864995029954,1.146133774946981,120.7571865009013,67.36403230763489
42986,042986,1857.34965296426,1857.34965296426,1917.924623722001,1917.924623722001,2.015306616523902,0.0004902130710700773,-1.5922332470746603,-0.014668153580254308,-1.5759355608146708,1.125060013269004,121.1604837134374,67.28731745081727
42989,042989,1863.741408936456,1863.741408936456,1907.013643152467,1907.013643152467,2.00447886760607,-0.01270781496313672,-1.520610887543998,0.0164292314171461,-1.5728052951803733,1.102109518675779,120.9702880538638,67.1682674453265
42995,042995,1863.741408936456,1863.741408936456,1907.013643152467,1907.013643152467,2.005329759075146,-0.003650044106571175,-1.5887481757638633,-0.014656299128578557,-1.575956084520097,1.11944171485232,120.9702880538638,67.1682674453265
43000,043000,1866.254649589019,1866.254649589019,1919.254029415608,1919.254029415608,2.023073685447837,-0.001729120249509546,-1.5676469090071028,0.013673190861190706,-1.5633595192911118,1.129930671152837,120.0310462140434,66.95362481129119
43019,043019,1860.44342061537,1860.44342061537,1931.800446368316,1931.800446368316,2.014037351924079,-0.002481086856738699,-1.5657787946070796,0.024763195053972537,-1.5905180797729668,1.128847994220851,121.0847164834004,67.28639589561944
43032,043032,1857.34965296426,1857.34965296426,1917.924623722001,1917.924623722001,2.015306616523902,0.0004902130710700773,-1.5922332470746603,-0.014668153580254308,-1.5759355608146708,1.125060013269004,121.1604837134374,67.28731745081727
43035,043035,1863.741408936456,1863.741408936456,1907.013643152467,1907.013643152467,2.005329759075146,-0.003650044106571175,-1.5887481941415185,-0.014653253011738941,-1.5777014108444942,1.11944171485232,120.9702880538638,67.1682674453265
43042,043042,1860.44342061537,1860.44342061537,1931.800446368316,1931.800446368316,2.014037351924079,-0.002481086856738699,-1.5657787946070796,0.024763195053972537,-1.5905180797729668,1.128847994220851,121.0847164834004,67.28639589561944
43047,043047,1851.83618357446,1851.83618357446,1915.259734665388,1915.259734665388,2.0339196102626,-0.005694530419066602,-1.5633867713774594,0.027318665851437763,-1.5421717586459984,1.130775474183994,121.1021209397552,67.48494915545704
43061,043061,1863.741408936456,1863.741408936456,1907.013643152467,1907.013643152467,2.005329759075146,-0.003650044106571175,-1.5887481757638633,-0.014656299128578557,-1.575956084520097,1.11944171485232,120.9702880538638,67.1682674453265
43067,043067,1842.404839758716,1842.404839758716,1934.754952608012,1934.754952608012,2.049676593409205,0.00840991717115261,-1.5282289359939825,0.030133228316926594,-1.5689091484340498,1.12962535674074,121.8558717032652,67.74032599935602
43072,043072,1857.34965296426,1857.34965296426,1917.924623722001,1917.924623722001,2.015306616523902,0.0004902130710700773,-1.5922332470746603,-0.014668153580254308,-1.5759355608146708,1.125060013269004,121.1604837134374,67.28731745081727
43075,043075,1857.479804288565,1857.479804288565,1922.888630990956,1922.888630990956,2.004635553476707,0.005137445956362164,-1.558016415459667,-0.0031506953783180715,-1.5647864995029954,1.146133774946981,120.7571865009013,67.36403230763489
43076,043076,1857.479804288565,1857.479804288565,1922.888630990956,1922.888630990956,2.004635553476707,0.005137445956362164,-1.558016415459667,-0.0031506953783180715,-1.5647864995029954,1.146133774946981,120.7571865009013,67.36403230763489
43104,043104,1842.404839758716,1842.404839758716,1934.754952608012,1934.754952608012,2.047493806442693,0.01132193851634119,-1.5412444667550063,0.030238908236011552,-1.5662469692397305,1.128173733560131,121.8558717032652,67.74032599935602
43113,043113,1842.404839758716,1842.404839758716,1934.754952608012,1934.754952608012,2.047493806442693,0.01132193851634119,-1.5412444667550063,0.030238908236011552,-1.5662469692397305,1.128173733560131,121.8558717032652,67.74032599935602
43124,043124,1846.470459745119,1846.470459745119,1934.237294246353,1934.237294246353,2.053116246097614,0.007127191254660563,-1.5532465545489462,0.04239655825563713,-1.585496144359086,1.126073558516028,121.8482000805993,67.76262613512169
43127,043127,1866.254649589019,1866.254649589019,1919.254029415608,1919.254029415608,2.023073685447837,-0.001729120249509546,-1.5676469090071028,0.013673190861190706,-1.5633595192911118,1.129930671152837,120.0310462140434,66.95362481129119
43133,043133,1866.254649589019,1866.254649589019,1919.254029415608,1919.254029415608,2.023073685447837,-0.001729120249509546,-1.5676469090071028,0.013673190861190706,-1.5633595192911118,1.129930671152837,120.0310462140434,66.95362481129119
43134,043134,1857.34965296426,1857.34965296426,1917.924623722001,1917.924623722001,2.015306616523902,0.0004902130710700773,-1.5922332470746603,-0.014668153580254308,-1.5759355608146708,1.125060013269004,121.1604837134374,67.28731745081727
43144,043144,1842.404839758716,1842.404839758716,1934.754952608012,1934.754952608012,2.047493806442693,0.01132193851634119,-1.5412444667550063,0.030238908236011552,-1.5662469692397305,1.128173733560131,121.8558717032652,67.74032599935602
43170,043170,1860.44342061537,1860.44342061537,1931.800446368316,1931.800446368316,2.014037351924079,-0.002481086856738699,-1.5657787946070796,0.024763195053972537,-1.5905180797729668,1.128847994220851,121.0847164834004,67.28639589561944
43186,043186,1880.974214387733,1880.974214387733,1915.779220181504,1915.779220181504,1.977851236897697,-0.006727592148754134,-1.5713373051013404,-0.016291966292714507,-1.5688222502099622,1.100166968750412,119.4299449008713,66.58945770112874
43201,043201,1880.974214387733,1880.974214387733,1915.779220181504,1915.779220181504,1.977851236897697,-0.006727592148754134,-1.5713373051013404,-0.016291966292714507,-1.5688222502099622,1.100166968750412,119.4299449008713,66.58945770112874
43202,043202,1866.254649589019,1866.254649589019,1919.254029415608,1919.254029415608,2.023073685447837,-0.001729120249509546,-1.569392313614426,0.013692241791982286,-1.5651287137304093,1.129930671152837,120.0310462140434,66.95362481129119
43208,043208,1860.44342061537,1860.44342061537,1931.800446368316,1931.800446368316,2.014037351924079,-0.002481086856738699,-1.5657787946070796,0.024763195053972537,-1.5905180797729668,1.128847994220851,121.0847164834004,67.28639589561944
43210,043210,1857.479804288565,1857.479804288565,1922.888630990956,1922.888630990956,2.004635553476707,0.005137445956362164,-1.558016415459667,-0.0031506953783180715,-1.5647864995029954,1.146133774946981,120.7571865009013,67.36403230763489
43211,043211,1859.746969636308,1859.746969636308,1914.204755444865,1914.204755444865,2.009231466004983,-0.002970823641278691,-1.5629319833589455,0.02952976018188684,-1.5422887360998494,1.136123277061316,120.581700743319,67.21490441580156
43224,043224,1863.741408936456,1863.741408936456,1907.013643152467,1907.013643152467,2.005329759075146,-0.003650044106571175,-1.5887481757638633,-0.014656299128578557,-1.575956084520097,1.11944171485232,120.9702880538638,67.1682674453265
43248,043248,1842.404839758716,1842.404839758716,1934.754952608012,1934.754952608012,2.049676593409205,0.00840991717115261,-1.5282289359939825,0.030133228316926594,-1.5689091484340498,1.12962535674074,121.8558717032652,67.74032599935602
43262,043262,1863.741408936456,1863.741408936456,1907.013643152467,1907.013643152467,2.00447886760607,-0.01270781496313672,-1.5188653261385996,0.01643271269900077,-1.5727766151929443,1.102109518675779,120.9702880538638,67.1682674453265
43271,043271,1880.974214387733,1880.974214387733,1915.779220181504,1915.779220181504,1.977851236897697,-0.006727592148754134,-1.569591747497633,-0.01629538688615913,-1.5688506905097992,1.100166968750412,119.4299449008713,66.58945770112874
43278,043278,1857.479804288565,1857.479804288565,1922.888630990956,1922.888630990956,2.004635553476707,0.005137445956362164,-1.558016415459667,-0.0031506953783180715,-1.5647864995029954,1.146133774946981,120.7571865009013,67.36403230763489
43313,043313,1857.34965296426,1857.34965296426,1917.924623722001,1917.924623722001,2.015306616523902,0.0004902130710700773,-1.5922332470746603,-0.014668153580254308,-1.5759355608146708,1.125060013269004,121.1604837134374,67.28731745081727
43319,043319,1857.34965296426,1857.34965296426,1917.924623722001,1917.924623722001,2.015306616523902,0.0004902130710700773,-1.5922332470746603,-0.014668153580254308,-1.5759355608146708,1.125060013269004,121.1604837134374,67.28731745081727
43326,043326,1880.974214387733,1880.974214387733,1915.779220181504,1915.779220181504,1.977851236897697,-0.006727592148754134,-1.5713373051013404,-0.016291966292714507,-1.5688222502099622,1.100166968750412,119.4299449008713,66.58945770112874
43328,043328,1860.44342061537,1860.44342061537,1931.800446368316,1931.800446368316,2.014037351924079,-0.002481086856738699,-1.5657787946070796,0.024763195053972537,-1.5905180797729668,1.128847994220851,121.0847164834004,67.28639589561944
43329,043329,1842.404839758716,1842.404839758716,1934.754952608012,1934.754952608012,2.049676593409205,0.00840991717115261,-1.5282289359939825,0.030133228316926594,-1.5689091484340498,1.12962535674074,121.8558717032652,67.74032599935602
43332,043332,1880.974214387733,1880.974214387733,1915.779220181504,1915.779220181504,1.977851236897697,-0.006727592148754134,-1.5713373051013404,-0.016291966292714507,-1.5688222502099622,1.100166968750412,119.4299449008713,66.58945770112874
43337,043337,1857.34965296426,1857.34965296426,1917.924623722001,1917.924623722001,2.015306616523902,0.0004902130710700773,-1.5904877533289208,-0.014659161626945269,-1.5759611552265513,1.125060013269004,121.1604837134374,67.28731745081727
43366,043366,1842.404839758716,1842.404839758716,1934.754952608012,1934.754952608012,2.047493806442693,0.01132193851634119,-1.5412444667550063,0.030238908236011552,-1.5662469692397305,1.128173733560131,121.8558717032652,67.74032599935602
43381,043381,1863.741408936456,1863.741408936456,1907.013643152467,1907.013643152467,2.00447886760607,-0.01270781496313672,-1.5188653261385996,0.01643271269900077,-1.5727766151929443,1.102109518675779,120.9702880538638,67.1682674453265
43383,043383,1863.741408936456,1863.741408936456,1907.013643152467,1907.013643152467,2.00447886760607,-0.01270781496313672,-1.5188653261385996,0.01643271269900077,-1.5727766151929443,1.102109518675779,120.9702880538638,67.1682674453265
43397,043397,1880.974214387733,1880.974214387733,1915.779220181504,1915.779220181504,1.977851236897697,-0.006727592148754134,-1.569591747497633,-0.01629538688615913,-1.5688506905097992,1.100166968750412,119.4299449008713,66.58945770112874
43403,043403,1842.404839758716,1842.404839758716,1934.754952608012,1934.754952608012,2.047493806442693,0.01132193851634119,-1.5412444667550063,0.030238908236011552,-1.5662469692397305,1.128173733560131,121.8558717032652,67.74032599935602
43420,043420,1847.919204237398,1847.919204237398,1921.263788490785,1921.263788490785,2.044438354629837,-0.006856317126254376,-1.56190185876231,0.01797318165006547,-1.538007519872931,1.124371377834915,121.2376221304691,67.59771650670672
43427,043427,1880.974214387733,1880.974214387733,1915.779220181504,1915.779220181504,1.977851236897697,-0.006727592148754134,-1.5695917278837737,-0.016277110187861606,-1.570595924383754,1.100166968750412,119.4299449008713,66.58945770112874
43429,043429,1863.741408936456,1863.741408936456,1907.013643152467,1907.013643152467,2.00447886760607,-0.01270781496313672,-1.5188653261385996,0.01643271269900077,-1.5727766151929443,1.102109518675779,120.9702880538638,67.1682674453265
43434,043434,1857.34965296426,1857.34965296426,1917.924623722001,1917.924623722001,2.015306616523902,0.0004902130710700773,-1.5904877533289208,-0.014659161626945269,-1.5759611552265513,1.125060013269004,121.1604837134374,67.28731745081727
43437,043437,1857.479804288565,1857.479804288565,1922.888630990956,1922.888630990956,2.004635553476707,0.005137445956362164,-1.5510357394219714,-0.003256540141911394,-1.5595730426885313,1.146133774946981,120.7571865009013,67.36403230763489
43439,043439,1857.479804288565,1857.479804288565,1922.888630990956,1922.888630990956,2.004635553476707,0.005137445956362164,-1.558016415459667,-0.0031506953783180715,-1.5647864995029954,1.146133774946981,120.7571865009013,67.36403230763489
43444,043444,1842.404839758716,1842.404839758716,1934.754952608012,1934.754952608012,2.049676593409205,0.00840991717115261,-1.5282289359939825,0.030133228316926594,-1.5689091484340498,1.12962535674074,121.8558717032652,67.74032599935602
43449,043449,1857.34965296426,1857.34965296426,1917.924623722001,1917.924623722001,2.015306616523902,0.0004902130710700773,-1.5922332210785368,-0.014674245860053241,-1.5741902425771948,1.125060013269004,121.1604837134374,67.28731745081727
43452,043452,1842.404839758716,1842.404839758716,1934.754952608012,1934.754952608012,2.047493806442693,0.01132193851634119,-1.5412444667550063,0.030238908236011552,-1.5662469692397305,1.128173733560131,121.8558717032652,67.74032599935602
43476,043476,1866.254649589019,1866.254649589019,1919.254029415608,1919.254029415608,2.023073685447837,-0.001729120249509546,-1.5676469090071028,0.013673190861190706,-1.5633595192911118,1.129930671152837,120.0310462140434,66.95362481129119
43489,043489,1866.254649589019,1866.254649589019,1919.254029415608,1919.254029415608,2.023073685447837,-0.001729120249509546,-1.5676469090071028,0.013673190861190706,-1.5633595192911118,1.129930671152837,120.0310462140434,66.95362481129119
43504,043504,1866.254649589019,1866.254649589019,1919.254029415608,1919.254029415608,2.023073685447837,-0.001729120249509546,-1.569392313614426,0.013692241791982286,-1.5651287137304093,1.129930671152837,120.0310462140434,66.95362481129119
43513,043513,1863.741408936456,1863.741408936456,1907.013643152467,1907.013643152467,2.005329759075146,-0.003650044106571175,-1.5887481941415185,-0.014653253011738941,-1.5777014108444942,1.11944171485232,120.9702880538638,67.1682674453265
43524,043524,1866.254649589019,1866.254649589019,1919.254029415608,1919.254029415608,2.023073685447837,-0.001729120249509546,-1.569392313614426,0.013692241791982286,-1.5651287137304093,1.129930671152837,120.0310462140434,66.95362481129119
43536,043536,1859.746969636308,1859.746969636308,1914.204755444865,1914.204755444865,2.009231466004983,-0.002970823641278691,-1.5629319833589455,0.02952976018188684,-1.5422887360998494,1.136123277061316,120.581700743319,67.21490441580156
43537,043537,1858.597086427252,1858.597086427252,1924.42584741907,1924.42584741907,2.029652670668384,0.006069991084438096,-1.5481785083094486,0.042104190812269744,-1.5829092444598964,1.133153905263153,121.4569399168275,67.46593912807965
43546,043546,1847.919204237398,1847.919204237398,1921.263788490785,1921.263788490785,2.044438354629837,-0.006856317126254376,-1.56190185876231,0.01797318165006547,-1.538007519872931,1.124371377834915,121.2376221304691,67.59771650670672
43557,043557,1859.746969636308,1859.746969636308,1914.204755444865,1914.204755444865,2.009231466004983,-0.002970823641278691,-1.5629319833589455,0.02952976018188684,-1.5422887360998494,1.136123277061316,120.581700743319,67.21490441580156
43558,043558,1857.34965296426,1857.34965296426,1917.924623722001,1917.924623722001,2.015306616523902,0.0004902130710700773,-1.5922332470746603,-0.014668153580254308,-1.5759355608146708,1.125060013269004,121.1604837134374,67.28731745081727
43560,043560,1857.34965296426,1857.34965296426,1917.924623722001,1917.924623722001,2.015306616523902,0.0004902130710700773,-1.5922332470746603,-0.014668153580254308,-1.5759355608146708,1.125060013269004,121.1604837134374,67.28731745081727
43583,043583,1863.741408936456,1863.741408936456,1907.013643152467,1907.013643152467,2.005329759075146,-0.003650044106571175,-1.5887481941415185,-0.014653253011738941,-1.5777014108444942,1.11944171485232,120.9702880538638,67.1682674453265
43608,043608,1859.746969636308,1859.746969636308,1914.204755444865,1914.204755444865,2.009231466004983,-0.002970823641278691,-1.5646779031491849,0.02956119474784027,-1.5405950950370737,1.136123277061316,120.581700743319,67.21490441580156
43610,043610,1857.34965296426,1857.34965296426,1917.924623722001,1917.924623722001,2.015306616523902,0.0004902130710700773,-1.5922332470746603,-0.014668153580254308,-1.5759355608146708,1.125060013269004,121.1604837134374,67.28731745081727
43616,043616,1860.44342061537,1860.44342061537,1931.800446368316,1931.800446368316,2.014037351924079,-0.002481086856738699,-1.5657787946070796,0.024763195053972537,-1.5905180797729668,1.128847994220851,121.0847164834004,67.28639589561944
43624,043624,1880.974214387733,1880.974214387733,1915.779220181504,1915.779220181504,1.977851236897697,-0.006727592148754134,-1.569591747497633,-0.01629538688615913,-1.5688506905097992,1.100166968750412,119.4299449008713,66.58945770112874
43625,043625,1842.404839758716,1842.404839758716,1934.754952608012,1934.754952608012,2.047493806442693,0.01132193851634119,-1.5412444667550063,0.030238908236011552,-1.5662469692397305,1.128173733560131,121.8558717032652,67.74032599935602
43632,043632,1842.404839758716,1842.404839758716,1934.754952608012,1934.754952608012,2.047493806442693,0.01132193851634119,-1.5412444667550063,0.030238908236011552,-1.5662469692397305,1.128173733560131,121.8558717032652,67.74032599935602
43642,043642,1842.404839758716,1842.404839758716,1934.754952608012,1934.754952608012,2.047493806442693,0.01132193851634119,-1.5412444667550063,0.030238908236011552,-1.5662469692397305,1.128173733560131,121.8558717032652,67.74032599935602
43667,043667,1859.746969636308,1859.746969636308,1914.204755444865,1914.204755444865,2.009231466004983,-0.002970823641278691,-1.5629319833589455,0.02952976018188684,-1.5422887360998494,1.136123277061316,120.581700743319,67.21490441580156
43671,043671,1857.479804288565,1857.479804288565,1922.888630990956,1922.888630990956,2.004635553476707,0.005137445956362164,-1.558016415459667,-0.0031506953783180715,-1.5647864995029954,1.146133774946981,120.7571865009013,67.36403230763489
43673,043673,1866.254649589019,1866.254649589019,1919.254029415608,1919.254029415608,2.022382969590999,-0.003597953696000636,-1.5700586556197347,0.014603913747234055,-1.5640112962393267,1.130147879676854,120.0310462140434,66.95362481129119
43684,043684,1842.404839758716,1842.404839758716,1934.754952608012,1934.754952608012,2.049676593409205,0.00840991717115261,-1.5282289359939825,0.030133228316926594,-1.5689091484340498,1.12962535674074,121.8558717032652,67.74032599935602
43694,043694,1866.254649589019,1866.254649589019,1919.254029415608,1919.254029415608,2.023073685447837,-0.001729120249509546,-1.569392313614426,0.013692241791982286,-1.5651287137304093,1.129930671152837,120.0310462140434,66.95362481129119
43696,043696,1842.404839758716,1842.404839758716,1934.754952608012,1934.754952608012,2.049676593409205,0.00840991717115261,-1.5282289359939825,0.030133228316926594,-1.5689091484340498,1.12962535674074,121.8558717032652,67.74032599935602
43700,043700,1846.470459745119,1846.470459745119,1934.237294246353,1934.237294246353,2.053116246097614,0.007127191254660563,-1.5532465545489462,0.04239655825563713,-1.585496144359086,1.126073558516028,121.8482000805993,67.76262613512169
43708,043708,1857.34965296426,1857.34965296426,1917.924623722001,1917.924623722001,2.015306616523902,0.0004902130710700773,-1.5922332470746603,-0.014668153580254308,-1.5759355608146708,1.125060013269004,121.1604837134374,67.28731745081727
43712,043712,1880.974214387733,1880.974214387733,1915.779220181504,1915.779220181504,1.977851236897697,-0.006727592148754134,-1.5713373051013404,-0.016291966292714507,-1.5688222502099622,1.100166968750412,119.4299449008713,66.58945770112874
43730,043730,1842.404839758716,1842.404839758716,1934.754952608012,1934.754952608012,2.049676593409205,0.00840991717115261,-1.5282289359939825,0.030133228316926594,-1.5689091484340498,1.12962535674074,121.8558717032652,67.74032599935602
43744,043744,1857.34965296426,1857.34965296426,1917.924623722001,1917.924623722001,2.015306616523902,0.0004902130710700773,-1.5904877533289208,-0.014659161626945269,-1.5759611552265513,1.125060013269004,121.1604837134374,67.28731745081727
43767,043767,1863.741408936456,1863.741408936456,1907.013643152467,1907.013643152467,2.005329759075146,-0.003650044106571175,-1.5887481757638633,-0.014656299128578557,-1.575956084520097,1.11944171485232,120.9702880538638,67.1682674453265
43779,043779,1866.254649589019,1866.254649589019,1919.254029415608,1919.254029415608,2.023073685447837,-0.001729120249509546,-1.569392313614426,0.013692241791982286,-1.5651287137304093,1.129930671152837,120.0310462140434,66.95362481129119
43794,043794,1880.974214387733,1880.974214387733,1915.779220181504,1915.779220181504,1.977851236897697,-0.006727592148754134,-1.5713373051013404,-0.016291966292714507,-1.5688222502099622,1.100166968750412,119.4299449008713,66.58945770112874
43827,043827,1857.479804288565,1857.479804288565,1922.888630990956,1922.888630990956,2.004635553476707,0.005137445956362164,-1.558016415459667,-0.0031506953783180715,-1.5647864995029954,1.146133774946981,120.7571865009013,67.36403230763489
43830,043830,1866.254649589019,1866.254649589019,1919.254029415608,1919.254029415608,2.023073685447837,-0.001729120249509546,-1.569392313614426,0.013692241791982286,-1.5651287137304093,1.129930671152837,120.0310462140434,66.95362481129119
43842,043842,1842.404839758716,1842.404839758716,1934.754952608012,1934.754952608012,2.047493806442693,0.01132193851634119,-1.5412444667550063,0.030238908236011552,-1.5662469692397305,1.128173733560131,121.8558717032652,67.74032599935602
43868,043868,1859.746969636308,1859.746969636308,1914.204755444865,1914.204755444865,2.009231466004983,-0.002970823641278691,-1.5646779031491849,0.02956119474784027,-1.5405950950370737,1.136123277061316,120.581700743319,67.21490441580156
43916,043916,1880.974214387733,1880.974214387733,1915.779220181504,1915.779220181504,1.977851236897697,-0.006727592148754134,-1.5713373051013404,-0.016291966292714507,-1.5688222502099622,1.100166968750412,119.4299449008713,66.58945770112874
43919,043919,1857.479804288565,1857.479804288565,1922.888630990956,1922.888630990956,2.004635553476707,0.005137445956362164,-1.558016415459667,-0.0031506953783180715,-1.5647864995029954,1.146133774946981,120.7571865009013,67.36403230763489
43927,043927,1857.34965296426,1857.34965296426,1917.924623722001,1917.924623722001,2.015306616523902,0.0004902130710700773,-1.5922332470746603,-0.014668153580254308,-1.5759355608146708,1.125060013269004,121.1604837134374,67.28731745081727
43930,043930,1866.254649589019,1866.254649589019,1919.254029415608,1919.254029415608,2.023073685447837,-0.001729120249509546,-1.5676469090071028,0.013673190861190706,-1.5633595192911118,1.129930671152837,120.0310462140434,66.95362481129119
43932,043932,1880.974214387733,1880.974214387733,1915.779220181504,1915.779220181504,1.977851236897697,-0.006727592148754134,-1.569591747497633,-0.01629538688615913,-1.5688506905097992,1.100166968750412,119.4299449008713,66.58945770112874
43933,043933,1866.254649589019,1866.254649589019,1919.254029415608,1919.254029415608,2.023073685447837,-0.001729120249509546,-1.5676469090071028,0.013673190861190706,-1.5633595192911118,1.129930671152837,120.0310462140434,66.95362481129119
43939,043939,1842.404839758716,1842.404839758716,1934.754952608012,1934.754952608012,2.047493806442693,0.01132193851634119,-1.5412444667550063,0.030238908236011552,-1.5662469692397305,1.128173733560131,121.8558717032652,67.74032599935602
43942,043942,1863.741408936456,1863.741408936456,1907.013643152467,1907.013643152467,2.00447886760607,-0.01270781496313672,-1.5188653261385996,0.01643271269900077,-1.5727766151929443,1.102109518675779,120.9702880538638,67.1682674453265
43949,043949,1863.741408936456,1863.741408936456,1907.013643152467,1907.013643152467,2.00447886760607,-0.01270781496313672,-1.5188653261385996,0.01643271269900077,-1.5727766151929443,1.102109518675779,120.9702880538638,67.1682674453265
43954,043954,1842.404839758716,1842.404839758716,1934.754952608012,1934.754952608012,2.047493806442693,0.01132193851634119,-1.5412444667550063,0.030238908236011552,-1.5662469692397305,1.128173733560131,121.8558717032652,67.74032599935602
43957,043957,1857.34965296426,1857.34965296426,1917.924623722001,1917.924623722001,2.015306616523902,0.0004902130710700773,-1.5922332470746603,-0.014668153580254308,-1.5759355608146708,1.125060013269004,121.1604837134374,67.28731745081727
43963,043963,1857.479804288565,1857.479804288565,1922.888630990956,1922.888630990956,2.004635553476707,0.005137445956362164,-1.558016415459667,-0.0031506953783180715,-1.5647864995029954,1.146133774946981,120.7571865009013,67.36403230763489
43970,043970,1857.479804288565,1857.479804288565,1922.888630990956,1922.888630990956,2.004635553476707,0.005137445956362164,-1.558016415459667,-0.0031506953783180715,-1.5647864995029954,1.146133774946981,120.7571865009013,67.36403230763489
43971,043971,1866.254649589019,1866.254649589019,1919.254029415608,1919.254029415608,2.023073685447837,-0.001729120249509546,-1.569392313614426,0.013692241791982286,-1.5651287137304093,1.129930671152837,120.0310462140434,66.95362481129119
43975,043975,1858.597086427252,1858.597086427252,1924.42584741907,1924.42584741907,2.029652670668384,0.006069991084438096,-1.5481785083094486,0.042104190812269744,-1.5829092444598964,1.133153905263153,121.4569399168275,67.46593912807965
43977,043977,1863.741408936456,1863.741408936456,1907.013643152467,1907.013643152467,2.00447886760607,-0.01270781496313672,-1.5188653261385996,0.01643271269900077,-1.5727766151929443,1.102109518675779,120.9702880538638,67.1682674453265
43978,043978,1863.741408936456,1863.741408936456,1907.013643152467,1907.013643152467,2.005329759075146,-0.003650044106571175,-1.5887481757638633,-0.014656299128578557,-1.575956084520097,1.11944171485232,120.9702880538638,67.1682674453265
43994,043994,1851.83618357446,1851.83618357446,1915.259734665388,1915.259734665388,2.0339196102626,-0.005694530419066602,-1.5633867713774594,0.027318665851437763,-1.5421717586459984,1.130775474183994,121.1021209397552,67.48494915545704
44016,044016,1851.83618357446,1851.83618357446,1915.259734665388,1915.259734665388,2.0339196102626,-0.005694530419066602,-1.5703684390774342,0.027499540588047384,-1.537127204656696,1.130775474183994,121.1021209397552,67.48494915545704
44017,044017,1842.404839758716,1842.404839758716,1934.754952608012,1934.754952608012,2.047493806442693,0.01132193851634119,-1.5412444667550063,0.030238908236011552,-1.5662469692397305,1.128173733560131,121.8558717032652,67.74032599935602
44019,044019,1859.746969636308,1859.746969636308,1914.204755444865,1914.204755444865,2.009231466004983,-0.002970823641278691,-1.5629319833589455,0.02952976018188684,-1.5422887360998494,1.136123277061316,120.581700743319,67.21490441580156
44020,044020,1846.470459745119,1846.470459745119,1934.237294246353,1934.237294246353,2.053116246097614,0.007127191254660563,-1.5532465545489462,0.04239655825563713,-1.585496144359086,1.126073558516028,121.8482000805993,67.76262613512169
44034,044034,1863.741408936456,1863.741408936456,1907.013643152467,1907.013643152467,2.00447886760607,-0.01270781496313672,-1.5188653261385996,0.01643271269900077,-1.5727766151929443,1.102109518675779,120.9702880538638,67.1682674453265
44043,044043,1863.741408936456,1863.741408936456,1907.013643152467,1907.013643152467,2.005329759075146,-0.003650044106571175,-1.5887481757638633,-0.014656299128578557,-1.575956084520097,1.11944171485232,120.9702880538638,67.1682674453265
44061,044061,1866.254649589019,1866.254649589019,1919.254029415608,1919.254029415608,2.023073685447837,-0.001729120249509546,-1.569392313614426,0.013692241791982286,-1.5651287137304093,1.129930671152837,120.0310462140434,66.95362481129119
44064,044064,1866.254649589019,1866.254649589019,1919.254029415608,1919.254029415608,2.023073685447837,-0.001729120249509546,-1.569392313614426,0.013692241791982286,-1.5651287137304093,1.129930671152837,120.0310462140434,66.95362481129119
44067,044067,1863.741408936456,1863.741408936456,1907.013643152467,1907.013643152467,2.00447886760607,-0.01270781496313672,-1.520610887543998,0.0164292314171461,-1.5728052951803733,1.102109518675779,120.9702880538638,67.1682674453265
44068,044068,1863.741408936456,1863.741408936456,1907.013643152467,1907.013643152467,2.00447886760607,-0.01270781496313672,-1.5188653261385996,0.01643271269900077,-1.5727766151929443,1.102109518675779,120.9702880538638,67.1682674453265
44084,044084,1866.254649589019,1866.254649589019,1919.254029415608,1919.254029415608,2.023073685447837,-0.001729120249509546,-1.5676469090071028,0.013673190861190706,-1.5633595192911118,1.129930671152837,120.0310462140434,66.95362481129119
44091,044091,1880.974214387733,1880.974214387733,1915.779220181504,1915.779220181504,1.977851236897697,-0.006727592148754134,-1.5713373051013404,-0.016291966292714507,-1.5688222502099622,1.100166968750412,119.4299449008713,66.58945770112874
44111,044111,1863.334264630649,1863.334264630649,1907.62696303471,1907.62696303471,2.015970272322051,0.008957195838649488,-1.5225925316185862,0.015377765957622191,-1.5681989866297787,1.131092790341723,121.100845132532,67.24295811544353
44123,044123,1847.919204237398,1847.919204237398,1921.263788490785,1921.263788490785,2.044438354629837,-0.006856317126254376,-1.5601564303701785,0.017940294738900124,-1.5414667740539971,1.124371377834915,121.2376221304691,67.59771650670672
44127,044127,1847.919204237398,1847.919204237398,1921.263788490785,1921.263788490785,2.044438354629837,-0.006856317126254376,-1.5601564303701785,0.017940294738900124,-1.5414667740539971,1.124371377834915,121.2376221304691,67.59771650670672
44139,044139,1846.470459745119,1846.470459745119,1934.237294246353,1934.237294246353,2.053116246097614,0.007127191254660563,-1.5532465545489462,0.04239655825563713,-1.585496144359086,1.126073558516028,121.8482000805993,67.76262613512169
44170,044170,1866.254649589019,1866.254649589019,1919.254029415608,1919.254029415608,2.023073685447837,-0.001729120249509546,-1.5676468490155226,0.013682329143988894,-1.5651048237980518,1.129930671152837,120.0310462140434,66.95362481129119
44185,044185,1863.741408936456,1863.741408936456,1907.013643152467,1907.013643152467,2.00447886760607,-0.01270781496313672,-1.5188653261385996,0.01643271269900077,-1.5727766151929443,1.102109518675779,120.9702880538638,67.1682674453265
44186,044186,1847.919204237398,1847.919204237398,1921.263788490785,1921.263788490785,2.044438354629837,-0.006856317126254376,-1.56190282940682,0.01794578342158031,-1.5327716213215807,1.124371377834915,121.2376221304691,67.59771650670672
44193,044193,1866.254649589019,1866.254649589019,1919.254029415608,1919.254029415608,2.023073685447837,-0.001729120249509546,-1.5676469090071028,0.013673190861190706,-1.5633595192911118,1.129930671152837,120.0310462140434,66.95362481129119
44207,044207,1866.254649589019,1866.254649589019,1919.254029415608,1919.254029415608,2.023073685447837,-0.001729120249509546,-1.569392313614426,0.013692241791982286,-1.5651287137304093,1.129930671152837,120.0310462140434,66.95362481129119
44209,044209,1863.741408936456,1863.741408936456,1907.013643152467,1907.013643152467,2.00447886760607,-0.01270781496313672,-1.5188653261385996,0.01643271269900077,-1.5727766151929443,1.102109518675779,120.9702880538638,67.1682674453265
44210,044210,1842.404839758716,1842.404839758716,1934.754952608012,1934.754952608012,2.049676593409205,0.00840991717115261,-1.5282289359939825,0.030133228316926594,-1.5689091484340498,1.12962535674074,121.8558717032652,67.74032599935602
44214,044214,1857.479804288565,1857.479804288565,1922.888630990956,1922.888630990956,2.004635553476707,0.005137445956362164,-1.558016415459667,-0.0031506953783180715,-1.5647864995029954,1.146133774946981,120.7571865009013,67.36403230763489
44239,044239,1857.479804288565,1857.479804288565,1922.888630990956,1922.888630990956,2.004635553476707,0.005137445956362164,-1.558016415459667,-0.0031506953783180715,-1.5647864995029954,1.146133774946981,120.7571865009013,67.36403230763489
44260,044260,1857.479804288565,1857.479804288565,1922.888630990956,1922.888630990956,2.004635553476707,0.005137445956362164,-1.5510357394219714,-0.003256540141911394,-1.5595730426885313,1.146133774946981,120.7571865009013,67.36403230763489
44265,044265,1863.741408936456,1863.741408936456,1907.013643152467,1907.013643152467,2.00447886760607,-0.01270781496313672,-1.520610887543998,0.0164292314171461,-1.5728052951803733,1.102109518675779,120.9702880538638,67.1682674453265
44285,044285,1842.404839758716,1842.404839758716,1934.754952608012,1934.754952608012,2.047493806442693,0.01132193851634119,-1.5412444667550063,0.030238908236011552,-1.5662469692397305,1.128173733560131,121.8558717032652,67.74032599935602
44289,044289,1863.741408936456,1863.741408936456,1907.013643152467,1907.013643152467,2.00447886760607,-0.01270781496313672,-1.5188653261385996,0.01643271269900077,-1.5727766151929443,1.102109518675779,120.9702880538638,67.1682674453265
44308,044308,1880.974214387733,1880.974214387733,1915.779220181504,1915.779220181504,1.977851236897697,-0.006727592148754134,-1.5713373051013404,-0.016291966292714507,-1.5688222502099622,1.100166968750412,119.4299449008713,66.58945770112874
44324,044324,1863.741408936456,1863.741408936456,1907.013643152467,1907.013643152467,2.00447886760607,-0.01270781496313672,-1.5188653261385996,0.01643271269900077,-1.5727766151929443,1.102109518675779,120.9702880538638,67.1682674453265
44353,044353,1842.404839758716,1842.404839758716,1934.754952608012,1934.754952608012,2.047493806442693,0.01132193851634119,-1.5412444667550063,0.030238908236011552,-1.5662469692397305,1.128173733560131,121.8558717032652,67.74032599935602
44360,044360,1859.746969636308,1859.746969636308,1914.204755444865,1914.204755444865,2.009231466004983,-0.002970823641278691,-1.5646779031491849,0.02956119474784027,-1.5405950950370737,1.136123277061316,120.581700743319,67.21490441580156
44366,044366,1880.974214387733,1880.974214387733,1915.779220181504,1915.779220181504,1.977851236897697,-0.006727592148754134,-1.5713373051013404,-0.016291966292714507,-1.5688222502099622,1.100166968750412,119.4299449008713,66.58945770112874
44375,044375,1863.741408936456,1863.741408936456,1907.013643152467,1907.013643152467,2.005329759075146,-0.003650044106571175,-1.5887481757638633,-0.014656299128578557,-1.575956084520097,1.11944171485232,120.9702880538638,67.1682674453265
44387,044387,1842.404839758716,1842.404839758716,1934.754952608012,1934.754952608012,2.047493806442693,0.01132193851634119,-1.5412444667550063,0.030238908236011552,-1.5662469692397305,1.128173733560131,121.8558717032652,67.74032599935602
44399,044399,1857.34965296426,1857.34965296426,1917.924623722001,1917.924623722001,2.015306616523902,0.0004902130710700773,-1.5922332470746603,-0.014668153580254308,-1.5759355608146708,1.125060013269004,121.1604837134374,67.28731745081727
44405,044405,1866.254649589019,1866.254649589019,1919.254029415608,1919.254029415608,2.023073685447837,-0.001729120249509546,-1.569392313614426,0.013692241791982286,-1.5651287137304093,1.129930671152837,120.0310462140434,66.95362481129119
44406,044406,1857.34965296426,1857.34965296426,1917.924623722001,1917.924623722001,2.015306616523902,0.0004902130710700773,-1.5922332470746603,-0.014668153580254308,-1.5759355608146708,1.125060013269004,121.1604837134374,67.28731745081727
44411,044411,1857.34965296426,1857.34965296426,1917.924623722001,1917.924623722001,2.015306616523902,0.0004902130710700773,-1.5922332470746603,-0.014668153580254308,-1.5759355608146708,1.125060013269004,121.1604837134374,67.28731745081727
44431,044431,1842.404839758716,1842.404839758716,1934.754952608012,1934.754952608012,2.047493806442693,0.01132193851634119,-1.5412444667550063,0.030238908236011552,-1.5662469692397305,1.128173733560131,121.8558717032652,67.74032599935602
44446,044446,1858.597086427252,1858.597086427252,1924.42584741907,1924.42584741907,2.029652670668384,0.006069991084438096,-1.5481785083094486,0.042104190812269744,-1.5829092444598964,1.133153905263153,121.4569399168275,67.46593912807965
44475,044475,1857.479804288565,1857.479804288565,1922.888630990956,1922.888630990956,2.004635553476707,0.005137445956362164,-1.5510357394219714,-0.003256540141911394,-1.5595730426885313,1.146133774946981,120.7571865009013,67.36403230763489
44486,044486,1846.470459745119,1846.470459745119,1934.237294246353,1934.237294246353,2.053116246097614,0.007127191254660563,-1.5532465545489462,0.04239655825563713,-1.585496144359086,1.126073558516028,121.8482000805993,67.76262613512169
44491,044491,1859.746969636308,1859.746969636308,1914.204755444865,1914.204755444865,2.009231466004983,-0.002970823641278691,-1.5629319833589455,0.02952976018188684,-1.5422887360998494,1.136123277061316,120.581700743319,67.21490441580156
44508,044508,1842.404839758716,1842.404839758716,1934.754952608012,1934.754952608012,2.049676593409205,0.00840991717115261,-1.5282289359939825,0.030133228316926594,-1.5689091484340498,1.12962535674074,121.8558717032652,67.74032599935602
44513,044513,1857.479804288565,1857.479804288565,1922.888630990956,1922.888630990956,2.004635553476707,0.005137445956362164,-1.558016415459667,-0.0031506953783180715,-1.5647864995029954,1.146133774946981,120.7571865009013,67.36403230763489
44548,044548,1863.741408936456,1863.741408936456,1907.013643152467,1907.013643152467,2.00447886760607,-0.01270781496313672,-1.5188653261385996,0.01643271269900077,-1.5727766151929443,1.102109518675779,120.9702880538638,67.1682674453265
44549,044549,1863.741408936456,1863.741408936456,1907.013643152467,1907.013643152467,2.005329759075146,-0.003650044106571175,-1.5887481941415185,-0.014653253011738941,-1.5777014108444942,1.11944171485232,120.9702880538638,67.1682674453265
44550,044550,1863.741408936456,1863.741408936456,1907.013643152467,1907.013643152467,2.005329759075146,-0.003650044106571175,-1.5887481757638633,-0.014656299128578557,-1.575956084520097,1.11944171485232,120.9702880538638,67.1682674453265
44564,044564,1858.597086427252,1858.597086427252,1924.42584741907,1924.42584741907,2.029652670668384,0.006069991084438096,-1.551672000605969,0.04206165324630392,-1.5795655590792688,1.133153905263153,121.4569399168275,67.46593912807965
44585,044585,1866.254649589019,1866.254649589019,1919.254029415608,1919.254029415608,2.023073685447837,-0.001729120249509546,-1.5676469090071028,0.013673190861190706,-1.5633595192911118,1.129930671152837,120.0310462140434,66.95362481129119
44588,044588,1866.254649589019,1866.254649589019,1919.254029415608,1919.254029415608,2.023073685447837,-0.001729120249509546,-1.569392313614426,0.013692241791982286,-1.5651287137304093,1.129930671152837,120.0310462140434,66.95362481129119
44589,044589,1880.974214387733,1880.974214387733,1915.779220181504,1915.779220181504,1.977851236897697,-0.006727592148754134,-1.569591747497633,-0.01629538688615913,-1.5688506905097992,1.100166968750412,119.4299449008713,66.58945770112874
44596,044596,1842.404839758716,1842.404839758716,1934.754952608012,1934.754952608012,2.047493806442693,0.01132193851634119,-1.5412444667550063,0.030238908236011552,-1.5662469692397305,1.128173733560131,121.8558717032652,67.74032599935602
44599,044599,1880.974214387733,1880.974214387733,1915.779220181504,1915.779220181504,1.977851236897697,-0.006727592148754134,-1.569591747497633,-0.01629538688615913,-1.5688506905097992,1.100166968750412,119.4299449008713,66.58945770112874
44608,044608,1857.479804288565,1857.479804288565,1922.888630990956,1922.888630990956,2.004635553476707,0.005137445956362164,-1.558016415459667,-0.0031506953783180715,-1.5647864995029954,1.146133774946981,120.7571865009013,67.36403230763489
44627,044627,1863.741408936456,1863.741408936456,1907.013643152467,1907.013643152467,2.00447886760607,-0.01270781496313672,-1.5188653261385996,0.01643271269900077,-1.5727766151929443,1.102109518675779,120.9702880538638,67.1682674453265
44634,044634,1842.404839758716,1842.404839758716,1934.754952608012,1934.754952608012,2.047493806442693,0.01132193851634119,-1.5412444667550063,0.030238908236011552,-1.5662469692397305,1.128173733560131,121.8558717032652,67.74032599935602
44655,044655,1857.34965296426,1857.34965296426,1917.924623722001,1917.924623722001,2.015306616523902,0.0004902130710700773,-1.5922332470746603,-0.014668153580254308,-1.5759355608146708,1.125060013269004,121.1604837134374,67.28731745081727
44705,044705,1859.746969636308,1859.746969636308,1914.204755444865,1914.204755444865,2.009231466004983,-0.002970823641278691,-1.5629319833589455,0.02952976018188684,-1.5422887360998494,1.136123277061316,120.581700743319,67.21490441580156
44707,044707,1866.254649589019,1866.254649589019,1919.254029415608,1919.254029415608,2.023073685447837,-0.001729120249509546,-1.5676468490155226,0.013682329143988894,-1.5651048237980518,1.129930671152837,120.0310462140434,66.95362481129119
44709,044709,1857.34965296426,1857.34965296426,1917.924623722001,1917.924623722001,2.015306616523902,0.0004902130710700773,-1.5922332210785368,-0.014674245860053241,-1.5741902425771948,1.125060013269004,121.1604837134374,67.28731745081727
44714,044714,1863.741408936456,1863.741408936456,1907.013643152467,1907.013643152467,2.005329759075146,-0.003650044106571175,-1.5887481941415185,-0.014653253011738941,-1.5777014108444942,1.11944171485232,120.9702880538638,67.1682674453265
44715,044715,1846.470459745119,1846.470459745119,1934.237294246353,1934.237294246353,2.053116246097614,0.007127191254660563,-1.5532465545489462,0.04239655825563713,-1.585496144359086,1.126073558516028,121.8482000805993,67.76262613512169
44745,044745,1866.254649589019,1866.254649589019,1919.254029415608,1919.254029415608,2.023073685447837,-0.001729120249509546,-1.5676469090071028,0.013673190861190706,-1.5633595192911118,1.129930671152837,120.0310462140434,66.95362481129119
44759,044759,1863.741408936456,1863.741408936456,1907.013643152467,1907.013643152467,2.005329759075146,-0.003650044106571175,-1.5887481757638633,-0.014656299128578557,-1.575956084520097,1.11944171485232,120.9702880538638,67.1682674453265
44764,044764,1866.254649589019,1866.254649589019,1919.254029415608,1919.254029415608,2.023073685447837,-0.001729120249509546,-1.5676469090071028,0.013673190861190706,-1.5633595192911118,1.129930671152837,120.0310462140434,66.95362481129119
44789,044789,1842.404839758716,1842.404839758716,1934.754952608012,1934.754952608012,2.049676593409205,0.00840991717115261,-1.5282289359939825,0.030133228316926594,-1.5689091484340498,1.12962535674074,121.8558717032652,67.74032599935602
44803,044803,1842.404839758716,1842.404839758716,1934.754952608012,1934.754952608012,2.047493806442693,0.01132193851634119,-1.5412444667550063,0.030238908236011552,-1.5662469692397305,1.128173733560131,121.8558717032652,67.74032599935602
44819,044819,1863.741408936456,1863.741408936456,1907.013643152467,1907.013643152467,2.00447886760607,-0.01270781496313672,-1.5188653261385996,0.01643271269900077,-1.5727766151929443,1.102109518675779,120.9702880538638,67.1682674453265
44833,044833,1842.404839758716,1842.404839758716,1934.754952608012,1934.754952608012,2.049676593409205,0.00840991717115261,-1.5282289359939825,0.030133228316926594,-1.5689091484340498,1.12962535674074,121.8558717032652,67.74032599935602
44843,044843,1857.34965296426,1857.34965296426,1917.924623722001,1917.924623722001,2.015306616523902,0.0004902130710700773,-1.5922332470746603,-0.014668153580254308,-1.5759355608146708,1.125060013269004,121.1604837134374,67.28731745081727
44851,044851,1863.741408936456,1863.741408936456,1907.013643152467,1907.013643152467,2.005329759075146,-0.003650044106571175,-1.5887481941415185,-0.014653253011738941,-1.5777014108444942,1.11944171485232,120.9702880538638,67.1682674453265
44852,044852,1866.254649589019,1866.254649589019,1919.254029415608,1919.254029415608,2.023073685447837,-0.001729120249509546,-1.569392313614426,0.013692241791982286,-1.5651287137304093,1.129930671152837,120.0310462140434,66.95362481129119
44862,044862,1880.974214387733,1880.974214387733,1915.779220181504,1915.779220181504,1.977851236897697,-0.006727592148754134,-1.5713373051013404,-0.016291966292714507,-1.5688222502099622,1.100166968750412,119.4299449008713,66.58945770112874
44928,044928,1866.254649589019,1866.254649589019,1919.254029415608,1919.254029415608,2.023073685447837,-0.001729120249509546,-1.5676469090071028,0.013673190861190706,-1.5633595192911118,1.129930671152837,120.0310462140434,66.95362481129119
44931,044931,1863.741408936456,1863.741408936456,1907.013643152467,1907.013643152467,2.00447886760607,-0.01270781496313672,-1.520610887543998,0.0164292314171461,-1.5728052951803733,1.102109518675779,120.9702880538638,67.1682674453265
44943,044943,1851.83618357446,1851.83618357446,1915.259734665388,1915.259734665388,2.0339196102626,-0.005694530419066602,-1.563387881739645,0.02728212930346041,-1.5386813218462054,1.130775474183994,121.1021209397552,67.48494915545704
44964,044964,1859.746969636308,1859.746969636308,1914.204755444865,1914.204755444865,2.009231466004983,-0.002970823641278691,-1.5646779031491849,0.02956119474784027,-1.5405950950370737,1.136123277061316,120.581700743319,67.21490441580156
44966,044966,1866.254649589019,1866.254649589019,1919.254029415608,1919.254029415608,2.023073685447837,-0.001729120249509546,-1.569392313614426,0.013692241791982286,-1.5651287137304093,1.129930671152837,120.0310462140434,66.95362481129119
44979,044979,1857.34965296426,1857.34965296426,1917.924623722001,1917.924623722001,2.015306616523902,0.0004902130710700773,-1.5922332470746603,-0.014668153580254308,-1.5759355608146708,1.125060013269004,121.1604837134374,67.28731745081727
44982,044982,1846.470459745119,1846.470459745119,1934.237294246353,1934.237294246353,2.053116246097614,0.007127191254660563,-1.5532465545489462,0.04239655825563713,-1.585496144359086,1.126073558516028,121.8482000805993,67.76262613512169
44983,044983,1880.974214387733,1880.974214387733,1915.779220181504,1915.779220181504,1.977851236897697,-0.006727592148754134,-1.5713373051013404,-0.016291966292714507,-1.5688222502099622,1.100166968750412,119.4299449008713,66.58945770112874
44995,044995,1866.254649589019,1866.254649589019,1919.254029415608,1919.254029415608,2.023073685447837,-0.001729120249509546,-1.5676469090071028,0.013673190861190706,-1.5633595192911118,1.129930671152837,120.0310462140434,66.95362481129119
44998,044998,1866.254649589019,1866.254649589019,1919.254029415608,1919.254029415608,2.023073685447837,-0.001729120249509546,-1.5676469090071028,0.013673190861190706,-1.5633595192911118,1.129930671152837,120.0310462140434,66.95362481129119
45011,045011,1842.404839758716,1842.404839758716,1934.754952608012,1934.754952608012,2.047493806442693,0.01132193851634119,-1.5412444667550063,0.030238908236011552,-1.5662469692397305,1.128173733560131,121.8558717032652,67.74032599935602
45017,045017,1866.254649589019,1866.254649589019,1919.254029415608,1919.254029415608,2.023073685447837,-0.001729120249509546,-1.569392313614426,0.013692241791982286,-1.5651287137304093,1.129930671152837,120.0310462140434,66.95362481129119
45031,045031,1857.34965296426,1857.34965296426,1917.924623722001,1917.924623722001,2.015306616523902,0.0004902130710700773,-1.5904877533289208,-0.014659161626945269,-1.5759611552265513,1.125060013269004,121.1604837134374,67.28731745081727
45038,045038,1847.919204237398,1847.919204237398,1921.263788490785,1921.263788490785,2.044438354629837,-0.006856317126254376,-1.56190282940682,0.01794578342158031,-1.5327716213215807,1.124371377834915,121.2376221304691,67.59771650670672
45078,045078,1859.746969636308,1859.746969636308,1914.204755444865,1914.204755444865,2.009231466004983,-0.002970823641278691,-1.5646779031491849,0.02956119474784027,-1.5405950950370737,1.136123277061316,120.581700743319,67.21490441580156
45079,045079,1857.34965296426,1857.34965296426,1917.924623722001,1917.924623722001,2.015306616523902,0.0004902130710700773,-1.5922332470746603,-0.014668153580254308,-1.5759355608146708,1.125060013269004,121.1604837134374,67.28731745081727
45094,045094,1866.254649589019,1866.254649589019,1919.254029415608,1919.254029415608,2.022382969590999,-0.003597953696000636,-1.5700586556197347,0.014603913747234055,-1.5640112962393267,1.130147879676854,120.0310462140434,66.95362481129119
45096,045096,1863.741408936456,1863.741408936456,1907.013643152467,1907.013643152467,2.005329759075146,-0.003650044106571175,-1.5887481757638633,-0.014656299128578557,-1.575956084520097,1.11944171485232,120.9702880538638,67.1682674453265
45106,045106,1842.404839758716,1842.404839758716,1934.754952608012,1934.754952608012,2.047493806442693,0.01132193851634119,-1.5412444667550063,0.030238908236011552,-1.5662469692397305,1.128173733560131,121.8558717032652,67.74032599935602
45118,045118,1859.746969636308,1859.746969636308,1914.204755444865,1914.204755444865,2.009231466004983,-0.002970823641278691,-1.5629319833589455,0.02952976018188684,-1.5422887360998494,1.136123277061316,120.581700743319,67.21490441580156
45130,045130,1866.254649589019,1866.254649589019,1919.254029415608,1919.254029415608,2.023073685447837,-0.001729120249509546,-1.5676469090071028,0.013673190861190706,-1.5633595192911118,1.129930671152837,120.0310462140434,66.95362481129119
45139,045139,1863.741408936456,1863.741408936456,1907.013643152467,1907.013643152467,2.00447886760607,-0.01270781496313672,-1.520610887543998,0.0164292314171461,-1.5728052951803733,1.102109518675779,120.9702880538638,67.1682674453265
45155,045155,1857.479804288565,1857.479804288565,1922.888630990956,1922.888630990956,2.004635553476707,0.005137445956362164,-1.558016415459667,-0.0031506953783180715,-1.5647864995029954,1.146133774946981,120.7571865009013,67.36403230763489
45194,045194,1863.741408936456,1863.741408936456,1907.013643152467,1907.013643152467,2.00447886760607,-0.01270781496313672,-1.5188653261385996,0.01643271269900077,-1.5727766151929443,1.102109518675779,120.9702880538638,67.1682674453265
45201,045201,1857.479804288565,1857.479804288565,1922.888630990956,1922.888630990956,2.004635553476707,0.005137445956362164,-1.5510357394219714,-0.003256540141911394,-1.5595730426885313,1.146133774946981,120.7571865009013,67.36403230763489
45214,045214,1857.479804288565,1857.479804288565,1922.888630990956,1922.888630990956,2.004635553476707,0.005137445956362164,-1.558016415459667,-0.0031506953783180715,-1.5647864995029954,1.146133774946981,120.7571865009013,67.36403230763489
45221,045221,1857.34965296426,1857.34965296426,1917.924623722001,1917.924623722001,2.015306616523902,0.0004902130710700773,-1.5992152520022311,-0.014697582001379522,-1.57408770834131,1.125060013269004,121.1604837134374,67.28731745081727
45229,045229,1842.404839758716,1842.404839758716,1934.754952608012,1934.754952608012,2.045975662868765,-0.002400173486311045,-1.55338857412205,0.01825416843181658,-1.577136067995388,1.130651936362605,121.8558717032652,67.74032599935602
45243,045243,1842.404839758716,1842.404839758716,1934.754952608012,1934.754952608012,2.047493806442693,0.01132193851634119,-1.5412444667550063,0.030238908236011552,-1.5662469692397305,1.128173733560131,121.8558717032652,67.74032599935602
45258,045258,1859.746969636308,1859.746969636308,1914.204755444865,1914.204755444865,2.009231466004983,-0.002970823641278691,-1.5646779031491849,0.02956119474784027,-1.5405950950370737,1.136123277061316,120.581700743319,67.21490441580156
45263,045263,1857.34965296426,1857.34965296426,1917.924623722001,1917.924623722001,2.015306616523902,0.0004902130710700773,-1.5922332210785368,-0.014674245860053241,-1.5741902425771948,1.125060013269004,121.1604837134374,67.28731745081727
45302,045302,1859.746969636308,1859.746969636308,1914.204755444865,1914.204755444865,2.009231466004983,-0.002970823641278691,-1.5699128441987793,0.02975543926078322,-1.5477314577859038,1.136123277061316,120.581700743319,67.21490441580156
45310,045310,1857.34965296426,1857.34965296426,1917.924623722001,1917.924623722001,2.015306616523902,0.0004902130710700773,-1.5922332470746603,-0.014668153580254308,-1.5759355608146708,1.125060013269004,121.1604837134374,67.28731745081727
45312,045312,1863.741408936456,1863.741408936456,1907.013643152467,1907.013643152467,2.005329759075146,-0.003650044106571175,-1.5887481757638633,-0.014656299128578557,-1.575956084520097,1.11944171485232,120.9702880538638,67.1682674453265
45313,045313,1863.741408936456,1863.741408936456,1907.013643152467,1907.013643152467,2.005329759075146,-0.003650044106571175,-1.5887481941415185,-0.014653253011738941,-1.5777014108444942,1.11944171485232,120.9702880538638,67.1682674453265
45318,045318,1847.919204237398,1847.919204237398,1921.263788490785,1921.263788490785,2.044438354629837,-0.006856317126254376,-1.5601564303701785,0.017940294738900124,-1.5414667740539971,1.124371377834915,121.2376221304691,67.59771650670672
45322,045322,1857.479804288565,1857.479804288565,1922.888630990956,1922.888630990956,2.004635553476707,0.005137445956362164,-1.558016415459667,-0.0031506953783180715,-1.5647864995029954,1.146133774946981,120.7571865009013,67.36403230763489
45352,045352,1880.974214387733,1880.974214387733,1915.779220181504,1915.779220181504,1.977851236897697,-0.006727592148754134,-1.5713373051013404,-0.016291966292714507,-1.5688222502099622,1.100166968750412,119.4299449008713,66.58945770112874
45370,045370,1863.741408936456,1863.741408936456,1907.013643152467,1907.013643152467,2.00447886760607,-0.01270781496313672,-1.520610887543998,0.0164292314171461,-1.5728052951803733,1.102109518675779,120.9702880538638,67.1682674453265
45375,045375,1866.254649589019,1866.254649589019,1919.254029415608,1919.254029415608,2.022382969590999,-0.003597953696000636,-1.5700586556197347,0.014603913747234055,-1.5640112962393267,1.130147879676854,120.0310462140434,66.95362481129119
45393,045393,1857.479804288565,1857.479804288565,1922.888630990956,1922.888630990956,2.004635553476707,0.005137445956362164,-1.558016415459667,-0.0031506953783180715,-1.5647864995029954,1.146133774946981,120.7571865009013,67.36403230763489
45399,045399,1863.741408936456,1863.741408936456,1907.013643152467,1907.013643152467,2.00447886760607,-0.01270781496313672,-1.520610887543998,0.0164292314171461,-1.5728052951803733,1.102109518675779,120.9702880538638,67.1682674453265
45415,045415,1860.44342061537,1860.44342061537,1931.800446368316,1931.800446368316,2.014037351924079,-0.002481086856738699,-1.5657787946070796,0.024763195053972537,-1.5905180797729668,1.128847994220851,121.0847164834004,67.28639589561944
45442,045442,1866.254649589019,1866.254649589019,1919.254029415608,1919.254029415608,2.023073685447837,-0.001729120249509546,-1.5676469090071028,0.013673190861190706,-1.5633595192911118,1.129930671152837,120.0310462140434,66.95362481129119
45443,045443,1842.404839758716,1842.404839758716,1934.754952608012,1934.754952608012,2.047493806442693,0.01132193851634119,-1.5412444667550063,0.030238908236011552,-1.5662469692397305,1.128173733560131,121.8558717032652,67.74032599935602
45460,045460,1842.404839758716,1842.404839758716,1934.754952608012,1934.754952608012,2.049676593409205,0.00840991717115261,-1.5282289359939825,0.030133228316926594,-1.5689091484340498,1.12962535674074,121.8558717032652,67.74032599935602
45480,045480,1866.254649589019,1866.254649589019,1919.254029415608,1919.254029415608,2.023073685447837,-0.001729120249509546,-1.5676469090071028,0.013673190861190706,-1.5633595192911118,1.129930671152837,120.0310462140434,66.95362481129119
45497,045497,1859.746969636308,1859.746969636308,1914.204755444865,1914.204755444865,2.009231466004983,-0.002970823641278691,-1.56293139392435,0.02955107472663299,-1.5440339176877833,1.136123277061316,120.581700743319,67.21490441580156
45498,045498,1866.254649589019,1866.254649589019,1919.254029415608,1919.254029415608,2.023073685447837,-0.001729120249509546,-1.569392313614426,0.013692241791982286,-1.5651287137304093,1.129930671152837,120.0310462140434,66.95362481129119
45501,045501,1880.974214387733,1880.974214387733,1915.779220181504,1915.779220181504,1.977851236897697,-0.006727592148754134,-1.5713373051013404,-0.016291966292714507,-1.5688222502099622,1.100166968750412,119.4299449008713,66.58945770112874
45502,045502,1863.741408936456,1863.741408936456,1907.013643152467,1907.013643152467,2.00447886760607,-0.01270781496313672,-1.5188653261385996,0.01643271269900077,-1.5727766151929443,1.102109518675779,120.9702880538638,67.1682674453265
45506,045506,1847.919204237398,1847.919204237398,1921.263788490785,1921.263788490785,2.044438354629837,-0.006856317126254376,-1.560158957252722,0.017867231154737557,-1.5309950989703125,1.124371377834915,121.2376221304691,67.59771650670672
45510,045510,1859.746969636308,1859.746969636308,1914.204755444865,1914.204755444865,2.009231466004983,-0.002970823641278691,-1.5699128441987793,0.02975543926078322,-1.5477314577859038,1.136123277061316,120.581700743319,67.21490441580156
45513,045513,1863.334264630649,1863.334264630649,1907.62696303471,1907.62696303471,2.015970272322051,0.008957195838649488,-1.5225925316185862,0.015377765957622191,-1.5681989866297787,1.131092790341723,121.100845132532,67.24295811544353
45517,045517,1863.741408936456,1863.741408936456,1907.013643152467,1907.013643152467,2.005329759075146,-0.003650044106571175,-1.5887481757638633,-0.014656299128578557,-1.575956084520097,1.11944171485232,120.9702880538638,67.1682674453265
45545,045545,1863.741408936456,1863.741408936456,1907.013643152467,1907.013643152467,2.005329759075146,-0.003650044106571175,-1.5887481941415185,-0.014653253011738941,-1.5777014108444942,1.11944171485232,120.9702880538638,67.1682674453265
45550,045550,1863.741408936456,1863.741408936456,1907.013643152467,1907.013643152467,2.00447886760607,-0.01270781496313672,-1.5188653261385996,0.01643271269900077,-1.5727766151929443,1.102109518675779,120.9702880538638,67.1682674453265
45566,045566,1842.404839758716,1842.404839758716,1934.754952608012,1934.754952608012,2.047493806442693,0.01132193851634119,-1.5412444667550063,0.030238908236011552,-1.5662469692397305,1.128173733560131,121.8558717032652,67.74032599935602
45574,045574,1863.741408936456,1863.741408936456,1907.013643152467,1907.013643152467,2.005329759075146,-0.003650044106571175,-1.5887481757638633,-0.014656299128578557,-1.575956084520097,1.11944171485232,120.9702880538638,67.1682674453265
45588,045588,1847.919204237398,1847.919204237398,1921.263788490785,1921.263788490785,2.044438354629837,-0.006856317126254376,-1.5601564303701785,0.017940294738900124,-1.5414667740539971,1.124371377834915,121.2376221304691,67.59771650670672
45589,045589,1857.34965296426,1857.34965296426,1917.924623722001,1917.924623722001,2.015306616523902,0.0004902130710700773,-1.5922332470746603,-0.014668153580254308,-1.5759355608146708,1.125060013269004,121.1604837134374,67.28731745081727
45598,045598,1859.746969636308,1859.746969636308,1914.204755444865,1914.204755444865,2.009231466004983,-0.002970823641278691,-1.5629319833589455,0.02952976018188684,-1.5422887360998494,1.136123277061316,120.581700743319,67.21490441580156
45600,045600,1859.746969636308,1859.746969636308,1914.204755444865,1914.204755444865,2.009231466004983,-0.002970823641278691,-1.5629326100062055,0.029508446697819848,-1.5405435555976825,1.136123277061316,120.581700743319,67.21490441580156
45614,045614,1859.746969636308,1859.746969636308,1914.204755444865,1914.204755444865,2.009231466004983,-0.002970823641278691,-1.5629319833589455,0.02952976018188684,-1.5422887360998494,1.136123277061316,120.581700743319,67.21490441580156
45627,045627,1842.404839758716,1842.404839758716,1934.754952608012,1934.754952608012,2.047493806442693,0.01132193851634119,-1.5412444667550063,0.030238908236011552,-1.5662469692397305,1.128173733560131,121.8558717032652,67.74032599935602
45628,045628,1880.974214387733,1880.974214387733,1915.779220181504,1915.779220181504,1.977851236897697,-0.006727592148754134,-1.5713373051013404,-0.016291966292714507,-1.5688222502099622,1.100166968750412,119.4299449008713,66.58945770112874
45631,045631,1842.404839758716,1842.404839758716,1934.754952608012,1934.754952608012,2.047493806442693,0.01132193851634119,-1.5412444667550063,0.030238908236011552,-1.5662469692397305,1.128173733560131,121.8558717032652,67.74032599935602
45666,045666,1857.34965296426,1857.34965296426,1917.924623722001,1917.924623722001,2.015306616523902,0.0004902130710700773,-1.5922332210785368,-0.014674245860053241,-1.5741902425771948,1.125060013269004,121.1604837134374,67.28731745081727
45693,045693,1857.34965296426,1857.34965296426,1917.924623722001,1917.924623722001,2.015306616523902,0.0004902130710700773,-1.5922332210785368,-0.014674245860053241,-1.5741902425771948,1.125060013269004,121.1604837134374,67.28731745081727
45701,045701,1863.334264630649,1863.334264630649,1907.62696303471,1907.62696303471,2.015970272322051,0.008957195838649488,-1.5225925316185862,0.015377765957622191,-1.5681989866297787,1.131092790341723,121.100845132532,67.24295811544353
45704,045704,1863.741408936456,1863.741408936456,1907.013643152467,1907.013643152467,2.00447886760607,-0.01270781496313672,-1.5188653261385996,0.01643271269900077,-1.5727766151929443,1.102109518675779,120.9702880538638,67.1682674453265
45726,045726,1859.746969636308,1859.746969636308,1914.204755444865,1914.204755444865,2.009231466004983,-0.002970823641278691,-1.5629319833589455,0.02952976018188684,-1.5422887360998494,1.136123277061316,120.581700743319,67.21490441580156
45734,045734,1842.404839758716,1842.404839758716,1934.754952608012,1934.754952608012,2.047493806442693,0.01132193851634119,-1.5412444667550063,0.030238908236011552,-1.5662469692397305,1.128173733560131,121.8558717032652,67.74032599935602
45742,045742,1863.741408936456,1863.741408936456,1907.013643152467,1907.013643152467,2.005329759075146,-0.003650044106571175,-1.5887481757638633,-0.014656299128578557,-1.575956084520097,1.11944171485232,120.9702880538638,67.1682674453265
45745,045745,1842.404839758716,1842.404839758716,1934.754952608012,1934.754952608012,2.047493806442693,0.01132193851634119,-1.5412444667550063,0.030238908236011552,-1.5662469692397305,1.128173733560131,121.8558717032652,67.74032599935602
45761,045761,1859.746969636308,1859.746969636308,1914.204755444865,1914.204755444865,2.009231466004983,-0.002970823641278691,-1.5629319833589455,0.02952976018188684,-1.5422887360998494,1.136123277061316,120.581700743319,67.21490441580156
45779,045779,1842.404839758716,1842.404839758716,1934.754952608012,1934.754952608012,2.047493806442693,0.01132193851634119,-1.5412444667550063,0.030238908236011552,-1.5662469692397305,1.128173733560131,121.8558717032652,67.74032599935602
45780,045780,1880.974214387733,1880.974214387733,1915.779220181504,1915.779220181504,1.977851236897697,-0.006727592148754134,-1.5713373051013404,-0.016291966292714507,-1.5688222502099622,1.100166968750412,119.4299449008713,66.58945770112874
45786,045786,1860.44342061537,1860.44342061537,1931.800446368316,1931.800446368316,2.014037351924079,-0.002481086856738699,-1.5657787946070796,0.024763195053972537,-1.5905180797729668,1.128847994220851,121.0847164834004,67.28639589561944
45791,045791,1842.404839758716,1842.404839758716,1934.754952608012,1934.754952608012,2.049676593409205,0.00840991717115261,-1.5282289359939825,0.030133228316926594,-1.5689091484340498,1.12962535674074,121.8558717032652,67.74032599935602
45792,045792,1857.34965296426,1857.34965296426,1917.924623722001,1917.924623722001,2.015306616523902,0.0004902130710700773,-1.5904877533289208,-0.014659161626945269,-1.5759611552265513,1.125060013269004,121.1604837134374,67.28731745081727
45795,045795,1860.44342061537,1860.44342061537,1931.800446368316,1931.800446368316,2.014037351924079,-0.002481086856738699,-1.5657787946070796,0.024763195053972537,-1.5905180797729668,1.128847994220851,121.0847164834004,67.28639589561944
45803,045803,1857.479804288565,1857.479804288565,1922.888630990956,1922.888630990956,2.004635553476707,0.005137445956362164,-1.558016415459667,-0.0031506953783180715,-1.5647864995029954,1.146133774946981,120.7571865009013,67.36403230763489
45807,045807,1863.741408936456,1863.741408936456,1907.013643152467,1907.013643152467,2.005329759075146,-0.003650044106571175,-1.5887481757638633,-0.014656299128578557,-1.575956084520097,1.11944171485232,120.9702880538638,67.1682674453265
45816,045816,1857.479804288565,1857.479804288565,1922.888630990956,1922.888630990956,2.004635553476707,0.005137445956362164,-1.558016415459667,-0.0031506953783180715,-1.5647864995029954,1.146133774946981,120.7571865009013,67.36403230763489
45825,045825,1857.479804288565,1857.479804288565,1922.888630990956,1922.888630990956,2.004635553476707,0.005137445956362164,-1.558016415459667,-0.0031506953783180715,-1.5647864995029954,1.146133774946981,120.7571865009013,67.36403230763489
45831,045831,1866.254649589019,1866.254649589019,1919.254029415608,1919.254029415608,2.023073685447837,-0.001729120249509546,-1.5676469090071028,0.013673190861190706,-1.5633595192911118,1.129930671152837,120.0310462140434,66.95362481129119
45832,045832,1857.34965296426,1857.34965296426,1917.924623722001,1917.924623722001,2.015306616523902,0.0004902130710700773,-1.5922332470746603,-0.014668153580254308,-1.5759355608146708,1.125060013269004,121.1604837134374,67.28731745081727
45835,045835,1859.746969636308,1859.746969636308,1914.204755444865,1914.204755444865,2.009231466004983,-0.002970823641278691,-1.5646779031491849,0.02956119474784027,-1.5405950950370737,1.136123277061316,120.581700743319,67.21490441580156
45838,045838,1847.919204237398,1847.919204237398,1921.263788490785,1921.263788490785,2.044438354629837,-0.006856317126254376,-1.56190185876231,0.01797318165006547,-1.538007519872931,1.124371377834915,121.2376221304691,67.59771650670672
45844,045844,1842.404839758716,1842.404839758716,1934.754952608012,1934.754952608012,2.047493806442693,0.01132193851634119,-1.5412444667550063,0.030238908236011552,-1.5662469692397305,1.128173733560131,121.8558717032652,67.74032599935602
45855,045855,1866.254649589019,1866.254649589019,1919.254029415608,1919.254029415608,2.023073685447837,-0.001729120249509546,-1.5676469090071028,0.013673190861190706,-1.5633595192911118,1.129930671152837,120.0310462140434,66.95362481129119
45868,045868,1880.974214387733,1880.974214387733,1915.779220181504,1915.779220181504,1.977851236897697,-0.006727592148754134,-1.569591747497633,-0.01629538688615913,-1.5688506905097992,1.100166968750412,119.4299449008713,66.58945770112874
45902,045902,1859.746969636308,1859.746969636308,1914.204755444865,1914.204755444865,2.009231466004983,-0.002970823641278691,-1.5629319833589455,0.02952976018188684,-1.5422887360998494,1.136123277061316,120.581700743319,67.21490441580156
45918,045918,1863.334264630649,1863.334264630649,1907.62696303471,1907.62696303471,2.015970272322051,0.008957195838649488,-1.5225925316185862,0.015377765957622191,-1.5681989866297787,1.131092790341723,121.100845132532,67.24295811544353
45926,045926,1846.470459745119,1846.470459745119,1934.237294246353,1934.237294246353,2.053116246097614,0.007127191254660563,-1.5532465545489462,0.04239655825563713,-1.585496144359086,1.126073558516028,121.8482000805993,67.76262613512169
45936,045936,1863.741408936456,1863.741408936456,1907.013643152467,1907.013643152467,2.00447886760607,-0.01270781496313672,-1.5188653261385996,0.01643271269900077,-1.5727766151929443,1.102109518675779,120.9702880538638,67.1682674453265
45943,045943,1858.597086427252,1858.597086427252,1924.42584741907,1924.42584741907,2.029652670668384,0.006069991084438096,-1.5481785083094486,0.042104190812269744,-1.5829092444598964,1.133153905263153,121.4569399168275,67.46593912807965
45950,045950,1863.741408936456,1863.741408936456,1907.013643152467,1907.013643152467,2.00447886760607,-0.01270781496313672,-1.520610887543998,0.0164292314171461,-1.5728052951803733,1.102109518675779,120.9702880538638,67.1682674453265
45951,045951,1842.404839758716,1842.404839758716,1934.754952608012,1934.754952608012,2.049676593409205,0.00840991717115261,-1.5282289359939825,0.030133228316926594,-1.5689091484340498,1.12962535674074,121.8558717032652,67.74032599935602
45956,045956,1857.34965296426,1857.34965296426,1917.924623722001,1917.924623722001,2.015306616523902,0.0004902130710700773,-1.5922332470746603,-0.014668153580254308,-1.5759355608146708,1.125060013269004,121.1604837134374,67.28731745081727
45974,045974,1860.44342061537,1860.44342061537,1931.800446368316,1931.800446368316,2.014037351924079,-0.002481086856738699,-1.5657787946070796,0.024763195053972537,-1.5905180797729668,1.128847994220851,121.0847164834004,67.28639589561944
46008,046008,1857.479804288565,1857.479804288565,1922.888630990956,1922.888630990956,2.004635553476707,0.005137445956362164,-1.558016415459667,-0.0031506953783180715,-1.5647864995029954,1.146133774946981,120.7571865009013,67.36403230763489
46009,046009,1866.254649589019,1866.254649589019,1919.254029415608,1919.254029415608,2.023073685447837,-0.001729120249509546,-1.5676469090071028,0.013673190861190706,-1.5633595192911118,1.129930671152837,120.0310462140434,66.95362481129119
46033,046033,1866.254649589019,1866.254649589019,1919.254029415608,1919.254029415608,2.023073685447837,-0.001729120249509546,-1.5676469090071028,0.013673190861190706,-1.5633595192911118,1.129930671152837,120.0310462140434,66.95362481129119
46035,046035,1863.741408936456,1863.741408936456,1907.013643152467,1907.013643152467,2.00447886760607,-0.01270781496313672,-1.5188653261385996,0.01643271269900077,-1.5727766151929443,1.102109518675779,120.9702880538638,67.1682674453265
46039,046039,1857.34965296426,1857.34965296426,1917.924623722001,1917.924623722001,2.015306616523902,0.0004902130710700773,-1.5922332470746603,-0.014668153580254308,-1.5759355608146708,1.125060013269004,121.1604837134374,67.28731745081727
46054,046054,1863.741408936456,1863.741408936456,1907.013643152467,1907.013643152467,2.005329759075146,-0.003650044106571175,-1.5887481757638633,-0.014656299128578557,-1.575956084520097,1.11944171485232,120.9702880538638,67.1682674453265
46114,046114,1842.404839758716,1842.404839758716,1934.754952608012,1934.754952608012,2.049676593409205,0.00840991717115261,-1.5282289359939825,0.030133228316926594,-1.5689091484340498,1.12962535674074,121.8558717032652,67.74032599935602
46146,046146,1842.404839758716,1842.404839758716,1934.754952608012,1934.754952608012,2.049676593409205,0.00840991717115261,-1.5282289359939825,0.030133228316926594,-1.5689091484340498,1.12962535674074,121.8558717032652,67.74032599935602
46147,046147,1842.404839758716,1842.404839758716,1934.754952608012,1934.754952608012,2.047493806442693,0.01132193851634119,-1.5412444667550063,0.030238908236011552,-1.5662469692397305,1.128173733560131,121.8558717032652,67.74032599935602
46152,046152,1866.254649589019,1866.254649589019,1919.254029415608,1919.254029415608,2.023073685447837,-0.001729120249509546,-1.5676469090071028,0.013673190861190706,-1.5633595192911118,1.129930671152837,120.0310462140434,66.95362481129119
46154,046154,1859.746969636308,1859.746969636308,1914.204755444865,1914.204755444865,2.009231466004983,-0.002970823641278691,-1.5646779031491849,0.02956119474784027,-1.5405950950370737,1.136123277061316,120.581700743319,67.21490441580156
46158,046158,1863.741408936456,1863.741408936456,1907.013643152467,1907.013643152467,2.00447886760607,-0.01270781496313672,-1.5188653261385996,0.01643271269900077,-1.5727766151929443,1.102109518675779,120.9702880538638,67.1682674453265
46163,046163,1880.974214387733,1880.974214387733,1915.779220181504,1915.779220181504,1.977851236897697,-0.006727592148754134,-1.569591747497633,-0.01629538688615913,-1.5688506905097992,1.100166968750412,119.4299449008713,66.58945770112874
46165,046165,1880.974214387733,1880.974214387733,1915.779220181504,1915.779220181504,1.977851236897697,-0.006727592148754134,-1.569591747497633,-0.01629538688615913,-1.5688506905097992,1.100166968750412,119.4299449008713,66.58945770112874
46184,046184,1857.479804288565,1857.479804288565,1922.888630990956,1922.888630990956,2.004635553476707,0.005137445956362164,-1.5597618795873682,-0.003158477826857827,-1.5595450533859074,1.146133774946981,120.7571865009013,67.36403230763489
46196,046196,1880.974214387733,1880.974214387733,1915.779220181504,1915.779220181504,1.977851236897697,-0.006727592148754134,-1.5713373051013404,-0.016291966292714507,-1.5688222502099622,1.100166968750412,119.4299449008713,66.58945770112874
46200,046200,1842.404839758716,1842.404839758716,1934.754952608012,1934.754952608012,2.047493806442693,0.01132193851634119,-1.5412444667550063,0.030238908236011552,-1.5662469692397305,1.128173733560131,121.8558717032652,67.74032599935602
46205,046205,1847.919204237398,1847.919204237398,1921.263788490785,1921.263788490785,2.044438354629837,-0.006856317126254376,-1.56190282940682,0.01794578342158031,-1.5327716213215807,1.124371377834915,121.2376221304691,67.59771650670672
46223,046223,1859.746969636308,1859.746969636308,1914.204755444865,1914.204755444865,2.009231466004983,-0.002970823641278691,-1.5646779031491849,0.02956119474784027,-1.5405950950370737,1.136123277061316,120.581700743319,67.21490441580156
46235,046235,1863.741408936456,1863.741408936456,1907.013643152467,1907.013643152467,2.005329759075146,-0.003650044106571175,-1.5887481941415185,-0.014653253011738941,-1.5777014108444942,1.11944171485232,120.9702880538638,67.1682674453265
46246,046246,1859.746969636308,1859.746969636308,1914.204755444865,1914.204755444865,2.009231466004983,-0.002970823641278691,-1.56293139392435,0.02955107472663299,-1.5440339176877833,1.136123277061316,120.581700743319,67.21490441580156
46250,046250,1859.746969636308,1859.746969636308,1914.204755444865,1914.204755444865,2.009231466004983,-0.002970823641278691,-1.5646779031491849,0.02956119474784027,-1.5405950950370737,1.136123277061316,120.581700743319,67.21490441580156
46252,046252,1842.404839758716,1842.404839758716,1934.754952608012,1934.754952608012,2.047493806442693,0.01132193851634119,-1.5412444667550063,0.030238908236011552,-1.5662469692397305,1.128173733560131,121.8558717032652,67.74032599935602
46254,046254,1842.404839758716,1842.404839758716,1934.754952608012,1934.754952608012,2.047493806442693,0.01132193851634119,-1.5412444667550063,0.030238908236011552,-1.5662469692397305,1.128173733560131,121.8558717032652,67.74032599935602
46293,046293,1866.254649589019,1866.254649589019,1919.254029415608,1919.254029415608,2.023073685447837,-0.001729120249509546,-1.569392313614426,0.013692241791982286,-1.5651287137304093,1.129930671152837,120.0310462140434,66.95362481129119
46294,046294,1863.741408936456,1863.741408936456,1907.013643152467,1907.013643152467,2.005329759075146,-0.003650044106571175,-1.5887481941415185,-0.014653253011738941,-1.5777014108444942,1.11944171485232,120.9702880538638,67.1682674453265
46304,046304,1858.597086427252,1858.597086427252,1924.42584741907,1924.42584741907,2.029652670668384,0.006069991084438096,-1.5481785083094486,0.042104190812269744,-1.5829092444598964,1.133153905263153,121.4569399168275,67.46593912807965
46313,046313,1863.741408936456,1863.741408936456,1907.013643152467,1907.013643152467,2.005329759075146,-0.003650044106571175,-1.5887481757638633,-0.014656299128578557,-1.575956084520097,1.11944171485232,120.9702880538638,67.1682674453265
46318,046318,1863.741408936456,1863.741408936456,1907.013643152467,1907.013643152467,2.005329759075146,-0.003650044106571175,-1.5887481757638633,-0.014656299128578557,-1.575956084520097,1.11944171485232,120.9702880538638,67.1682674453265
46319,046319,1880.974214387733,1880.974214387733,1915.779220181504,1915.779220181504,1.977851236897697,-0.006727592148754134,-1.5713373051013404,-0.016291966292714507,-1.5688222502099622,1.100166968750412,119.4299449008713,66.58945770112874
46329,046329,1880.974214387733,1880.974214387733,1915.779220181504,1915.779220181504,1.977851236897697,-0.006727592148754134,-1.569591747497633,-0.01629538688615913,-1.5688506905097992,1.100166968750412,119.4299449008713,66.58945770112874
46330,046330,1880.974214387733,1880.974214387733,1915.779220181504,1915.779220181504,1.977851236897697,-0.006727592148754134,-1.5713373051013404,-0.016291966292714507,-1.5688222502099622,1.100166968750412,119.4299449008713,66.58945770112874
46397,046397,1842.404839758716,1842.404839758716,1934.754952608012,1934.754952608012,2.047493806442693,0.01132193851634119,-1.5412444667550063,0.030238908236011552,-1.5662469692397305,1.128173733560131,121.8558717032652,67.74032599935602
46405,046405,1859.746969636308,1859.746969636308,1914.204755444865,1914.204755444865,2.009231466004983,-0.002970823641278691,-1.56293139392435,0.02955107472663299,-1.5440339176877833,1.136123277061316,120.581700743319,67.21490441580156
46407,046407,1846.470459745119,1846.470459745119,1934.237294246353,1934.237294246353,2.053116246097614,0.007127191254660563,-1.5532465545489462,0.04239655825563713,-1.585496144359086,1.126073558516028,121.8482000805993,67.76262613512169
46422,046422,1859.746969636308,1859.746969636308,1914.204755444865,1914.204755444865,2.009231466004983,-0.002970823641278691,-1.5646779031491849,0.02956119474784027,-1.5405950950370737,1.136123277061316,120.581700743319,67.21490441580156
46442,046442,1842.404839758716,1842.404839758716,1934.754952608012,1934.754952608012,2.047493806442693,0.01132193851634119,-1.5412444667550063,0.030238908236011552,-1.5662469692397305,1.128173733560131,121.8558717032652,67.74032599935602
46452,046452,1863.741408936456,1863.741408936456,1907.013643152467,1907.013643152467,2.005329759075146,-0.003650044106571175,-1.5887481757638633,-0.014656299128578557,-1.575956084520097,1.11944171485232,120.9702880538638,67.1682674453265
46463,046463,1859.746969636308,1859.746969636308,1914.204755444865,1914.204755444865,2.009231466004983,-0.002970823641278691,-1.5629319833589455,0.02952976018188684,-1.5422887360998494,1.136123277061316,120.581700743319,67.21490441580156
46492,046492,1863.741408936456,1863.741408936456,1907.013643152467,1907.013643152467,2.00447886760607,-0.01270781496313672,-1.5188653261385996,0.01643271269900077,-1.5727766151929443,1.102109518675779,120.9702880538638,67.1682674453265
46498,046498,1863.741408936456,1863.741408936456,1907.013643152467,1907.013643152467,2.005329759075146,-0.003650044106571175,-1.5887481757638633,-0.014656299128578557,-1.575956084520097,1.11944171485232,120.9702880538638,67.1682674453265
46509,046509,1863.741408936456,1863.741408936456,1907.013643152467,1907.013643152467,2.00447886760607,-0.01270781496313672,-1.520610887543998,0.0164292314171461,-1.5728052951803733,1.102109518675779,120.9702880538638,67.1682674453265
46516,046516,1842.404839758716,1842.404839758716,1934.754952608012,1934.754952608012,2.049676593409205,0.00840991717115261,-1.5282289359939825,0.030133228316926594,-1.5689091484340498,1.12962535674074,121.8558717032652,67.74032599935602
46519,046519,1842.404839758716,1842.404839758716,1934.754952608012,1934.754952608012,2.049676593409205,0.00840991717115261,-1.5282289359939825,0.030133228316926594,-1.5689091484340498,1.12962535674074,121.8558717032652,67.74032599935602
46536,046536,1866.254649589019,1866.254649589019,1919.254029415608,1919.254029415608,2.023073685447837,-0.001729120249509546,-1.5676469090071028,0.013673190861190706,-1.5633595192911118,1.129930671152837,120.0310462140434,66.95362481129119
46549,046549,1842.404839758716,1842.404839758716,1934.754952608012,1934.754952608012,2.047493806442693,0.01132193851634119,-1.5412444667550063,0.030238908236011552,-1.5662469692397305,1.128173733560131,121.8558717032652,67.74032599935602
46558,046558,1863.741408936456,1863.741408936456,1907.013643152467,1907.013643152467,2.00447886760607,-0.01270781496313672,-1.520610887543998,0.0164292314171461,-1.5728052951803733,1.102109518675779,120.9702880538638,67.1682674453265
46571,046571,1860.44342061537,1860.44342061537,1931.800446368316,1931.800446368316,2.014037351924079,-0.002481086856738699,-1.5657787946070796,0.024763195053972537,-1.5905180797729668,1.128847994220851,121.0847164834004,67.28639589561944
46585,046585,1842.404839758716,1842.404839758716,1934.754952608012,1934.754952608012,2.049676593409205,0.00840991717115261,-1.5282289359939825,0.030133228316926594,-1.5689091484340498,1.12962535674074,121.8558717032652,67.74032599935602
46586,046586,1863.741408936456,1863.741408936456,1907.013643152467,1907.013643152467,2.00447886760607,-0.01270781496313672,-1.5188653261385996,0.01643271269900077,-1.5727766151929443,1.102109518675779,120.9702880538638,67.1682674453265
46590,046590,1846.470459745119,1846.470459745119,1934.237294246353,1934.237294246353,2.053116246097614,0.007127191254660563,-1.5532465545489462,0.04239655825563713,-1.585496144359086,1.126073558516028,121.8482000805993,67.76262613512169
46617,046617,1842.404839758716,1842.404839758716,1934.754952608012,1934.754952608012,2.049676593409205,0.00840991717115261,-1.5282289359939825,0.030133228316926594,-1.5689091484340498,1.12962535674074,121.8558717032652,67.74032599935602
46626,046626,1863.741408936456,1863.741408936456,1907.013643152467,1907.013643152467,2.005329759075146,-0.003650044106571175,-1.5887481757638633,-0.014656299128578557,-1.575956084520097,1.11944171485232,120.9702880538638,67.1682674453265
46665,046665,1859.746969636308,1859.746969636308,1914.204755444865,1914.204755444865,2.009231466004983,-0.002970823641278691,-1.5646779031491849,0.02956119474784027,-1.5405950950370737,1.136123277061316,120.581700743319,67.21490441580156
46680,046680,1857.479804288565,1857.479804288565,1922.888630990956,1922.888630990956,2.004635553476707,0.005137445956362164,-1.5510357394219714,-0.003256540141911394,-1.5595730426885313,1.146133774946981,120.7571865009013,67.36403230763489
46682,046682,1863.741408936456,1863.741408936456,1907.013643152467,1907.013643152467,2.00447886760607,-0.01270781496313672,-1.520610887543998,0.0164292314171461,-1.5728052951803733,1.102109518675779,120.9702880538638,67.1682674453265
46688,046688,1859.746969636308,1859.746969636308,1914.204755444865,1914.204755444865,2.009231466004983,-0.002970823641278691,-1.5646779031491849,0.02956119474784027,-1.5405950950370737,1.136123277061316,120.581700743319,67.21490441580156
46716,046716,1866.254649589019,1866.254649589019,1919.254029415608,1919.254029415608,2.023073685447837,-0.001729120249509546,-1.569392313614426,0.013692241791982286,-1.5651287137304093,1.129930671152837,120.0310462140434,66.95362481129119
46742,046742,1859.746969636308,1859.746969636308,1914.204755444865,1914.204755444865,2.009231466004983,-0.002970823641278691,-1.56293139392435,0.02955107472663299,-1.5440339176877833,1.136123277061316,120.581700743319,67.21490441580156
46749,046749,1866.254649589019,1866.254649589019,1919.254029415608,1919.254029415608,2.023073685447837,-0.001729120249509546,-1.5676469090071028,0.013673190861190706,-1.5633595192911118,1.129930671152837,120.0310462140434,66.95362481129119
46751,046751,1863.741408936456,1863.741408936456,1907.013643152467,1907.013643152467,2.00447886760607,-0.01270781496313672,-1.520610887543998,0.0164292314171461,-1.5728052951803733,1.102109518675779,120.9702880538638,67.1682674453265
46758,046758,1851.83618357446,1851.83618357446,1915.259734665388,1915.259734665388,2.0339196102626,-0.005694530419066602,-1.5616421383934505,0.027247358437297614,-1.5403789480908323,1.130775474183994,121.1021209397552,67.48494915545704
46785,046785,1857.479804288565,1857.479804288565,1922.888630990956,1922.888630990956,2.004635553476707,0.005137445956362164,-1.558016415459667,-0.0031506953783180715,-1.5647864995029954,1.146133774946981,120.7571865009013,67.36403230763489
46803,046803,1880.974214387733,1880.974214387733,1915.779220181504,1915.779220181504,1.977851236897697,-0.006727592148754134,-1.5713373051013404,-0.016291966292714507,-1.5688222502099622,1.100166968750412,119.4299449008713,66.58945770112874
46834,046834,1866.254649589019,1866.254649589019,1919.254029415608,1919.254029415608,2.023073685447837,-0.001729120249509546,-1.569392313614426,0.013692241791982286,-1.5651287137304093,1.129930671152837,120.0310462140434,66.95362481129119
46845,046845,1842.404839758716,1842.404839758716,1934.754952608012,1934.754952608012,2.049676593409205,0.00840991717115261,-1.5282289359939825,0.030133228316926594,-1.5689091484340498,1.12962535674074,121.8558717032652,67.74032599935602
46851,046851,1863.741408936456,1863.741408936456,1907.013643152467,1907.013643152467,2.005329759075146,-0.003650044106571175,-1.5887481941415185,-0.014653253011738941,-1.5777014108444942,1.11944171485232,120.9702880538638,67.1682674453265
46852,046852,1857.34965296426,1857.34965296426,1917.924623722001,1917.924623722001,2.015306616523902,0.0004902130710700773,-1.5922332470746603,-0.014668153580254308,-1.5759355608146708,1.125060013269004,121.1604837134374,67.28731745081727
46862,046862,1863.741408936456,1863.741408936456,1907.013643152467,1907.013643152467,2.00447886760607,-0.01270781496313672,-1.5188653261385996,0.01643271269900077,-1.5727766151929443,1.102109518675779,120.9702880538638,67.1682674453265
46863,046863,1858.597086427252,1858.597086427252,1924.42584741907,1924.42584741907,2.029652670668384,0.006069991084438096,-1.5481785083094486,0.042104190812269744,-1.5829092444598964,1.133153905263153,121.4569399168275,67.46593912807965
46894,046894,1847.919204237398,1847.919204237398,1921.263788490785,1921.263788490785,2.044438354629837,-0.006856317126254376,-1.5584125200949863,0.017858638469193496,-1.5379450084759634,1.124371377834915,121.2376221304691,67.59771650670672
46896,046896,1847.919204237398,1847.919204237398,1921.263788490785,1921.263788490785,2.044438354629837,-0.006856317126254376,-1.560158957252722,0.017867231154737557,-1.5309950989703125,1.124371377834915,121.2376221304691,67.59771650670672
46904,046904,1847.919204237398,1847.919204237398,1921.263788490785,1921.263788490785,2.044438354629837,-0.006856317126254376,-1.5601564303701785,0.017940294738900124,-1.5414667740539971,1.124371377834915,121.2376221304691,67.59771650670672
46924,046924,1842.404839758716,1842.404839758716,1934.754952608012,1934.754952608012,2.047493806442693,0.01132193851634119,-1.5412444667550063,0.030238908236011552,-1.5662469692397305,1.128173733560131,121.8558717032652,67.74032599935602
46939,046939,1847.919204237398,1847.919204237398,1921.263788490785,1921.263788490785,2.044438354629837,-0.006856317126254376,-1.56190185876231,0.01797318165006547,-1.538007519872931,1.124371377834915,121.2376221304691,67.59771650670672
46952,046952,1859.746969636308,1859.746969636308,1914.204755444865,1914.204755444865,2.009231466004983,-0.002970823641278691,-1.5699128441987793,0.02975543926078322,-1.5477314577859038,1.136123277061316,120.581700743319,67.21490441580156
46979,046979,1866.254649589019,1866.254649589019,1919.254029415608,1919.254029415608,2.023073685447837,-0.001729120249509546,-1.5676469090071028,0.013673190861190706,-1.5633595192911118,1.129930671152837,120.0310462140434,66.95362481129119
46981,046981,1859.746969636308,1859.746969636308,1914.204755444865,1914.204755444865,2.009231466004983,-0.002970823641278691,-1.5646779031491849,0.02956119474784027,-1.5405950950370737,1.136123277061316,120.581700743319,67.21490441580156
46983,046983,1857.479804288565,1857.479804288565,1922.888630990956,1922.888630990956,2.004635553476707,0.005137445956362164,-1.558016415459667,-0.0031506953783180715,-1.5647864995029954,1.146133774946981,120.7571865009013,67.36403230763489
46986,046986,1859.746969636308,1859.746969636308,1914.204755444865,1914.204755444865,2.009231466004983,-0.002970823641278691,-1.5629319833589455,0.02952976018188684,-1.5422887360998494,1.136123277061316,120.581700743319,67.21490441580156
47004,047004,1863.741408936456,1863.741408936456,1907.013643152467,1907.013643152467,2.00447886760607,-0.01270781496313672,-1.5188653261385996,0.01643271269900077,-1.5727766151929443,1.102109518675779,120.9702880538638,67.1682674453265
47007,047007,1842.404839758716,1842.404839758716,1934.754952608012,1934.754952608012,2.047493806442693,0.01132193851634119,-1.5412444667550063,0.030238908236011552,-1.5662469692397305,1.128173733560131,121.8558717032652,67.74032599935602
47009,047009,1863.741408936456,1863.741408936456,1907.013643152467,1907.013643152467,2.00447886760607,-0.01270781496313672,-1.520610887543998,0.0164292314171461,-1.5728052951803733,1.102109518675779,120.9702880538638,67.1682674453265
47017,047017,1859.746969636308,1859.746969636308,1914.204755444865,1914.204755444865,2.009231466004983,-0.002970823641278691,-1.5629319833589455,0.02952976018188684,-1.5422887360998494,1.136123277061316,120.581700743319,67.21490441580156
47031,047031,1863.741408936456,1863.741408936456,1907.013643152467,1907.013643152467,2.005329759075146,-0.003650044106571175,-1.5887481757638633,-0.014656299128578557,-1.575956084520097,1.11944171485232,120.9702880538638,67.1682674453265
47034,047034,1863.741408936456,1863.741408936456,1907.013643152467,1907.013643152467,2.005329759075146,-0.003650044106571175,-1.5887481941415185,-0.014653253011738941,-1.5777014108444942,1.11944171485232,120.9702880538638,67.1682674453265
47086,047086,1859.746969636308,1859.746969636308,1914.204755444865,1914.204755444865,2.009231466004983,-0.002970823641278691,-1.5629326100062055,0.029508446697819848,-1.5405435555976825,1.136123277061316,120.581700743319,67.21490441580156
47091,047091,1863.741408936456,1863.741408936456,1907.013643152467,1907.013643152467,2.00447886760607,-0.01270781496313672,-1.5188653261385996,0.01643271269900077,-1.5727766151929443,1.102109518675779,120.9702880538638,67.1682674453265
47097,047097,1857.34965296426,1857.34965296426,1917.924623722001,1917.924623722001,2.015306616523902,0.0004902130710700773,-1.5922332470746603,-0.014668153580254308,-1.5759355608146708,1.125060013269004,121.1604837134374,67.28731745081727
47098,047098,1860.44342061537,1860.44342061537,1931.800446368316,1931.800446368316,2.015408304393497,-0.0003830991732733452,-1.5666471279812573,0.02469796677423977,-1.5966478172441692,1.13414802111517,121.0847164834004,67.28639589561944
47119,047119,1863.741408936456,1863.741408936456,1907.013643152467,1907.013643152467,2.00447886760607,-0.01270781496313672,-1.5188653261385996,0.01643271269900077,-1.5727766151929443,1.102109518675779,120.9702880538638,67.1682674453265
47122,047122,1863.741408936456,1863.741408936456,1907.013643152467,1907.013643152467,2.005329759075146,-0.003650044106571175,-1.5887481757638633,-0.014656299128578557,-1.575956084520097,1.11944171485232,120.9702880538638,67.1682674453265
47147,047147,1863.741408936456,1863.741408936456,1907.013643152467,1907.013643152467,2.00447886760607,-0.01270781496313672,-1.520610887543998,0.0164292314171461,-1.5728052951803733,1.102109518675779,120.9702880538638,67.1682674453265
47154,047154,1857.34965296426,1857.34965296426,1917.924623722001,1917.924623722001,2.015306616523902,0.0004902130710700773,-1.5922332210785368,-0.014674245860053241,-1.5741902425771948,1.125060013269004,121.1604837134374,67.28731745081727
47156,047156,1847.919204237398,1847.919204237398,1921.263788490785,1921.263788490785,2.044438354629837,-0.006856317126254376,-1.56190282940682,0.01794578342158031,-1.5327716213215807,1.124371377834915,121.2376221304691,67.59771650670672
47208,047208,1857.34965296426,1857.34965296426,1917.924623722001,1917.924623722001,2.015306616523902,0.0004902130710700773,-1.5922332470746603,-0.014668153580254308,-1.5759355608146708,1.125060013269004,121.1604837134374,67.28731745081727
47221,047221,1859.746969636308,1859.746969636308,1914.204755444865,1914.204755444865,2.009231466004983,-0.002970823641278691,-1.5629319833589455,0.02952976018188684,-1.5422887360998494,1.136123277061316,120.581700743319,67.21490441580156
47228,047228,1863.741408936456,1863.741408936456,1907.013643152467,1907.013643152467,2.005329759075146,-0.003650044106571175,-1.5887481941415185,-0.014653253011738941,-1.5777014108444942,1.11944171485232,120.9702880538638,67.1682674453265
47231,047231,1863.741408936456,1863.741408936456,1907.013643152467,1907.013643152467,2.005329759075146,-0.003650044106571175,-1.5887481757638633,-0.014656299128578557,-1.575956084520097,1.11944171485232,120.9702880538638,67.1682674453265
47245,047245,1859.746969636308,1859.746969636308,1914.204755444865,1914.204755444865,2.009231466004983,-0.002970823641278691,-1.5646779031491849,0.02956119474784027,-1.5405950950370737,1.136123277061316,120.581700743319,67.21490441580156
47250,047250,1880.974214387733,1880.974214387733,1915.779220181504,1915.779220181504,1.977851236897697,-0.006727592148754134,-1.569591747497633,-0.01629538688615913,-1.5688506905097992,1.100166968750412,119.4299449008713,66.58945770112874
47257,047257,1860.44342061537,1860.44342061537,1931.800446368316,1931.800446368316,2.014037351924079,-0.002481086856738699,-1.5657787946070796,0.024763195053972537,-1.5905180797729668,1.128847994220851,121.0847164834004,67.28639589561944
47260,047260,1863.741408936456,1863.741408936456,1907.013643152467,1907.013643152467,2.005329759075146,-0.003650044106571175,-1.5887481757638633,-0.014656299128578557,-1.575956084520097,1.11944171485232,120.9702880538638,67.1682674453265
47301,047301,1857.479804288565,1857.479804288565,1922.888630990956,1922.888630990956,2.004635553476707,0.005137445956362164,-1.558016415459667,-0.0031506953783180715,-1.5647864995029954,1.146133774946981,120.7571865009013,67.36403230763489
47308,047308,1859.746969636308,1859.746969636308,1914.204755444865,1914.204755444865,2.009231466004983,-0.002970823641278691,-1.5699128441987793,0.02975543926078322,-1.5477314577859038,1.136123277061316,120.581700743319,67.21490441580156
47320,047320,1842.404839758716,1842.404839758716,1934.754952608012,1934.754952608012,2.047493806442693,0.01132193851634119,-1.5412444667550063,0.030238908236011552,-1.5662469692397305,1.128173733560131,121.8558717032652,67.74032599935602
47330,047330,1859.746969636308,1859.746969636308,1914.204755444865,1914.204755444865,2.009231466004983,-0.002970823641278691,-1.5646779031491849,0.02956119474784027,-1.5405950950370737,1.136123277061316,120.581700743319,67.21490441580156
47332,047332,1842.404839758716,1842.404839758716,1934.754952608012,1934.754952608012,2.049676593409205,0.00840991717115261,-1.5282289359939825,0.030133228316926594,-1.5689091484340498,1.12962535674074,121.8558717032652,67.74032599935602
47348,047348,1863.741408936456,1863.741408936456,1907.013643152467,1907.013643152467,2.00447886760607,-0.01270781496313672,-1.5188653261385996,0.01643271269900077,-1.5727766151929443,1.102109518675779,120.9702880538638,67.1682674453265
47353,047353,1859.746969636308,1859.746969636308,1914.204755444865,1914.204755444865,2.009231466004983,-0.002970823641278691,-1.5629319833589455,0.02952976018188684,-1.5422887360998494,1.136123277061316,120.581700743319,67.21490441580156
47360,047360,1863.741408936456,1863.741408936456,1907.013643152467,1907.013643152467,2.00447886760607,-0.01270781496313672,-1.520610887543998,0.0164292314171461,-1.5728052951803733,1.102109518675779,120.9702880538638,67.1682674453265
47374,047374,1863.741408936456,1863.741408936456,1907.013643152467,1907.013643152467,2.00447886760607,-0.01270781496313672,-1.5188653261385996,0.01643271269900077,-1.5727766151929443,1.102109518675779,120.9702880538638,67.1682674453265
47378,047378,1863.741408936456,1863.741408936456,1907.013643152467,1907.013643152467,2.00447886760607,-0.01270781496313672,-1.520610887543998,0.0164292314171461,-1.5728052951803733,1.102109518675779,120.9702880538638,67.1682674453265
47383,047383,1866.254649589019,1866.254649589019,1919.254029415608,1919.254029415608,2.023073685447837,-0.001729120249509546,-1.5676469090071028,0.013673190861190706,-1.5633595192911118,1.129930671152837,120.0310462140434,66.95362481129119
47395,047395,1857.479804288565,1857.479804288565,1922.888630990956,1922.888630990956,2.004635553476707,0.005137445956362164,-1.5510357394219714,-0.003256540141911394,-1.5595730426885313,1.146133774946981,120.7571865009013,67.36403230763489
47402,047402,1880.974214387733,1880.974214387733,1915.779220181504,1915.779220181504,1.977851236897697,-0.006727592148754134,-1.5713373051013404,-0.016291966292714507,-1.5688222502099622,1.100166968750412,119.4299449008713,66.58945770112874
47404,047404,1866.254649589019,1866.254649589019,1919.254029415608,1919.254029415608,2.023073685447837,-0.001729120249509546,-1.569392313614426,0.013692241791982286,-1.5651287137304093,1.129930671152837,120.0310462140434,66.95362481129119
47429,047429,1860.44342061537,1860.44342061537,1931.800446368316,1931.800446368316,2.014037351924079,-0.002481086856738699,-1.5657787946070796,0.024763195053972537,-1.5905180797729668,1.128847994220851,121.0847164834004,67.28639589561944
47433,047433,1859.746969636308,1859.746969636308,1914.204755444865,1914.204755444865,2.009231466004983,-0.002970823641278691,-1.5646779031491849,0.02956119474784027,-1.5405950950370737,1.136123277061316,120.581700743319,67.21490441580156
47434,047434,1866.254649589019,1866.254649589019,1919.254029415608,1919.254029415608,2.023073685447837,-0.001729120249509546,-1.569392313614426,0.013692241791982286,-1.5651287137304093,1.129930671152837,120.0310462140434,66.95362481129119
47451,047451,1863.741408936456,1863.741408936456,1907.013643152467,1907.013643152467,2.00447886760607,-0.01270781496313672,-1.5188653261385996,0.01643271269900077,-1.5727766151929443,1.102109518675779,120.9702880538638,67.1682674453265
47501,047501,1842.404839758716,1842.404839758716,1934.754952608012,1934.754952608012,2.047493806442693,0.01132193851634119,-1.5412444667550063,0.030238908236011552,-1.5662469692397305,1.128173733560131,121.8558717032652,67.74032599935602
47521,047521,1859.746969636308,1859.746969636308,1914.204755444865,1914.204755444865,2.009231466004983,-0.002970823641278691,-1.5646779031491849,0.02956119474784027,-1.5405950950370737,1.136123277061316,120.581700743319,67.21490441580156
47526,047526,1859.746969636308,1859.746969636308,1914.204755444865,1914.204755444865,2.009231466004983,-0.002970823641278691,-1.5699128441987793,0.02975543926078322,-1.5477314577859038,1.136123277061316,120.581700743319,67.21490441580156
47527,047527,1859.746969636308,1859.746969636308,1914.204755444865,1914.204755444865,2.009231466004983,-0.002970823641278691,-1.5646779031491849,0.02956119474784027,-1.5405950950370737,1.136123277061316,120.581700743319,67.21490441580156
47548,047548,1859.746969636308,1859.746969636308,1914.204755444865,1914.204755444865,2.009231466004983,-0.002970823641278691,-1.5646779031491849,0.02956119474784027,-1.5405950950370737,1.136123277061316,120.581700743319,67.21490441580156
47554,047554,1857.479804288565,1857.479804288565,1922.888630990956,1922.888630990956,2.004635553476707,0.005137445956362164,-1.558016415459667,-0.0031506953783180715,-1.5647864995029954,1.146133774946981,120.7571865009013,67.36403230763489
47559,047559,1860.44342061537,1860.44342061537,1931.800446368316,1931.800446368316,2.014037351924079,-0.002481086856738699,-1.5657787946070796,0.024763195053972537,-1.5905180797729668,1.128847994220851,121.0847164834004,67.28639589561944
47560,047560,1860.44342061537,1860.44342061537,1931.800446368316,1931.800446368316,2.014037351924079,-0.002481086856738699,-1.5657787946070796,0.024763195053972537,-1.5905180797729668,1.128847994220851,121.0847164834004,67.28639589561944
47574,047574,1851.83618357446,1851.83618357446,1915.259734665388,1915.259734665388,2.0339196102626,-0.005694530419066602,-1.5633867713774594,0.027318665851437763,-1.5421717586459984,1.130775474183994,121.1021209397552,67.48494915545704
47586,047586,1863.334264630649,1863.334264630649,1907.62696303471,1907.62696303471,2.015970272322051,0.008957195838649488,-1.5225925316185862,0.015377765957622191,-1.5681989866297787,1.131092790341723,121.100845132532,67.24295811544353
47589,047589,1859.746969636308,1859.746969636308,1914.204755444865,1914.204755444865,2.009231466004983,-0.002970823641278691,-1.5629319833589455,0.02952976018188684,-1.5422887360998494,1.136123277061316,120.581700743319,67.21490441580156
47603,047603,1857.479804288565,1857.479804288565,1922.888630990956,1922.888630990956,2.004635553476707,0.005137445956362164,-1.558016415459667,-0.0031506953783180715,-1.5647864995029954,1.146133774946981,120.7571865009013,67.36403230763489
47631,047631,1859.746969636308,1859.746969636308,1914.204755444865,1914.204755444865,2.009231466004983,-0.002970823641278691,-1.5699128441987793,0.02975543926078322,-1.5477314577859038,1.136123277061316,120.581700743319,67.21490441580156
47634,047634,1857.479804288565,1857.479804288565,1922.888630990956,1922.888630990956,2.004635553476707,0.005137445956362164,-1.558016415459667,-0.0031506953783180715,-1.5647864995029954,1.146133774946981,120.7571865009013,67.36403230763489
47636,047636,1863.741408936456,1863.741408936456,1907.013643152467,1907.013643152467,2.005329759075146,-0.003650044106571175,-1.5887481941415185,-0.014653253011738941,-1.5777014108444942,1.11944171485232,120.9702880538638,67.1682674453265
47639,047639,1857.479804288565,1857.479804288565,1922.888630990956,1922.888630990956,2.004635553476707,0.005137445956362164,-1.558016415459667,-0.0031506953783180715,-1.5647864995029954,1.146133774946981,120.7571865009013,67.36403230763489
47661,047661,1842.404839758716,1842.404839758716,1934.754952608012,1934.754952608012,2.047493806442693,0.01132193851634119,-1.5412444667550063,0.030238908236011552,-1.5662469692397305,1.128173733560131,121.8558717032652,67.74032599935602
47664,047664,1863.741408936456,1863.741408936456,1907.013643152467,1907.013643152467,2.00447886760607,-0.01270781496313672,-1.5188653261385996,0.01643271269900077,-1.5727766151929443,1.102109518675779,120.9702880538638,67.1682674453265
47669,047669,1866.254649589019,1866.254649589019,1919.254029415608,1919.254029415608,2.023073685447837,-0.001729120249509546,-1.5676469090071028,0.013673190861190706,-1.5633595192911118,1.129930671152837,120.0310462140434,66.95362481129119
47677,047677,1863.741408936456,1863.741408936456,1907.013643152467,1907.013643152467,2.005329759075146,-0.003650044106571175,-1.5887481757638633,-0.014656299128578557,-1.575956084520097,1.11944171485232,120.9702880538638,67.1682674453265
47688,047688,1857.479804288565,1857.479804288565,1922.888630990956,1922.888630990956,2.004635553476707,0.005137445956362164,-1.558016415459667,-0.0031506953783180715,-1.5647864995029954,1.146133774946981,120.7571865009013,67.36403230763489
47695,047695,1863.741408936456,1863.741408936456,1907.013643152467,1907.013643152467,2.005329759075146,-0.003650044106571175,-1.5887481757638633,-0.014656299128578557,-1.575956084520097,1.11944171485232,120.9702880538638,67.1682674453265
47703,047703,1859.746969636308,1859.746969636308,1914.204755444865,1914.204755444865,2.009231466004983,-0.002970823641278691,-1.5629319833589455,0.02952976018188684,-1.5422887360998494,1.136123277061316,120.581700743319,67.21490441580156
47707,047707,1863.741408936456,1863.741408936456,1907.013643152467,1907.013643152467,2.005329759075146,-0.003650044106571175,-1.5887481941415185,-0.014653253011738941,-1.5777014108444942,1.11944171485232,120.9702880538638,67.1682674453265
47708,047708,1842.404839758716,1842.404839758716,1934.754952608012,1934.754952608012,2.049676593409205,0.00840991717115261,-1.5282289359939825,0.030133228316926594,-1.5689091484340498,1.12962535674074,121.8558717032652,67.74032599935602
47717,047717,1863.741408936456,1863.741408936456,1907.013643152467,1907.013643152467,2.005329759075146,-0.003650044106571175,-1.5887481941415185,-0.014653253011738941,-1.5777014108444942,1.11944171485232,120.9702880538638,67.1682674453265
47735,047735,1863.741408936456,1863.741408936456,1907.013643152467,1907.013643152467,2.005329759075146,-0.003650044106571175,-1.5887481941415185,-0.014653253011738941,-1.5777014108444942,1.11944171485232,120.9702880538638,67.1682674453265
47739,047739,1863.741408936456,1863.741408936456,1907.013643152467,1907.013643152467,2.005329759075146,-0.003650044106571175,-1.5887481941415185,-0.014653253011738941,-1.5777014108444942,1.11944171485232,120.9702880538638,67.1682674453265
47759,047759,1857.34965296426,1857.34965296426,1917.924623722001,1917.924623722001,2.015306616523902,0.0004902130710700773,-1.5922332470746603,-0.014668153580254308,-1.5759355608146708,1.125060013269004,121.1604837134374,67.28731745081727
47761,047761,1866.254649589019,1866.254649589019,1919.254029415608,1919.254029415608,2.023073685447837,-0.001729120249509546,-1.5676469090071028,0.013673190861190706,-1.5633595192911118,1.129930671152837,120.0310462140434,66.95362481129119
47780,047780,1857.34965296426,1857.34965296426,1917.924623722001,1917.924623722001,2.015306616523902,0.0004902130710700773,-1.5922332470746603,-0.014668153580254308,-1.5759355608146708,1.125060013269004,121.1604837134374,67.28731745081727
47794,047794,1857.34965296426,1857.34965296426,1917.924623722001,1917.924623722001,2.015306616523902,0.0004902130710700773,-1.5922332470746603,-0.014668153580254308,-1.5759355608146708,1.125060013269004,121.1604837134374,67.28731745081727
47799,047799,1857.34965296426,1857.34965296426,1917.924623722001,1917.924623722001,2.015306616523902,0.0004902130710700773,-1.5922332470746603,-0.014668153580254308,-1.5759355608146708,1.125060013269004,121.1604837134374,67.28731745081727
47808,047808,1860.44342061537,1860.44342061537,1931.800446368316,1931.800446368316,2.014037351924079,-0.002481086856738699,-1.5657787946070796,0.024763195053972537,-1.5905180797729668,1.128847994220851,121.0847164834004,67.28639589561944
47818,047818,1859.746969636308,1859.746969636308,1914.204755444865,1914.204755444865,2.009231466004983,-0.002970823641278691,-1.5646779031491849,0.02956119474784027,-1.5405950950370737,1.136123277061316,120.581700743319,67.21490441580156
47844,047844,1863.741408936456,1863.741408936456,1907.013643152467,1907.013643152467,2.00447886760607,-0.01270781496313672,-1.5188653261385996,0.01643271269900077,-1.5727766151929443,1.102109518675779,120.9702880538638,67.1682674453265
47854,047854,1858.597086427252,1858.597086427252,1924.42584741907,1924.42584741907,2.029652670668384,0.006069991084438096,-1.5481785083094486,0.042104190812269744,-1.5829092444598964,1.133153905263153,121.4569399168275,67.46593912807965
47864,047864,1857.34965296426,1857.34965296426,1917.924623722001,1917.924623722001,2.015306616523902,0.0004902130710700773,-1.5922332470746603,-0.014668153580254308,-1.5759355608146708,1.125060013269004,121.1604837134374,67.28731745081727
47872,047872,1842.404839758716,1842.404839758716,1934.754952608012,1934.754952608012,2.047493806442693,0.01132193851634119,-1.5412444667550063,0.030238908236011552,-1.5662469692397305,1.128173733560131,121.8558717032652,67.74032599935602
47894,047894,1842.404839758716,1842.404839758716,1934.754952608012,1934.754952608012,2.047493806442693,0.01132193851634119,-1.5412444667550063,0.030238908236011552,-1.5662469692397305,1.128173733560131,121.8558717032652,67.74032599935602
47895,047895,1863.741408936456,1863.741408936456,1907.013643152467,1907.013643152467,2.00447886760607,-0.01270781496313672,-1.520610887543998,0.0164292314171461,-1.5728052951803733,1.102109518675779,120.9702880538638,67.1682674453265
47896,047896,1860.564880874244,1860.564880874244,1915.277656000934,1915.277656000934,2.031375676321548,-0.004711303360378697,-1.5721980886504996,-2.912499175901634e-08,-1.5610869934575948,1.096924474809985,120.4121940536434,67.18210949757325
47913,047913,1847.919204237398,1847.919204237398,1921.263788490785,1921.263788490785,2.044438354629837,-0.006856317126254376,-1.56190185876231,0.01797318165006547,-1.538007519872931,1.124371377834915,121.2376221304691,67.59771650670672
47917,047917,1857.34965296426,1857.34965296426,1917.924623722001,1917.924623722001,2.015306616523902,0.0004902130710700773,-1.5922332470746603,-0.014668153580254308,-1.5759355608146708,1.125060013269004,121.1604837134374,67.28731745081727
47923,047923,1857.479804288565,1857.479804288565,1922.888630990956,1922.888630990956,2.004635553476707,0.005137445956362164,-1.558016415459667,-0.0031506953783180715,-1.5647864995029954,1.146133774946981,120.7571865009013,67.36403230763489
47924,047924,1859.746969636308,1859.746969636308,1914.204755444865,1914.204755444865,2.009231466004983,-0.002970823641278691,-1.5629319833589455,0.02952976018188684,-1.5422887360998494,1.136123277061316,120.581700743319,67.21490441580156
47938,047938,1880.974214387733,1880.974214387733,1915.779220181504,1915.779220181504,1.977851236897697,-0.006727592148754134,-1.5713373051013404,-0.016291966292714507,-1.5688222502099622,1.100166968750412,119.4299449008713,66.58945770112874
47942,047942,1857.34965296426,1857.34965296426,1917.924623722001,1917.924623722001,2.015306616523902,0.0004902130710700773,-1.5904877533289208,-0.014659161626945269,-1.5759611552265513,1.125060013269004,121.1604837134374,67.28731745081727
47966,047966,1860.44342061537,1860.44342061537,1931.800446368316,1931.800446368316,2.014037351924079,-0.002481086856738699,-1.5657787946070796,0.024763195053972537,-1.5905180797729668,1.128847994220851,121.0847164834004,67.28639589561944
47967,047967,1859.746969636308,1859.746969636308,1914.204755444865,1914.204755444865,2.009231466004983,-0.002970823641278691,-1.56293139392435,0.02955107472663299,-1.5440339176877833,1.136123277061316,120.581700743319,67.21490441580156
47979,047979,1880.974214387733,1880.974214387733,1915.779220181504,1915.779220181504,1.977851236897697,-0.006727592148754134,-1.569591747497633,-0.01629538688615913,-1.5688506905097992,1.100166968750412,119.4299449008713,66.58945770112874
47989,047989,1866.254649589019,1866.254649589019,1919.254029415608,1919.254029415608,2.023073685447837,-0.001729120249509546,-1.569392313614426,0.013692241791982286,-1.5651287137304093,1.129930671152837,120.0310462140434,66.95362481129119
47998,047998,1866.254649589019,1866.254649589019,1919.254029415608,1919.254029415608,2.023073685447837,-0.001729120249509546,-1.569392313614426,0.013692241791982286,-1.5651287137304093,1.129930671152837,120.0310462140434,66.95362481129119
48049,048049,1880.974214387733,1880.974214387733,1915.779220181504,1915.779220181504,1.977851236897697,-0.006727592148754134,-1.5713373051013404,-0.016291966292714507,-1.5688222502099622,1.100166968750412,119.4299449008713,66.58945770112874
48051,048051,1857.479804288565,1857.479804288565,1922.888630990956,1922.888630990956,2.004635553476707,0.005137445956362164,-1.558016415459667,-0.0031506953783180715,-1.5647864995029954,1.146133774946981,120.7571865009013,67.36403230763489
48060,048060,1857.34965296426,1857.34965296426,1917.924623722001,1917.924623722001,2.015306616523902,0.0004902130710700773,-1.5922332470746603,-0.014668153580254308,-1.5759355608146708,1.125060013269004,121.1604837134374,67.28731745081727
48091,048091,1842.404839758716,1842.404839758716,1934.754952608012,1934.754952608012,2.047493806442693,0.01132193851634119,-1.5412444667550063,0.030238908236011552,-1.5662469692397305,1.128173733560131,121.8558717032652,67.74032599935602
48095,048095,1863.334264630649,1863.334264630649,1907.62696303471,1907.62696303471,2.015970272322051,0.008957195838649488,-1.5225925316185862,0.015377765957622191,-1.5681989866297787,1.131092790341723,121.100845132532,67.24295811544353
48097,048097,1866.254649589019,1866.254649589019,1919.254029415608,1919.254029415608,2.023073685447837,-0.001729120249509546,-1.5676469090071028,0.013673190861190706,-1.5633595192911118,1.129930671152837,120.0310462140434,66.95362481129119
48134,048134,1857.479804288565,1857.479804288565,1922.888630990956,1922.888630990956,2.004635553476707,0.005137445956362164,-1.558016415459667,-0.0031506953783180715,-1.5647864995029954,1.146133774946981,120.7571865009013,67.36403230763489
48135,048135,1857.34965296426,1857.34965296426,1917.924623722001,1917.924623722001,2.015306616523902,0.0004902130710700773,-1.5922332470746603,-0.014668153580254308,-1.5759355608146708,1.125060013269004,121.1604837134374,67.28731745081727
48169,048169,1842.404839758716,1842.404839758716,1934.754952608012,1934.754952608012,2.047493806442693,0.01132193851634119,-1.5412444667550063,0.030238908236011552,-1.5662469692397305,1.128173733560131,121.8558717032652,67.74032599935602
48180,048180,1863.741408936456,1863.741408936456,1907.013643152467,1907.013643152467,2.00447886760607,-0.01270781496313672,-1.5188653261385996,0.01643271269900077,-1.5727766151929443,1.102109518675779,120.9702880538638,67.1682674453265
48185,048185,1880.974214387733,1880.974214387733,1915.779220181504,1915.779220181504,1.977851236897697,-0.006727592148754134,-1.569591747497633,-0.01629538688615913,-1.5688506905097992,1.100166968750412,119.4299449008713,66.58945770112874
48192,048192,1860.44342061537,1860.44342061537,1931.800446368316,1931.800446368316,2.014037351924079,-0.002481086856738699,-1.5657787946070796,0.024763195053972537,-1.5905180797729668,1.128847994220851,121.0847164834004,67.28639589561944
48194,048194,1847.919204237398,1847.919204237398,1921.263788490785,1921.263788490785,2.044438354629837,-0.006856317126254376,-1.5601557581409167,0.017964654651584994,-1.5449573354257424,1.124371377834915,121.2376221304691,67.59771650670672
48200,048200,1866.254649589019,1866.254649589019,1919.254029415608,1919.254029415608,2.023073685447837,-0.001729120249509546,-1.5676469090071028,0.013673190861190706,-1.5633595192911118,1.129930671152837,120.0310462140434,66.95362481129119
48202,048202,1846.470459745119,1846.470459745119,1934.237294246353,1934.237294246353,2.053116246097614,0.007127191254660563,-1.5532465545489462,0.04239655825563713,-1.585496144359086,1.126073558516028,121.8482000805993,67.76262613512169
48204,048204,1866.254649589019,1866.254649589019,1919.254029415608,1919.254029415608,2.023073685447837,-0.001729120249509546,-1.569392313614426,0.013692241791982286,-1.5651287137304093,1.129930671152837,120.0310462140434,66.95362481129119
48208,048208,1866.254649589019,1866.254649589019,1919.254029415608,1919.254029415608,2.023073685447837,-0.001729120249509546,-1.5676469090071028,0.013673190861190706,-1.5633595192911118,1.129930671152837,120.0310462140434,66.95362481129119
48211,048211,1842.404839758716,1842.404839758716,1934.754952608012,1934.754952608012,2.047493806442693,0.01132193851634119,-1.5412444667550063,0.030238908236011552,-1.5662469692397305,1.128173733560131,121.8558717032652,67.74032599935602
48212,048212,1860.44342061537,1860.44342061537,1931.800446368316,1931.800446368316,2.015408304393497,-0.0003830991732733452,-1.5666471279812573,0.02469796677423977,-1.5966478172441692,1.13414802111517,121.0847164834004,67.28639589561944
48233,048233,1857.34965296426,1857.34965296426,1917.924623722001,1917.924623722001,2.015306616523902,0.0004902130710700773,-1.5922332210785368,-0.014674245860053241,-1.5741902425771948,1.125060013269004,121.1604837134374,67.28731745081727
48239,048239,1859.746969636308,1859.746969636308,1914.204755444865,1914.204755444865,2.009231466004983,-0.002970823641278691,-1.5646779031491849,0.02956119474784027,-1.5405950950370737,1.136123277061316,120.581700743319,67.21490441580156
48242,048242,1859.746969636308,1859.746969636308,1914.204755444865,1914.204755444865,2.009231466004983,-0.002970823641278691,-1.5646779031491849,0.02956119474784027,-1.5405950950370737,1.136123277061316,120.581700743319,67.21490441580156
48252,048252,1857.479804288565,1857.479804288565,1922.888630990956,1922.888630990956,2.004635553476707,0.005137445956362164,-1.558016415459667,-0.0031506953783180715,-1.5647864995029954,1.146133774946981,120.7571865009013,67.36403230763489
48275,048275,1859.746969636308,1859.746969636308,1914.204755444865,1914.204755444865,2.009231466004983,-0.002970823641278691,-1.5629319833589455,0.02952976018188684,-1.5422887360998494,1.136123277061316,120.581700743319,67.21490441580156
48279,048279,1858.597086427252,1858.597086427252,1924.42584741907,1924.42584741907,2.029652670668384,0.006069991084438096,-1.5481785083094486,0.042104190812269744,-1.5829092444598964,1.133153905263153,121.4569399168275,67.46593912807965
48286,048286,1857.479804288565,1857.479804288565,1922.888630990956,1922.888630990956,2.004635553476707,0.005137445956362164,-1.5510357394219714,-0.003256540141911394,-1.5595730426885313,1.146133774946981,120.7571865009013,67.36403230763489
48289,048289,1858.597086427252,1858.597086427252,1924.42584741907,1924.42584741907,2.029652670668384,0.006069991084438096,-1.551672000605969,0.04206165324630392,-1.5795655590792688,1.133153905263153,121.4569399168275,67.46593912807965
48317,048317,1842.404839758716,1842.404839758716,1934.754952608012,1934.754952608012,2.047493806442693,0.01132193851634119,-1.5412444667550063,0.030238908236011552,-1.5662469692397305,1.128173733560131,121.8558717032652,67.74032599935602
48333,048333,1846.470459745119,1846.470459745119,1934.237294246353,1934.237294246353,2.053116246097614,0.007127191254660563,-1.5532465545489462,0.04239655825563713,-1.585496144359086,1.126073558516028,121.8482000805993,67.76262613512169
48338,048338,1860.44342061537,1860.44342061537,1931.800446368316,1931.800446368316,2.015408304393497,-0.0003830991732733452,-1.5666471279812573,0.02469796677423977,-1.5966478172441692,1.13414802111517,121.0847164834004,67.28639589561944
48345,048345,1880.974214387733,1880.974214387733,1915.779220181504,1915.779220181504,1.977851236897697,-0.006727592148754134,-1.5713373051013404,-0.016291966292714507,-1.5688222502099622,1.100166968750412,119.4299449008713,66.58945770112874
48375,048375,1866.254649589019,1866.254649589019,1919.254029415608,1919.254029415608,2.023073685447837,-0.001729120249509546,-1.569392313614426,0.013692241791982286,-1.5651287137304093,1.129930671152837,120.0310462140434,66.95362481129119
48378,048378,1866.254649589019,1866.254649589019,1919.254029415608,1919.254029415608,2.023073685447837,-0.001729120249509546,-1.569392313614426,0.013692241791982286,-1.5651287137304093,1.129930671152837,120.0310462140434,66.95362481129119
48380,048380,1880.974214387733,1880.974214387733,1915.779220181504,1915.779220181504,1.977851236897697,-0.006727592148754134,-1.569591747497633,-0.01629538688615913,-1.5688506905097992,1.100166968750412,119.4299449008713,66.58945770112874
48394,048394,1863.741408936456,1863.741408936456,1907.013643152467,1907.013643152467,2.00447886760607,-0.01270781496313672,-1.5188653261385996,0.01643271269900077,-1.5727766151929443,1.102109518675779,120.9702880538638,67.1682674453265
48401,048401,1860.44342061537,1860.44342061537,1931.800446368316,1931.800446368316,2.015408304393497,-0.0003830991732733452,-1.5666471279812573,0.02469796677423977,-1.5966478172441692,1.13414802111517,121.0847164834004,67.28639589561944
48407,048407,1857.34965296426,1857.34965296426,1917.924623722001,1917.924623722001,2.015306616523902,0.0004902130710700773,-1.5922332470746603,-0.014668153580254308,-1.5759355608146708,1.125060013269004,121.1604837134374,67.28731745081727
48416,048416,1859.746969636308,1859.746969636308,1914.204755444865,1914.204755444865,2.009231466004983,-0.002970823641278691,-1.56293139392435,0.02955107472663299,-1.5440339176877833,1.136123277061316,120.581700743319,67.21490441580156
48431,048431,1842.404839758716,1842.404839758716,1934.754952608012,1934.754952608012,2.047493806442693,0.01132193851634119,-1.5412444667550063,0.030238908236011552,-1.5662469692397305,1.128173733560131,121.8558717032652,67.74032599935602
48432,048432,1860.44342061537,1860.44342061537,1931.800446368316,1931.800446368316,2.015408304393497,-0.0003830991732733452,-1.5666471279812573,0.02469796677423977,-1.5966478172441692,1.13414802111517,121.0847164834004,67.28639589561944
48433,048433,1857.479804288565,1857.479804288565,1922.888630990956,1922.888630990956,2.004635553476707,0.005137445956362164,-1.558016415459667,-0.0031506953783180715,-1.5647864995029954,1.146133774946981,120.7571865009013,67.36403230763489
48446,048446,1858.597086427252,1858.597086427252,1924.42584741907,1924.42584741907,2.029652670668384,0.006069991084438096,-1.5481785083094486,0.042104190812269744,-1.5829092444598964,1.133153905263153,121.4569399168275,67.46593912807965
48457,048457,1863.741408936456,1863.741408936456,1907.013643152467,1907.013643152467,2.00447886760607,-0.01270781496313672,-1.5188653261385996,0.01643271269900077,-1.5727766151929443,1.102109518675779,120.9702880538638,67.1682674453265
48471,048471,1866.254649589019,1866.254649589019,1919.254029415608,1919.254029415608,2.023073685447837,-0.001729120249509546,-1.5676469090071028,0.013673190861190706,-1.5633595192911118,1.129930671152837,120.0310462140434,66.95362481129119
48492,048492,1857.34965296426,1857.34965296426,1917.924623722001,1917.924623722001,2.015306616523902,0.0004902130710700773,-1.5922332210785368,-0.014674245860053241,-1.5741902425771948,1.125060013269004,121.1604837134374,67.28731745081727
48494,048494,1847.919204237398,1847.919204237398,1921.263788490785,1921.263788490785,2.044438354629837,-0.006856317126254376,-1.5601564303701785,0.017940294738900124,-1.5414667740539971,1.124371377834915,121.2376221304691,67.59771650670672
48513,048513,1842.404839758716,1842.404839758716,1934.754952608012,1934.754952608012,2.049676593409205,0.00840991717115261,-1.5282289359939825,0.030133228316926594,-1.5689091484340498,1.12962535674074,121.8558717032652,67.74032599935602
48546,048546,1857.479804288565,1857.479804288565,1922.888630990956,1922.888630990956,2.004635553476707,0.005137445956362164,-1.5510357394219714,-0.003256540141911394,-1.5595730426885313,1.146133774946981,120.7571865009013,67.36403230763489
48554,048554,1858.597086427252,1858.597086427252,1924.42584741907,1924.42584741907,2.029652670668384,0.006069991084438096,-1.551672000605969,0.04206165324630392,-1.5795655590792688,1.133153905263153,121.4569399168275,67.46593912807965
48563,048563,1857.479804288565,1857.479804288565,1922.888630990956,1922.888630990956,2.004635553476707,0.005137445956362164,-1.558016415459667,-0.0031506953783180715,-1.5647864995029954,1.146133774946981,120.7571865009013,67.36403230763489
48566,048566,1842.404839758716,1842.404839758716,1934.754952608012,1934.754952608012,2.047493806442693,0.01132193851634119,-1.5412444667550063,0.030238908236011552,-1.5662469692397305,1.128173733560131,121.8558717032652,67.74032599935602
48567,048567,1857.34965296426,1857.34965296426,1917.924623722001,1917.924623722001,2.015306616523902,0.0004902130710700773,-1.5904877533289208,-0.014659161626945269,-1.5759611552265513,1.125060013269004,121.1604837134374,67.28731745081727
48574,048574,1866.254649589019,1866.254649589019,1919.254029415608,1919.254029415608,2.023073685447837,-0.001729120249509546,-1.569392313614426,0.013692241791982286,-1.5651287137304093,1.129930671152837,120.0310462140434,66.95362481129119
48634,048634,1866.254649589019,1866.254649589019,1919.254029415608,1919.254029415608,2.023073685447837,-0.001729120249509546,-1.569392313614426,0.013692241791982286,-1.5651287137304093,1.129930671152837,120.0310462140434,66.95362481129119
48675,048675,1880.974214387733,1880.974214387733,1915.779220181504,1915.779220181504,1.977851236897697,-0.006727592148754134,-1.569591747497633,-0.01629538688615913,-1.5688506905097992,1.100166968750412,119.4299449008713,66.58945770112874
48681,048681,1859.746969636308,1859.746969636308,1914.204755444865,1914.204755444865,2.009231466004983,-0.002970823641278691,-1.5629319833589455,0.02952976018188684,-1.5422887360998494,1.136123277061316,120.581700743319,67.21490441580156
48729,048729,1842.404839758716,1842.404839758716,1934.754952608012,1934.754952608012,2.049676593409205,0.00840991717115261,-1.5282289359939825,0.030133228316926594,-1.5689091484340498,1.12962535674074,121.8558717032652,67.74032599935602
48753,048753,1857.34965296426,1857.34965296426,1917.924623722001,1917.924623722001,2.015306616523902,0.0004902130710700773,-1.5922332470746603,-0.014668153580254308,-1.5759355608146708,1.125060013269004,121.1604837134374,67.28731745081727
48756,048756,1880.974214387733,1880.974214387733,1915.779220181504,1915.779220181504,1.977851236897697,-0.006727592148754134,-1.5713373051013404,-0.016291966292714507,-1.5688222502099622,1.100166968750412,119.4299449008713,66.58945770112874
48762,048762,1863.741408936456,1863.741408936456,1907.013643152467,1907.013643152467,2.00447886760607,-0.01270781496313672,-1.5188653261385996,0.01643271269900077,-1.5727766151929443,1.102109518675779,120.9702880538638,67.1682674453265
48778,048778,1866.254649589019,1866.254649589019,1919.254029415608,1919.254029415608,2.023073685447837,-0.001729120249509546,-1.569392313614426,0.013692241791982286,-1.5651287137304093,1.129930671152837,120.0310462140434,66.95362481129119
48779,048779,1858.597086427252,1858.597086427252,1924.42584741907,1924.42584741907,2.029652670668384,0.006069991084438096,-1.5481785083094486,0.042104190812269744,-1.5829092444598964,1.133153905263153,121.4569399168275,67.46593912807965
48785,048785,1859.746969636308,1859.746969636308,1914.204755444865,1914.204755444865,2.009231466004983,-0.002970823641278691,-1.5699128441987793,0.02975543926078322,-1.5477314577859038,1.136123277061316,120.581700743319,67.21490441580156
48793,048793,1863.741408936456,1863.741408936456,1907.013643152467,1907.013643152467,2.00447886760607,-0.01270781496313672,-1.520610887543998,0.0164292314171461,-1.5728052951803733,1.102109518675779,120.9702880538638,67.1682674453265
48818,048818,1866.254649589019,1866.254649589019,1919.254029415608,1919.254029415608,2.023073685447837,-0.001729120249509546,-1.5676469090071028,0.013673190861190706,-1.5633595192911118,1.129930671152837,120.0310462140434,66.95362481129119
48819,048819,1857.34965296426,1857.34965296426,1917.924623722001,1917.924623722001,2.015306616523902,0.0004902130710700773,-1.5922332470746603,-0.014668153580254308,-1.5759355608146708,1.125060013269004,121.1604837134374,67.28731745081727
48826,048826,1860.44342061537,1860.44342061537,1931.800446368316,1931.800446368316,2.015408304393497,-0.0003830991732733452,-1.5666471279812573,0.02469796677423977,-1.5966478172441692,1.13414802111517,121.0847164834004,67.28639589561944
48835,048835,1860.44342061537,1860.44342061537,1931.800446368316,1931.800446368316,2.014037351924079,-0.002481086856738699,-1.5657787946070796,0.024763195053972537,-1.5905180797729668,1.128847994220851,121.0847164834004,67.28639589561944
48839,048839,1846.470459745119,1846.470459745119,1934.237294246353,1934.237294246353,2.053116246097614,0.007127191254660563,-1.5532465545489462,0.04239655825563713,-1.585496144359086,1.126073558516028,121.8482000805993,67.76262613512169
48841,048841,1847.919204237398,1847.919204237398,1921.263788490785,1921.263788490785,2.044438354629837,-0.006856317126254376,-1.56015679837494,0.017928115699436843,-1.539721493933943,1.124371377834915,121.2376221304691,67.59771650670672
48844,048844,1866.254649589019,1866.254649589019,1919.254029415608,1919.254029415608,2.023073685447837,-0.001729120249509546,-1.569392313614426,0.013692241791982286,-1.5651287137304093,1.129930671152837,120.0310462140434,66.95362481129119
48850,048850,1866.254649589019,1866.254649589019,1919.254029415608,1919.254029415608,2.023073685447837,-0.001729120249509546,-1.5676469090071028,0.013673190861190706,-1.5633595192911118,1.129930671152837,120.0310462140434,66.95362481129119
48860,048860,1880.974214387733,1880.974214387733,1915.779220181504,1915.779220181504,1.977851236897697,-0.006727592148754134,-1.5713373051013404,-0.016291966292714507,-1.5688222502099622,1.100166968750412,119.4299449008713,66.58945770112874
48868,048868,1842.404839758716,1842.404839758716,1934.754952608012,1934.754952608012,2.047493806442693,0.01132193851634119,-1.5412444667550063,0.030238908236011552,-1.5662469692397305,1.128173733560131,121.8558717032652,67.74032599935602
48888,048888,1857.479804288565,1857.479804288565,1922.888630990956,1922.888630990956,2.004635553476707,0.005137445956362164,-1.558016415459667,-0.0031506953783180715,-1.5647864995029954,1.146133774946981,120.7571865009013,67.36403230763489
48892,048892,1859.746969636308,1859.746969636308,1914.204755444865,1914.204755444865,2.009231466004983,-0.002970823641278691,-1.5646779031491849,0.02956119474784027,-1.5405950950370737,1.136123277061316,120.581700743319,67.21490441580156
48893,048893,1866.254649589019,1866.254649589019,1919.254029415608,1919.254029415608,2.023073685447837,-0.001729120249509546,-1.569392313614426,0.013692241791982286,-1.5651287137304093,1.129930671152837,120.0310462140434,66.95362481129119
48938,048938,1866.254649589019,1866.254649589019,1919.254029415608,1919.254029415608,2.023073685447837,-0.001729120249509546,-1.569392313614426,0.013692241791982286,-1.5651287137304093,1.129930671152837,120.0310462140434,66.95362481129119
48939,048939,1866.254649589019,1866.254649589019,1919.254029415608,1919.254029415608,2.023073685447837,-0.001729120249509546,-1.5676469090071028,0.013673190861190706,-1.5633595192911118,1.129930671152837,120.0310462140434,66.95362481129119
48951,048951,1863.741408936456,1863.741408936456,1907.013643152467,1907.013643152467,2.00447886760607,-0.01270781496313672,-1.520610887543998,0.0164292314171461,-1.5728052951803733,1.102109518675779,120.9702880538638,67.1682674453265
48968,048968,1866.254649589019,1866.254649589019,1919.254029415608,1919.254029415608,2.023073685447837,-0.001729120249509546,-1.5676469090071028,0.013673190861190706,-1.5633595192911118,1.129930671152837,120.0310462140434,66.95362481129119
48971,048971,1857.479804288565,1857.479804288565,1922.888630990956,1922.888630990956,2.004635553476707,0.005137445956362164,-1.558016415459667,-0.0031506953783180715,-1.5647864995029954,1.146133774946981,120.7571865009013,67.36403230763489
48972,048972,1859.746969636308,1859.746969636308,1914.204755444865,1914.204755444865,2.009231466004983,-0.002970823641278691,-1.5629319833589455,0.02952976018188684,-1.5422887360998494,1.136123277061316,120.581700743319,67.21490441580156
48983,048983,1859.746969636308,1859.746969636308,1914.204755444865,1914.204755444865,2.009231466004983,-0.002970823641278691,-1.5646779031491849,0.02956119474784027,-1.5405950950370737,1.136123277061316,120.581700743319,67.21490441580156
48987,048987,1842.404839758716,1842.404839758716,1934.754952608012,1934.754952608012,2.049676593409205,0.00840991717115261,-1.5282289359939825,0.030133228316926594,-1.5689091484340498,1.12962535674074,121.8558717032652,67.74032599935602
48993,048993,1857.34965296426,1857.34965296426,1917.924623722001,1917.924623722001,2.015306616523902,0.0004902130710700773,-1.5922332470746603,-0.014668153580254308,-1.5759355608146708,1.125060013269004,121.1604837134374,67.28731745081727
48994,048994,1857.479804288565,1857.479804288565,1922.888630990956,1922.888630990956,2.004635553476707,0.005137445956362164,-1.558016415459667,-0.0031506953783180715,-1.5647864995029954,1.146133774946981,120.7571865009013,67.36403230763489
49000,049000,1842.404839758716,1842.404839758716,1934.754952608012,1934.754952608012,2.047493806442693,0.01132193851634119,-1.5412444667550063,0.030238908236011552,-1.5662469692397305,1.128173733560131,121.8558717032652,67.74032599935602
49013,049013,1866.254649589019,1866.254649589019,1919.254029415608,1919.254029415608,2.023073685447837,-0.001729120249509546,-1.569392313614426,0.013692241791982286,-1.5651287137304093,1.129930671152837,120.0310462140434,66.95362481129119
49026,049026,1860.44342061537,1860.44342061537,1931.800446368316,1931.800446368316,2.014037351924079,-0.002481086856738699,-1.5657787946070796,0.024763195053972537,-1.5905180797729668,1.128847994220851,121.0847164834004,67.28639589561944
49043,049043,1866.254649589019,1866.254649589019,1919.254029415608,1919.254029415608,2.022382969590999,-0.003597953696000636,-1.568313227528085,0.014585957332790191,-1.5622404987913345,1.130147879676854,120.0310462140434,66.95362481129119
49062,049062,1842.404839758716,1842.404839758716,1934.754952608012,1934.754952608012,2.047493806442693,0.01132193851634119,-1.5412444667550063,0.030238908236011552,-1.5662469692397305,1.128173733560131,121.8558717032652,67.74032599935602
49069,049069,1857.479804288565,1857.479804288565,1922.888630990956,1922.888630990956,2.004635553476707,0.005137445956362164,-1.558016415459667,-0.0031506953783180715,-1.5647864995029954,1.146133774946981,120.7571865009013,67.36403230763489
49071,049071,1866.254649589019,1866.254649589019,1919.254029415608,1919.254029415608,2.023073685447837,-0.001729120249509546,-1.5676468490155226,0.013682329143988894,-1.5651048237980518,1.129930671152837,120.0310462140434,66.95362481129119
49074,049074,1859.746969636308,1859.746969636308,1914.204755444865,1914.204755444865,2.009231466004983,-0.002970823641278691,-1.5646779031491849,0.02956119474784027,-1.5405950950370737,1.136123277061316,120.581700743319,67.21490441580156
49089,049089,1866.254649589019,1866.254649589019,1919.254029415608,1919.254029415608,2.023073685447837,-0.001729120249509546,-1.5676469090071028,0.013673190861190706,-1.5633595192911118,1.129930671152837,120.0310462140434,66.95362481129119
49095,049095,1866.254649589019,1866.254649589019,1919.254029415608,1919.254029415608,2.023073685447837,-0.001729120249509546,-1.5676469090071028,0.013673190861190706,-1.5633595192911118,1.129930671152837,120.0310462140434,66.95362481129119
49103,049103,1863.741408936456,1863.741408936456,1907.013643152467,1907.013643152467,2.00447886760607,-0.01270781496313672,-1.5188653261385996,0.01643271269900077,-1.5727766151929443,1.102109518675779,120.9702880538638,67.1682674453265
49128,049128,1859.746969636308,1859.746969636308,1914.204755444865,1914.204755444865,2.009231466004983,-0.002970823641278691,-1.56293139392435,0.02955107472663299,-1.5440339176877833,1.136123277061316,120.581700743319,67.21490441580156
49141,049141,1866.254649589019,1866.254649589019,1919.254029415608,1919.254029415608,2.023073685447837,-0.001729120249509546,-1.569392313614426,0.013692241791982286,-1.5651287137304093,1.129930671152837,120.0310462140434,66.95362481129119
49152,049152,1863.741408936456,1863.741408936456,1907.013643152467,1907.013643152467,2.00447886760607,-0.01270781496313672,-1.5188653261385996,0.01643271269900077,-1.5727766151929443,1.102109518675779,120.9702880538638,67.1682674453265
49156,049156,1857.34965296426,1857.34965296426,1917.924623722001,1917.924623722001,2.015306616523902,0.0004902130710700773,-1.5922332470746603,-0.014668153580254308,-1.5759355608146708,1.125060013269004,121.1604837134374,67.28731745081727
49160,049160,1842.404839758716,1842.404839758716,1934.754952608012,1934.754952608012,2.047493806442693,0.01132193851634119,-1.5412444667550063,0.030238908236011552,-1.5662469692397305,1.128173733560131,121.8558717032652,67.74032599935602
49177,049177,1859.746969636308,1859.746969636308,1914.204755444865,1914.204755444865,2.009231466004983,-0.002970823641278691,-1.5646779031491849,0.02956119474784027,-1.5405950950370737,1.136123277061316,120.581700743319,67.21490441580156
49179,049179,1857.479804288565,1857.479804288565,1922.888630990956,1922.888630990956,2.004635553476707,0.005137445956362164,-1.558016415459667,-0.0031506953783180715,-1.5647864995029954,1.146133774946981,120.7571865009013,67.36403230763489
49192,049192,1842.404839758716,1842.404839758716,1934.754952608012,1934.754952608012,2.047493806442693,0.01132193851634119,-1.5412444667550063,0.030238908236011552,-1.5662469692397305,1.128173733560131,121.8558717032652,67.74032599935602
49200,049200,1860.44342061537,1860.44342061537,1931.800446368316,1931.800446368316,2.014037351924079,-0.002481086856738699,-1.5657787946070796,0.024763195053972537,-1.5905180797729668,1.128847994220851,121.0847164834004,67.28639589561944
49202,049202,1847.919204237398,1847.919204237398,1921.263788490785,1921.263788490785,2.044438354629837,-0.006856317126254376,-1.5584125200949863,0.017858638469193496,-1.5379450084759634,1.124371377834915,121.2376221304691,67.59771650670672
49212,049212,1858.597086427252,1858.597086427252,1924.42584741907,1924.42584741907,2.029652670668384,0.006069991084438096,-1.551672000605969,0.04206165324630392,-1.5795655590792688,1.133153905263153,121.4569399168275,67.46593912807965
49215,049215,1857.34965296426,1857.34965296426,1917.924623722001,1917.924623722001,2.015306616523902,0.0004902130710700773,-1.5922332470746603,-0.014668153580254308,-1.5759355608146708,1.125060013269004,121.1604837134374,67.28731745081727
49222,049222,1866.254649589019,1866.254649589019,1919.254029415608,1919.254029415608,2.023073685447837,-0.001729120249509546,-1.5676469090071028,0.013673190861190706,-1.5633595192911118,1.129930671152837,120.0310462140434,66.95362481129119
49232,049232,1863.741408936456,1863.741408936456,1907.013643152467,1907.013643152467,2.00447886760607,-0.01270781496313672,-1.520610887543998,0.0164292314171461,-1.5728052951803733,1.102109518675779,120.9702880538638,67.1682674453265
49251,049251,1863.741408936456,1863.741408936456,1907.013643152467,1907.013643152467,2.00447886760607,-0.01270781496313672,-1.520610887543998,0.0164292314171461,-1.5728052951803733,1.102109518675779,120.9702880538638,67.1682674453265
49259,049259,1842.404839758716,1842.404839758716,1934.754952608012,1934.754952608012,2.047493806442693,0.01132193851634119,-1.5412444667550063,0.030238908236011552,-1.5662469692397305,1.128173733560131,121.8558717032652,67.74032599935602
49280,049280,1863.741408936456,1863.741408936456,1907.013643152467,1907.013643152467,2.00447886760607,-0.01270781496313672,-1.520610887543998,0.0164292314171461,-1.5728052951803733,1.102109518675779,120.9702880538638,67.1682674453265
49281,049281,1859.746969636308,1859.746969636308,1914.204755444865,1914.204755444865,2.009231466004983,-0.002970823641278691,-1.5629319833589455,0.02952976018188684,-1.5422887360998494,1.136123277061316,120.581700743319,67.21490441580156
49290,049290,1866.254649589019,1866.254649589019,1919.254029415608,1919.254029415608,2.023073685447837,-0.001729120249509546,-1.5676469090071028,0.013673190861190706,-1.5633595192911118,1.129930671152837,120.0310462140434,66.95362481129119
49292,049292,1857.479804288565,1857.479804288565,1922.888630990956,1922.888630990956,2.004635553476707,0.005137445956362164,-1.558016415459667,-0.0031506953783180715,-1.5647864995029954,1.146133774946981,120.7571865009013,67.36403230763489
49299,049299,1866.254649589019,1866.254649589019,1919.254029415608,1919.254029415608,2.023073685447837,-0.001729120249509546,-1.569392313614426,0.013692241791982286,-1.5651287137304093,1.129930671152837,120.0310462140434,66.95362481129119
49332,049332,1842.404839758716,1842.404839758716,1934.754952608012,1934.754952608012,2.049676593409205,0.00840991717115261,-1.5282289359939825,0.030133228316926594,-1.5689091484340498,1.12962535674074,121.8558717032652,67.74032599935602
49344,049344,1842.404839758716,1842.404839758716,1934.754952608012,1934.754952608012,2.047493806442693,0.01132193851634119,-1.5412444667550063,0.030238908236011552,-1.5662469692397305,1.128173733560131,121.8558717032652,67.74032599935602
49349,049349,1866.254649589019,1866.254649589019,1919.254029415608,1919.254029415608,2.023073685447837,-0.001729120249509546,-1.5676469090071028,0.013673190861190706,-1.5633595192911118,1.129930671152837,120.0310462140434,66.95362481129119
49355,049355,1846.470459745119,1846.470459745119,1934.237294246353,1934.237294246353,2.053116246097614,0.007127191254660563,-1.5532465545489462,0.04239655825563713,-1.585496144359086,1.126073558516028,121.8482000805993,67.76262613512169
49357,049357,1860.44342061537,1860.44342061537,1931.800446368316,1931.800446368316,2.014037351924079,-0.002481086856738699,-1.5657787946070796,0.024763195053972537,-1.5905180797729668,1.128847994220851,121.0847164834004,67.28639589561944
49374,049374,1859.746969636308,1859.746969636308,1914.204755444865,1914.204755444865,2.009231466004983,-0.002970823641278691,-1.5629319833589455,0.02952976018188684,-1.5422887360998494,1.136123277061316,120.581700743319,67.21490441580156
49375,049375,1847.919204237398,1847.919204237398,1921.263788490785,1921.263788490785,2.044438354629837,-0.006856317126254376,-1.56015679837494,0.017928115699436843,-1.539721493933943,1.124371377834915,121.2376221304691,67.59771650670672
49385,049385,1863.741408936456,1863.741408936456,1907.013643152467,1907.013643152467,2.00447886760607,-0.01270781496313672,-1.5188653261385996,0.01643271269900077,-1.5727766151929443,1.102109518675779,120.9702880538638,67.1682674453265
49395,049395,1857.479804288565,1857.479804288565,1922.888630990956,1922.888630990956,2.004635553476707,0.005137445956362164,-1.558016415459667,-0.0031506953783180715,-1.5647864995029954,1.146133774946981,120.7571865009013,67.36403230763489
49396,049396,1859.746969636308,1859.746969636308,1914.204755444865,1914.204755444865,2.009231466004983,-0.002970823641278691,-1.5629319833589455,0.02952976018188684,-1.5422887360998494,1.136123277061316,120.581700743319,67.21490441580156
49410,049410,1857.34965296426,1857.34965296426,1917.924623722001,1917.924623722001,2.015306616523902,0.0004902130710700773,-1.5922332470746603,-0.014668153580254308,-1.5759355608146708,1.125060013269004,121.1604837134374,67.28731745081727
49416,049416,1863.741408936456,1863.741408936456,1907.013643152467,1907.013643152467,2.005329759075146,-0.003650044106571175,-1.5887481941415185,-0.014653253011738941,-1.5777014108444942,1.11944171485232,120.9702880538638,67.1682674453265
49421,049421,1847.919204237398,1847.919204237398,1921.263788490785,1921.263788490785,2.044438354629837,-0.006856317126254376,-1.5601557581409167,0.017964654651584994,-1.5449573354257424,1.124371377834915,121.2376221304691,67.59771650670672
49456,049456,1866.254649589019,1866.254649589019,1919.254029415608,1919.254029415608,2.023073685447837,-0.001729120249509546,-1.5676469090071028,0.013673190861190706,-1.5633595192911118,1.129930671152837,120.0310462140434,66.95362481129119
49459,049459,1863.741408936456,1863.741408936456,1907.013643152467,1907.013643152467,2.00447886760607,-0.01270781496313672,-1.5188653261385996,0.01643271269900077,-1.5727766151929443,1.102109518675779,120.9702880538638,67.1682674453265
49464,049464,1866.254649589019,1866.254649589019,1919.254029415608,1919.254029415608,2.023073685447837,-0.001729120249509546,-1.5676469090071028,0.013673190861190706,-1.5633595192911118,1.129930671152837,120.0310462140434,66.95362481129119
49472,049472,1863.741408936456,1863.741408936456,1907.013643152467,1907.013643152467,2.00447886760607,-0.01270781496313672,-1.5188653261385996,0.01643271269900077,-1.5727766151929443,1.102109518675779,120.9702880538638,67.1682674453265
49480,049480,1880.974214387733,1880.974214387733,1915.779220181504,1915.779220181504,1.977851236897697,-0.006727592148754134,-1.569591747497633,-0.01629538688615913,-1.5688506905097992,1.100166968750412,119.4299449008713,66.58945770112874
49499,049499,1842.404839758716,1842.404839758716,1934.754952608012,1934.754952608012,2.047493806442693,0.01132193851634119,-1.5412444667550063,0.030238908236011552,-1.5662469692397305,1.128173733560131,121.8558717032652,67.74032599935602
49505,049505,1856.671448728588,1856.671448728588,1915.746331262402,1915.746331262402,2.042682478971495,-0.005963654315013744,-1.566544724321583,-0.013134094355039365,-1.570629569670013,1.091214386508083,120.6802679025302,67.34400949340869
49507,049507,1866.254649589019,1866.254649589019,1919.254029415608,1919.254029415608,2.022382969590999,-0.003597953696000636,-1.5700586556197347,0.014603913747234055,-1.5640112962393267,1.130147879676854,120.0310462140434,66.95362481129119
49508,049508,1851.83618357446,1851.83618357446,1915.259734665388,1915.259734665388,2.0339196102626,-0.005694530419066602,-1.5633867713774594,0.027318665851437763,-1.5421717586459984,1.130775474183994,121.1021209397552,67.48494915545704
49511,049511,1857.34965296426,1857.34965296426,1917.924623722001,1917.924623722001,2.015306616523902,0.0004902130710700773,-1.5992152520022311,-0.014697582001379522,-1.57408770834131,1.125060013269004,121.1604837134374,67.28731745081727
49529,049529,1859.746969636308,1859.746969636308,1914.204755444865,1914.204755444865,2.009231466004983,-0.002970823641278691,-1.5629326100062055,0.029508446697819848,-1.5405435555976825,1.136123277061316,120.581700743319,67.21490441580156
49539,049539,1866.254649589019,1866.254649589019,1919.254029415608,1919.254029415608,2.023073685447837,-0.001729120249509546,-1.5676469090071028,0.013673190861190706,-1.5633595192911118,1.129930671152837,120.0310462140434,66.95362481129119
49541,049541,1863.334264630649,1863.334264630649,1907.62696303471,1907.62696303471,2.015970272322051,0.008957195838649488,-1.5225925316185862,0.015377765957622191,-1.5681989866297787,1.131092790341723,121.100845132532,67.24295811544353
49542,049542,1863.741408936456,1863.741408936456,1907.013643152467,1907.013643152467,2.005329759075146,-0.003650044106571175,-1.5887481757638633,-0.014656299128578557,-1.575956084520097,1.11944171485232,120.9702880538638,67.1682674453265
49564,049564,1866.254649589019,1866.254649589019,1919.254029415608,1919.254029415608,2.023073685447837,-0.001729120249509546,-1.569392313614426,0.013692241791982286,-1.5651287137304093,1.129930671152837,120.0310462140434,66.95362481129119
49575,049575,1880.974214387733,1880.974214387733,1915.779220181504,1915.779220181504,1.977851236897697,-0.006727592148754134,-1.569591747497633,-0.01629538688615913,-1.5688506905097992,1.100166968750412,119.4299449008713,66.58945770112874
49591,049591,1857.479804288565,1857.479804288565,1922.888630990956,1922.888630990956,2.004635553476707,0.005137445956362164,-1.558016415459667,-0.0031506953783180715,-1.5647864995029954,1.146133774946981,120.7571865009013,67.36403230763489
49595,049595,1847.919204237398,1847.919204237398,1921.263788490785,1921.263788490785,2.044438354629837,-0.006856317126254376,-1.56190282940682,0.01794578342158031,-1.5327716213215807,1.124371377834915,121.2376221304691,67.59771650670672
49599,049599,1863.741408936456,1863.741408936456,1907.013643152467,1907.013643152467,2.005329759075146,-0.003650044106571175,-1.5887481757638633,-0.014656299128578557,-1.575956084520097,1.11944171485232,120.9702880538638,67.1682674453265
49605,049605,1863.741408936456,1863.741408936456,1907.013643152467,1907.013643152467,2.005329759075146,-0.003650044106571175,-1.5887481757638633,-0.014656299128578557,-1.575956084520097,1.11944171485232,120.9702880538638,67.1682674453265
49648,049648,1857.34965296426,1857.34965296426,1917.924623722001,1917.924623722001,2.015306616523902,0.0004902130710700773,-1.5922332470746603,-0.014668153580254308,-1.5759355608146708,1.125060013269004,121.1604837134374,67.28731745081727
49658,049658,1880.974214387733,1880.974214387733,1915.779220181504,1915.779220181504,1.977851236897697,-0.006727592148754134,-1.5695917278837737,-0.016277110187861606,-1.570595924383754,1.100166968750412,119.4299449008713,66.58945770112874
49667,049667,1857.479804288565,1857.479804288565,1922.888630990956,1922.888630990956,2.004635553476707,0.005137445956362164,-1.558016415459667,-0.0031506953783180715,-1.5647864995029954,1.146133774946981,120.7571865009013,67.36403230763489
49673,049673,1863.741408936456,1863.741408936456,1907.013643152467,1907.013643152467,2.005329759075146,-0.003650044106571175,-1.5887481757638633,-0.014656299128578557,-1.575956084520097,1.11944171485232,120.9702880538638,67.1682674453265
49686,049686,1859.746969636308,1859.746969636308,1914.204755444865,1914.204755444865,2.009231466004983,-0.002970823641278691,-1.5646779031491849,0.02956119474784027,-1.5405950950370737,1.136123277061316,120.581700743319,67.21490441580156
49701,049701,1863.741408936456,1863.741408936456,1907.013643152467,1907.013643152467,2.005329759075146,-0.003650044106571175,-1.5887481941415185,-0.014653253011738941,-1.5777014108444942,1.11944171485232,120.9702880538638,67.1682674453265
49708,049708,1880.974214387733,1880.974214387733,1915.779220181504,1915.779220181504,1.977851236897697,-0.006727592148754134,-1.5713373051013404,-0.016291966292714507,-1.5688222502099622,1.100166968750412,119.4299449008713,66.58945770112874
49710,049710,1857.479804288565,1857.479804288565,1922.888630990956,1922.888630990956,2.004635553476707,0.005137445956362164,-1.5510357394219714,-0.003256540141911394,-1.5595730426885313,1.146133774946981,120.7571865009013,67.36403230763489
49723,049723,1866.254649589019,1866.254649589019,1919.254029415608,1919.254029415608,2.023073685447837,-0.001729120249509546,-1.569392313614426,0.013692241791982286,-1.5651287137304093,1.129930671152837,120.0310462140434,66.95362481129119
49724,049724,1863.741408936456,1863.741408936456,1907.013643152467,1907.013643152467,2.005329759075146,-0.003650044106571175,-1.5887481757638633,-0.014656299128578557,-1.575956084520097,1.11944171485232,120.9702880538638,67.1682674453265
49737,049737,1866.254649589019,1866.254649589019,1919.254029415608,1919.254029415608,2.023073685447837,-0.001729120249509546,-1.569392313614426,0.013692241791982286,-1.5651287137304093,1.129930671152837,120.0310462140434,66.95362481129119
49742,049742,1866.254649589019,1866.254649589019,1919.254029415608,1919.254029415608,2.023073685447837,-0.001729120249509546,-1.5676469090071028,0.013673190861190706,-1.5633595192911118,1.129930671152837,120.0310462140434,66.95362481129119
49784,049784,1863.741408936456,1863.741408936456,1907.013643152467,1907.013643152467,2.00447886760607,-0.01270781496313672,-1.5188653261385996,0.01643271269900077,-1.5727766151929443,1.102109518675779,120.9702880538638,67.1682674453265
49793,049793,1857.34965296426,1857.34965296426,1917.924623722001,1917.924623722001,2.015306616523902,0.0004902130710700773,-1.5922332470746603,-0.014668153580254308,-1.5759355608146708,1.125060013269004,121.1604837134374,67.28731745081727
49811,049811,1842.404839758716,1842.404839758716,1934.754952608012,1934.754952608012,2.049676593409205,0.00840991717115261,-1.5282289359939825,0.030133228316926594,-1.5689091484340498,1.12962535674074,121.8558717032652,67.74032599935602
49836,049836,1842.404839758716,1842.404839758716,1934.754952608012,1934.754952608012,2.047493806442693,0.01132193851634119,-1.5412444667550063,0.030238908236011552,-1.5662469692397305,1.128173733560131,121.8558717032652,67.74032599935602
49851,049851,1846.470459745119,1846.470459745119,1934.237294246353,1934.237294246353,2.053116246097614,0.007127191254660563,-1.5532465545489462,0.04239655825563713,-1.585496144359086,1.126073558516028,121.8482000805993,67.76262613512169
49864,049864,1857.479804288565,1857.479804288565,1922.888630990956,1922.888630990956,2.004635553476707,0.005137445956362164,-1.558016415459667,-0.0031506953783180715,-1.5647864995029954,1.146133774946981,120.7571865009013,67.36403230763489
49866,049866,1847.919204237398,1847.919204237398,1921.263788490785,1921.263788490785,2.044438354629837,-0.006856317126254376,-1.560158957252722,0.017867231154737557,-1.5309950989703125,1.124371377834915,121.2376221304691,67.59771650670672
49884,049884,1880.974214387733,1880.974214387733,1915.779220181504,1915.779220181504,1.977851236897697,-0.006727592148754134,-1.5713373051013404,-0.016291966292714507,-1.5688222502099622,1.100166968750412,119.4299449008713,66.58945770112874
49887,049887,1863.741408936456,1863.741408936456,1907.013643152467,1907.013643152467,2.00447886760607,-0.01270781496313672,-1.520610887543998,0.0164292314171461,-1.5728052951803733,1.102109518675779,120.9702880538638,67.1682674453265
49902,049902,1863.741408936456,1863.741408936456,1907.013643152467,1907.013643152467,2.005329759075146,-0.003650044106571175,-1.5887481941415185,-0.014653253011738941,-1.5777014108444942,1.11944171485232,120.9702880538638,67.1682674453265
49940,049940,1859.746969636308,1859.746969636308,1914.204755444865,1914.204755444865,2.009231466004983,-0.002970823641278691,-1.5629319833589455,0.02952976018188684,-1.5422887360998494,1.136123277061316,120.581700743319,67.21490441580156
49955,049955,1842.404839758716,1842.404839758716,1934.754952608012,1934.754952608012,2.047493806442693,0.01132193851634119,-1.5412444667550063,0.030238908236011552,-1.5662469692397305,1.128173733560131,121.8558717032652,67.74032599935602
49958,049958,1866.254649589019,1866.254649589019,1919.254029415608,1919.254029415608,2.023073685447837,-0.001729120249509546,-1.5676469090071028,0.013673190861190706,-1.5633595192911118,1.129930671152837,120.0310462140434,66.95362481129119
49960,049960,1866.254649589019,1866.254649589019,1919.254029415608,1919.254029415608,2.023073685447837,-0.001729120249509546,-1.5676469090071028,0.013673190861190706,-1.5633595192911118,1.129930671152837,120.0310462140434,66.95362481129119
49990,049990,1842.404839758716,1842.404839758716,1934.754952608012,1934.754952608012,2.047493806442693,0.01132193851634119,-1.5412444667550063,0.030238908236011552,-1.5662469692397305,1.128173733560131,121.8558717032652,67.74032599935602
49991,049991,1866.254649589019,1866.254649589019,1919.254029415608,1919.254029415608,2.023073685447837,-0.001729120249509546,-1.5676469090071028,0.013673190861190706,-1.5633595192911118,1.129930671152837,120.0310462140434,66.95362481129119
